User	DL	UD	PT	UP	PM	BL	UB	BM	UR	RM	Total
(aeropagitica)	11928	38	50	2	0	1733	42	0	0	0	13793
172	16	0	23	7	0	52	40	0	0	0	138
17Drew	317	1	2	0	0	37	1	0	0	0	358
23skidoo	537	8	31	6	0	131	13	0	0	0	726
52 Pickup	99	3	6	1	0	73	6	0	0	0	188
@pple	525	51	4	1	0	66	9	0	0	0	656
A Man In Black	3018	57	164	24	1	173	33	0	0	0	3470
A Train	237	6	19	4	0	51	2	2	0	0	321
A. B.	84	498	88	2	3	206	31	4	0	0	916
AA	492	5	2	1	0	10	2	0	0	0	512
ABCD	3133	29	432	27	0	61	41	0	0	2	3725
AGK	1609	116	238	58	51	552	79	0	0	60	2763
AKeen	7	3	2	0	0	0	0	0	0	0	12
AQu01rius	298	2	12	5	0	41	0	0	0	0	358
AZT2008	0	0	1	0	0	0	0	0	0	0	1
Aarktica	207	2	1	0	0	2	1	0	0	0	213
Aaron Brenneman	1025	25	41	81	1	136	13	0	0	0	1322
Academic Challenger	19658	36	182	34	0	2514	19	4	0	0	22447
Acalamari	5456	69	2803	71	161	1112	108	8	0	563	10351
Accounting4Taste	17977	42	232	12	1	73	0	0	0	2	18339
Acetic Acid	65	3	7	2	0	66	9	0	0	0	152
Acropolis now	0	0	3	0	0	0	0	0	0	0	3
Acroterion	16432	36	323	9	11	1600	42	25	0	2	18480
Adam Bishop	3630	16	43	10	1	121	22	0	0	1	3844
Adambiswanger1	75	0	15	4	0	48	1	0	0	0	143
Adambro	1476	11	27	1	3	136	6	1	0	3	1664
Adashiel	362	51	51	33	1	369	29	0	0	0	896
Addshore	523	5	3	0	2	166	7	3	0	5	714
Admiral Norton	322	3	3	0	0	6	0	0	0	2	336
Admrboltz	2711	1	26	15	0	29	8	0	0	2	2792
Aecis	3805	39	91	5	0	163	3	0	0	0	4106
Aervanath	773	92	25	4	5	40	9	2	0	0	950
After Midnight	31698	186	32	6	0	57	6	0	0	0	31985
Agathoclea	1080	35	51	5	4	165	15	1	0	1	1357
Ahoerstemeier	13540	107	43	5	1	1982	11	0	0	0	15689
Ais523	299	16	16	3	0	8	6	0	0	0	348
Aitias	3189	57	197	14	279	1132	68	38	0	71	5045
Akhilleus	856	4	39	3	3	416	29	0	0	0	1350
Akradecki	5063	51	167	3	3	302	22	31	0	0	5642
Aksi great	1926	12	26	8	1	591	30	0	0	0	2594
Al Ameer son	5	1	2	2	0	0	0	0	0	0	10
Alai	1391	17	10	3	0	42	3	0	0	0	1466
AlainV	1	0	0	0	0	0	0	0	0	0	1
Alasdair	533	3	11	1	0	221	11	0	0	0	780
Aldux	106	1	170	35	0	201	18	0	0	0	531
Ale jrb	466	1	0	0	0	104	1	0	0	0	572
Aleta	818	8	13	2	1	57	3	0	0	1	903
Alex Bakharev	1714	141	459	43	37	1725	177	5	0	0	4301
Alex S	34	4	0	0	0	0	0	0	0	0	38
Alex.muller	546	22	21	1	1	304	15	0	0	11	921
Alex756	2	0	0	0	0	0	0	0	0	0	2
Alexf	10253	76	246	10	39	3671	35	6	0	0	14336
Alhutch	621	3	15	6	0	175	9	0	0	0	829
Alison	2346	122	1067	199	108	4731	334	13	0	58	8978
AlisonW	468	11	54	3	1	120	10	0	0	0	667
AlistairMcMillan	195	13	12	1	0	55	3	0	0	0	279
AliveFreeHappy	190	1	2	0	0	2	0	0	0	0	195
Alkivar	2396	136	252	27	9	470	41	0	0	0	3331
Allen3	9849	44	138	46	9	129	5	0	0	0	10220
AllyUnion	1913	26	96	11	0	38	11	0	0	0	2095
Alphachimp	6533	108	291	146	1	3915	117	0	0	0	11111
Alteripse	2	0	2	1	0	13	1	0	0	0	19
Alvestrand	436	29	1	2	0	47	4	0	0	0	519
Amalas	1220	2	4	52	0	0	0	0	0	0	1278
Amalthea	372	20	14	4	1	13	0	0	0	1	425
Amberrock	543	7	19	3	0	115	9	0	0	0	696
Amcaja	54	3	0	1	0	58	2	0	0	0	118
Ameliorate!	317	3	46	3	2	120	8	0	0	0	499
AmiDaniel	2801	138	165	44	2	747	125	0	0	1	4023
Amire80	268	38	5	2	1	30	4	0	0	1	349
Amophar	0	0	1	0	0	0	0	0	0	0	1
Ams80	12	0	0	0	0	0	0	0	0	0	12
Anas Salloum	665	5	1	0	0	351	2	0	0	0	1024
Ancheta Wis	15	2	1	0	0	5	0	0	0	0	23
AndonicO	370	28	290	30	45	1347	51	0	0	0	2161
Andre Engels	2	0	0	0	0	1	0	0	0	0	3
Andres	3	0	1	0	0	0	0	0	0	0	4
Andrevan	656	87	20	11	0	84	28	0	1186	26	2098
Andrew Levine	718	13	19	2	0	33	6	0	0	0	791
Andrew Norman	48	1	25	2	0	75	7	0	0	0	158
Andrew Yong	16	1	0	0	0	0	0	0	0	0	17
Andrew c	1264	42	29	2	1	112	7	1	0	0	1458
Andrewa	85	5	0	0	0	0	0	0	0	0	90
Andris	17	0	0	0	0	0	0	0	0	0	17
Android79	3349	27	56	13	0	260	29	0	0	0	3734
Andrwsc	6989	85	54	53	7	88	1	0	0	0	7277
AndyZ	911	12	0	0	0	113	4	0	0	0	1040
AnemoneProjectors	400	57	72	42	0	102	1	0	0	0	674
Anetode	9034	302	243	13	6	1219	57	0	0	8	10882
AngelOfSadness	949	2	44	2	5	122	13	0	0	0	1137
Angela	2301	43	5	2	0	59	30	0	144	6	2590
Angelo.romano	833	114	96	14	2	71	2	0	0	0	1132
Angr	34193	203	195	52	20	743	29	1	0	0	35436
Angusmclellan	13740	131	11	2	1	60	6	0	0	17	13968
AniMate	95	3	3	2	0	24	1	2	0	1	131
Animum	1850	227	206	29	49	1608	254	0	0	26	4249
AnonEMouse	146	23	30	4	2	122	9	0	0	0	336
Anonymous Dissident	1107	17	363	31	54	479	11	1	0	5	2068
Anonymous editor	481	1	57	16	0	431	32	0	0	0	1018
Antandrus	7343	26	407	56	24	5232	354	27	0	1	13470
Anthere	38	1	4	4	0	4	1	0	0	2	54
Anthony Appleyard	21088	2287	41	3	9	1	0	0	0	0	23429
Anthony.bradbury	10986	60	48	2	1	1443	31	16	0	0	12587
AntiAbuseBot	43	0	0	0	40	778	1	15	0	0	877
AntonioMartin	9	3	5	3	0	4	18	0	0	0	42
Apokryltaros	0	0	1	0	0	0	0	0	0	0	1
Appraiser	323	6	5	0	0	1	0	0	0	0	335
Aqwis	107	6	22	4	5	38	1	0	0	2	185
Aranel	1087	18	13	0	0	24	3	0	0	0	1145
Arcadian	180	16	29	1	0	74	4	0	0	0	304
Archtransit	5	2	13	2	1	17	15	0	0	0	55
Arctic.gnome	201	5	18	2	1	25	1	0	0	1	254
Aris Katsaris	6	0	1	0	0	0	0	0	0	0	7
Arjun01	517	5	116	23	0	375	14	0	0	0	1050
Arminius	130	1	7	3	0	14	2	0	0	0	157
ArnoldReinhold	220	2	3	1	2	2	1	0	0	0	231
Art LaPella	19	0	0	0	0	0	0	0	0	0	19
Arthur Rubin	424	38	35	5	4	311	42	5	0	1	865
Aruk Besadii Aora	0	0	2	0	0	0	0	0	0	0	2
Arvindn	13	0	1	1	0	0	0	0	0	0	15
Arwel Parry	148	8	39	8	0	634	38	0	0	0	875
Asbestos	72	2	0	0	0	25	3	0	0	0	102
Asterion	95	7	69	8	3	121	15	0	0	0	318
AstroNomer	0	0	0	0	0	1	0	0	0	0	1
Athaenara	14153	104	11	2	1	26	4	0	0	0	14301
Atlant	92	1	11	0	0	572	20	2	0	0	698
AuburnPilot	2697	219	489	67	46	1044	123	2	0	15	4702
Audacity	20	2	1	1	0	1	1	0	0	0	26
Aude	1171	39	47	11	5	513	17	0	0	2	1805
Ausir	23	2	0	0	0	1	0	0	0	0	26
Avraham	1113	135	157	31	13	736	95	11	0	43	2334
Awiseman	19	1	14	0	0	9	0	0	0	0	43
Awolf002	13	0	0	0	0	2	0	0	0	0	15
AxelBoldt	39	6	8	1	0	0	0	0	0	0	54
AzaToth	1637	118	118	38	30	149	19	0	0	6	2115
B	13000	188	288	28	25	802	99	5	0	10	14445
BD2412	2042	911	45	12	1	207	23	0	0	0	3241
Babajobu	297	2	1	1	0	19	3	0	0	0	323
Baboon Faceless	0	0	2	0	0	0	0	0	0	0	2
Banes	62	7	2	0	0	158	2	0	0	0	231
Banno	10	5	9	2	0	50	2	0	0	0	78
BanyanTree	1812	61	202	245	3	392	11	0	0	0	2726
Barneca	1231	47	110	11	14	1013	46	19	0	1	2492
Barneca sock 1	0	0	1	0	0	0	0	0	0	0	1
BaronLarf	180	18	4	1	0	97	1	0	0	0	301
Bastique	351	92	47	8	4	121	50	0	3	1	677
Bazonka	0	0	1	0	0	0	0	0	0	0	1
Bbatsell	387	8	18	2	0	349	17	0	0	0	781
Bcorr	129	6	8	1	0	67	10	0	2	1	224
Bdesham	25	0	3	0	0	0	0	0	0	0	28
Bduke	221	17	17	7	2	22	0	0	0	0	286
Bearcat	3082	180	66	6	2	73	8	2	0	0	3419
Bearian	563	14	128	4	1	622	31	1	0	1	1365
Bedford	9	3	50	0	4	5	2	0	0	0	73
Beetstra	502	17	89	18	6	351	26	3	0	1	1013
Bel123456	0	0	1	0	0	0	0	0	0	0	1
Beland	190	0	13	12	1	10	0	0	0	0	226
Ben MacDui	206	1	1	0	0	7	0	0	0	0	215
Ben W Bell	904	7	48	6	6	330	11	2	0	0	1314
Bencherlite	3267	53	151	4	12	473	7	3	0	6	3976
Berig	19	0	2	0	2	9	0	0	0	1	33
Betacommand	7463	46	76	379	0	3297	120	0	0	0	11381
Bettia	59	1	0	0	0	2	1	1	0	0	64
Bhadani	1288	7	93	19	1	478	10	0	0	0	1896
Bibliomaniac15	3816	23	216	31	17	1309	21	4	540	30	6007
BigHaz	3152	2	8	6	0	33	2	0	0	0	3203
BigrTex	960	10	2	0	0	1	0	0	0	0	973
Bigtimepeace	217	2	2	1	0	36	3	0	0	0	261
Bill	0	0	1	0	0	0	0	0	0	0	1
BillyH	47	2	0	1	0	1	0	0	0	0	51
BirgitteSB	76	3	0	0	0	1	0	0	0	0	80
Bishonen	573	74	196	46	7	566	207	1	0	0	1670
Bishzilla	53	11	16	2	2	24	6	0	0	5	119
Bjarki S	91	0	2	1	0	41	4	0	0	0	139
Bjelleklang	640	7	4	0	3	8	2	0	0	0	664
Bjweeks	2810	39	67	34	21	355	18	11	0	6	3361
Bkell	969	9	0	0	0	1	0	0	0	0	979
Bkonrad	596	83	2	0	0	135	2	0	0	0	818
Black Falcon	3750	59	3	1	0	26	1	0	0	0	3840
Black Kite	3889	105	302	40	41	1063	83	18	0	11	5552
Blankfaze	386	1	3	2	0	7	1	0	0	0	400
Blood Red Sandman	608	4	5	0	0	232	9	0	0	1	859
Blubberboy92	0	0	1	0	0	0	0	0	0	0	1
Blueboy96	934	16	167	5	26	1831	119	15	0	0	3113
Bluemoose	10610	47	27	10	0	93	18	0	0	0	10805
Bmicomp	404	2	6	4	0	38	11	0	0	0	465
Bobak	216	11	107	6	4	635	10	3	0	0	992
Bobet	4949	181	55	18	1	223	10	0	0	0	5437
Bobo192	4928	3	2	3	0	2	0	0	0	0	4938
Bogdangiusca	3126	63	27	10	1	106	13	0	0	0	3346
Bongwarrior	7154	53	384	6	78	2729	32	38	0	2	10476
Bonkers Bobcat	0	0	1	0	0	0	0	0	0	0	1
Bookofjude	650	27	29	5	0	85	9	0	0	0	805
Bopped Kia	0	0	1	0	0	0	0	0	0	0	1
BorgHunter	579	25	54	19	1	115	28	0	0	0	821
BorgQueen	3756	25	853	105	25	3250	165	13	0	0	8192
Borisblue	248	1	14	39	0	92	8	0	0	0	402
Bovlb	23	2	14	1	0	28	2	0	0	0	70
BozMo	283	5	12	3	0	111	11	0	0	0	425
BradBeattie	294	0	6	0	0	118	3	0	0	0	421
BradPatrick	17	0	4	0	0	5	0	0	0	0	26
Bradeos Graphon	4877	19	65	19	3	1211	79	0	0	0	6273
Bratsche	568	16	18	46	0	145	19	0	0	0	812
Brendanconway	955	23	26	8	0	87	14	0	0	0	1113
BrendelSignature	3	0	74	5	4	105	8	0	0	0	199
Brian	6	2	3	0	1	2	1	0	0	0	15
Brian Kendig	26	1	5	6	0	2	0	0	0	0	40
Brian0918	931	79	258	47	4	2140	109	0	0	0	3568
Brianga	1952	9	1	1	1	352	7	5	0	0	2328
Briangotts	137	7	1	0	0	7	0	0	0	0	152
Brighterorange	180	11	1	0	0	21	1	0	0	0	214
Brion VIBBER	190	9	12	0	1	27	11	0	0	4	254
Brockert	189	51	3	3	0	31	30	0	0	0	307
BrokenSegue	1363	11	62	67	0	153	40	0	0	0	1696
Brookie	3977	53	212	3	0	229	4	0	0	0	4478
BrownHairedGirl	760	111	138	5	9	124	14	0	0	0	1161
Bryan Derksen	828	323	5	7	0	10	0	0	0	2	1175
Bubba hotep	1050	47	24	0	0	328	10	2	0	0	1461
Buchanan-Hermit	514	18	28	6	0	452	20	0	0	0	1038
Bucketsofg	642	22	66	6	0	224	8	0	0	0	968
Buckshot06	139	2	1	0	0	2	0	1	0	0	145
Bumm13	838	37	6	1	0	31	4	0	0	5	922
Bunchofgrapes	738	10	62	44	0	203	37	0	0	0	1094
Burgundavia	1105	0	4	0	0	1	0	0	0	0	1110
Burstorder	0	0	2	0	0	0	0	0	0	0	2
Butseriouslyfolks	5143	83	36	3	1	137	15	0	0	0	5418
C-3PO	0	0	3	0	0	0	0	0	0	0	3
C.Fred	6006	43	179	5	4	1424	27	1	0	0	7689
C12H22O11	1351	5	49	8	0	47	7	0	0	0	1467
CALR	29	0	0	0	0	1	0	0	0	0	30
CAT:TEMP deletion bot	2120	0	0	0	0	0	0	0	0	0	2120
CBDunkerson	3497	63	683	49	0	30	22	0	0	1	4345
CBM	4271	111	233	96	22	56	17	0	0	3	4809
CIreland	916	30	162	12	23	325	16	2	0	0	1486
CJ	1927	79	112	22	3	277	18	0	0	1	2439
CJCurrie	388	19	124	8	1	117	13	0	0	0	670
CJLL Wright	1763	29	57	3	6	215	3	0	0	0	2076
CLW	13900	54	3	0	0	26	0	0	0	0	13983
CMBJ	0	0	1	0	0	0	0	0	0	0	1
COGDEN	53	14	2	0	0	3	0	0	0	0	72
CRGreathouse	1	0	0	0	0	1	1	1	0	0	4
CSTAR	58	4	6	3	0	93	3	0	0	0	167
CYD	1	0	1	0	0	0	0	0	0	0	2
Cactus.man	592	16	61	34	0	178	10	0	0	0	891
Cacycle	167	11	24	2	1	11	0	0	0	1	217
Cailil	116	3	33	0	2	48	12	0	0	0	214
Caknuck	1943	8	184	30	32	706	11	6	0	0	2920
Calliopejen1	2314	77	11	2	0	4	0	0	0	0	2408
Caltrop	57	22	0	0	0	6	3	0	0	0	88
Camaron	548	181	206	33	63	246	26	8	0	13	1324
CambridgeBayWeather	13537	220	186	18	6	934	21	0	0	0	14922
Camembert	11	2	0	1	0	0	0	0	0	0	14
Camw	53	1	0	0	0	114	0	6	0	0	174
Can't sleep, clown will eat me	9514	230	3000	125	133	32088	586	0	0	0	45676
Canadian Paul	891	26	11	5	0	20	2	0	0	0	955
Canadian-Bacon	426	2	16	3	0	232	5	0	0	0	684
CanadianCaesar	3505	62	53	14	0	1084	85	0	0	0	4803
Canderson7	1183	11	18	13	1	220	2	0	0	0	1448
Canley	637	6	0	1	0	3	0	0	0	0	647
Cantthinkofagoodname	2	0	0	0	0	2	0	0	0	0	4
CapitalR	61	1	3	5	0	47	1	0	0	1	119
Capitalistroadster	620	1	3	0	0	23	3	0	0	0	650
Carabinieri	401	7	4	3	0	2	0	0	0	0	417
Carbonite	188	3	28	10	0	226	22	0	0	0	477
Carcharoth	30	74	2	1	0	1	2	0	0	0	110
Caribbean H.Q.	320	11	50	10	6	221	18	0	0	0	636
Carioca	1873	7	4	1	0	9	0	0	0	0	1894
Carlosguitar	2924	20	30	1	3	166	11	0	0	0	3155
Carlossuarez46	10081	121	25	2	0	58	5	0	0	0	10292
Carnildo	2354	59	84	17	0	56	20	0	0	3	2593
Cary Bass	1	2	5	1	1	1	2	0	2	0	15
Casliber	59	39	107	4	11	103	3	0	0	2	328
Catbar	28	0	2	1	0	11	0	0	0	0	42
CatherineMunro	69	13	0	0	0	3	3	0	0	0	88
CattleGirl	908	12	19	3	1	42	7	0	0	0	992
Caulde	2522	84	423	28	54	892	36	0	0	78	4117
Cbl62	6	0	0	0	0	0	0	0	0	0	6
Cbrown1023	3423	75	399	71	7	205	32	0	0	8	4220
Cburnett	48	18	6	2	0	14	5	0	0	0	93
Cdc	2188	10	10	9	0	21	2	0	0	0	2240
Cecropia	39	3	36	5	0	6	6	0	215	328	638
Cedrus-Libani	101	4	1	0	0	0	0	0	0	0	106
Celestianpower	734	9	19	3	0	170	70	0	0	0	1005
Cenarium	1283	55	309	131	132	103	4	6	0	8	2031
Centrx	17162	398	997	947	12	1323	210	0	0	0	21049
CesarB	3606	141	123	49	0	941	212	0	0	0	5072
Ceyockey	1748	47	4	0	0	15	2	0	0	0	1816
Chadloder	0	0	0	0	0	6	0	0	0	0	6
Chairboy	5154	13	69	8	0	187	14	0	0	0	5445
Chancemill	0	0	1	1	0	2	0	0	0	0	4
Charles Matthews	1180	30	3	1	0	124	20	0	0	0	1358
Chase me ladies, I'm the Cavalry	1781	27	385	23	46	667	27	1	0	1	2958
Chaser	1934	84	269	40	34	815	109	2	0	4	3291
Chell and the cake	0	0	2	0	0	0	0	0	0	0	2
Chessnotator1967	0	0	1	0	0	0	0	0	0	0	1
Chick Bowen	4612	193	69	14	1	135	30	0	0	1	5055
Chillum	1401	22	34	7	4	453	29	8	0	4	1962
Chmod007	13	2	2	0	0	1	1	0	0	0	19
Chochopk	27	37	1	0	0	2	1	0	0	0	68
Choess	6	4	0	0	0	0	0	0	0	0	10
Cholmes75	4579	10	26	0	0	112	3	0	0	0	4730
Chris 73	1928	15	45	8	0	656	30	0	0	0	2682
Chris G	2521	22	222	14	28	1797	69	206	0	6	4885
Chris Roy	3	0	0	0	0	1	0	0	0	0	4
ChrisGriswold	1126	16	51	8	0	210	21	0	0	0	1432
ChrisO	2227	13	319	63	32	752	39	1	0	0	3446
ChrisTheDude	649	10	6	0	0	12	2	0	0	0	679
Chrislk02	4029	60	133	21	8	1626	91	12	0	5	5985
Christopher Mahan	38	5	0	0	0	0	0	0	0	0	43
Christopher Parham	495	6	4	2	0	24	1	0	0	0	532
Christopher Sundita	61	38	7	4	0	17	2	0	0	0	129
Chuck SMITH	0	1	0	0	0	0	0	0	0	0	1
Chunky Rice	329	1	4	2	0	25	2	0	0	0	363
Chuq	214	19	13	2	1	93	6	0	0	0	348
CieloEstrellado	0	0	1	0	0	0	0	0	0	0	1
Cimon Avaro	211	10	2	5	1	4	0	0	6	2	241
Circeus	1699	8	50	27	0	155	13	0	0	0	1952
Cirt	2815	35	172	6	20	1197	13	6	0	0	4264
Citicat	685	14	20	1	0	33	4	0	0	0	757
Ck lostsword	308	4	13	1	5	308	16	0	0	0	655
Ckatz	1043	38	149	5	19	449	17	3	0	1	1724
Clarkk	23	0	0	1	0	0	0	0	0	0	24
Cleared as filed	1345	19	0	0	0	53	2	0	0	0	1419
Climie.ca	0	0	1	0	0	10	1	1	0	1	14
ClockworkLunch	20	4	11	1	0	4	0	0	0	0	40
ClockworkSoul	750	46	36	7	4	212	19	3	0	0	1077
CloudNine	422	15	24	1	2	32	2	0	0	0	498
ClueBot	0	0	1	0	0	0	0	0	0	0	1
Cnwb	661	11	0	0	0	23	2	0	0	0	697
Cobaltbluetony	5810	78	393	23	7	327	18	0	0	0	6656
Coelacan	1194	30	85	10	1	845	53	0	0	0	2218
Coffee	774	52	79	6	35	224	8	0	0	2	1180
Coffeedrinker87	0	0	1	0	0	0	0	0	0	0	1
Cohesion	6785	40	2	15	1	3	0	0	0	0	6846
Commander Keane	4747	219	38	22	0	118	29	0	0	0	5173
Conscious	13435	64	2	2	0	56	0	0	0	0	13559
Consumed Crustacean	729	22	42	3	1	351	36	0	0	0	1184
Conti	457	41	12	38	1	70	3	0	0	1	623
Cool Hand Luke	883	546	56	8	20	68	15	0	0	0	1596
Coralmizu	154	2	23	1	2	46	2	0	0	0	230
Coredesat	11148	136	235	25	11	494	60	0	0	0	12109
Coren	819	20	49	6	4	165	32	2	0	1	1098
Cowman109	431	36	101	43	4	360	44	0	0	0	1019
Craigy144	3095	11	8	3	1	38	0	0	0	0	3156
Crazycomputers	439	8	54	15	5	678	40	0	0	1	1240
Crazytales	156	15	18	1	2	117	18	0	0	0	327
Cremepuff222	173	5	3	2	1	95	3	0	0	0	282
Croat Canuck	83	3	1	1	0	5	1	0	0	0	94
Crum375	168	18	84	6	3	208	12	0	0	0	499
Cryptic	9383	238	136	15	1	322	21	0	0	0	10116
CryptoDerk	1091	1	67	9	0	1014	45	0	0	0	2227
Crzrussian	5139	133	156	28	0	150	13	0	0	0	5619
Cuchullain	232	38	6	0	1	25	0	0	0	0	302
Curps	5148	166	461	101	0	26558	1065	0	0	0	33499
Cutler	69	0	0	0	0	7	0	0	0	0	76
CyborgTosser	2	0	0	0	0	0	0	0	0	0	2
Cyde	19064	106	258	32	2	828	168	0	0	0	20458
Cydebot	5020	0	0	0	0	0	0	0	0	0	5020
Cyp	3	0	0	0	0	0	0	0	0	0	3
Cyrius	1614	99	26	12	0	68	8	0	0	0	1827
D. Recorder	172	18	2	0	0	34	2	0	0	0	228
DDima	517	8	1	0	0	1	0	0	0	0	527
DESiegel	892	112	9	2	0	40	29	0	0	0	1084
DGG	6964	178	117	4	8	98	9	2	0	0	7380
DJ Clayworth	5136	29	37	11	0	281	18	0	0	0	5512
DMacks	3577	34	232	8	27	508	11	7	0	0	4404
DO11.10	417	28	1	0	0	2	1	0	0	2	451
DVD R W	6096	53	54	17	7	961	21	0	0	3	7212
DaGizza	833	1	7	4	1	53	3	0	0	0	902
Dale Arnett	67	1	2	0	0	4	0	0	0	0	74
Dan100	294	16	18	12	0	186	44	0	0	0	570
DanKeshet	104	1	6	0	0	2	0	0	0	0	113
DanMS	65	0	2	1	0	0	0	0	0	0	68
Danaman5	201	4	4	0	0	4	4	0	0	1	218
Daniel	4732	252	618	40	62	546	73	4	0	13	6340
Daniel Case	2137	31	238	15	7	4093	136	22	0	1	6680
Daniel J. Leivick	647	7	15	1	0	63	5	0	0	0	738
Daniel Olsen	711	1	10	0	0	84	2	0	0	0	808
Daniel Quinlan	54	2	0	2	0	2	0	0	0	0	60
DanielCD	243	1	15	11	0	37	2	0	0	0	309
Dank55	691	8	19	2	0	7	0	0	0	1	728
Danny	1072	126	26	9	0	105	29	0	4	6	1377
Dannyisme	5	0	4	0	0	2	2	0	0	0	13
Dante Alighieri	651	18	20	17	3	175	29	0	0	0	913
DarkFalls	2606	140	294	37	70	696	39	3	0	2	3887
Darkoneko	0	0	0	0	0	1	0	0	1	0	2
Darthgriz98	249	4	4	0	0	114	2	0	0	0	373
Darwinek	2133	13	68	4	0	188	6	0	0	0	2412
Dave souza	74	3	13	2	0	488	20	1	0	0	601
Davewild	2766	38	2	3	0	370	1	0	0	0	3180
Daveydweeb	134	1	2	0	0	4	1	0	0	0	142
David D.	24	4	10	0	3	7	1	0	0	0	49
David Eppstein	2012	21	26	6	0	26	1	0	0	0	2092
David Fuchs	853	23	53	2	10	80	7	0	0	0	1028
David Gerard	525	43	67	7	1	1439	357	0	0	1	2440
David Kernow	635	5	45	0	0	0	0	0	0	0	685
David Levy	827	110	208	58	3	134	10	0	0	4	1354
David Newton	54	3	4	0	0	12	12	0	0	0	85
David.Monniaux	507	60	98	13	0	215	28	1	0	0	922
DavidLevinson	35	50	9	0	0	9	0	0	0	0	103
DavidWBrooks	1202	1	12	2	1	94	0	0	0	0	1312
Davidcannon	154	57	30	4	0	135	26	0	0	0	406
Davidgothberg	61	52	76	5	26	18	6	0	0	0	244
Davidruben	27	0	7	1	1	77	2	0	0	0	115
Davodd	191	29	3	3	0	23	1	0	0	0	250
Dbachmann	370	28	111	40	9	179	19	0	0	0	756
Dbenbenn	6085	109	260	583	0	26	7	0	0	0	7070
Dcoetzee	267	42	7	2	0	42	9	0	0	1	370
Ddstretch	13	0	20	5	6	207	20	6	0	0	277
Deacon of Pndapetzim	495	12	25	2	3	135	6	11	0	1	690
DeadEyeArrow	934	14	26	5	0	199	6	0	0	0	1184
Deathphoenix	1168	49	17	5	0	418	80	0	0	0	1737
Deb	12592	46	22	1	0	294	4	1	0	0	12960
Deckiller	1228	35	80	14	1	300	46	0	0	0	1704
Decumanus	42	0	3	0	0	12	0	0	0	0	57
Deiz	951	15	161	8	2	392	20	0	0	0	1549
Dekimasu	688	40	10	1	0	13	0	0	0	0	752
Delirium	3466	22	20	11	0	305	18	0	0	0	3842
Delldot	1568	23	15	6	1	606	9	0	0	0	2228
Deltabeignet	836	1	5	6	0	130	2	0	0	0	980
Demi	151	32	2	1	0	51	17	0	0	0	254
Denelson83	1131	17	56	12	10	36	6	0	0	0	1268
Denni	2324	30	23	3	0	5	0	0	0	0	2385
DerHexer	134612	42	89	3	5	5835	38	2	0	19	140645
Derek Ross	521	11	11	3	3	1	0	0	0	0	550
Deryck Chan	1	1	0	2	0	1	0	0	0	0	5
Deskana	1291	86	212	76	15	962	108	16	318	141	3225
Deville	779	5	14	1	0	116	2	0	0	0	917
Dfrg.msc	35	1	0	0	0	7	0	0	0	0	43
Dgies	575	29	27	4	3	223	18	0	0	2	881
Dgrant	0	0	1	0	0	0	0	0	0	0	1
Diberri	120	3	3	1	0	5	0	0	0	0	132
Dieter Simon	3	0	16	0	1	0	0	0	0	0	20
Dijxtra	135	6	13	6	0	36	4	0	0	0	200
Dina	3371	18	49	1	0	273	5	0	0	0	3717
Dino	22	0	0	0	0	0	0	0	0	0	22
Discospinster	13097	345	120	8	12	1073	6	6	0	0	14667
Djsasso	949	165	29	5	2	342	7	0	0	8	1507
Dlohcierekim	4559	99	129	6	9	364	33	7	0	1	5207
Dmn	35	1	10	4	0	12	15	0	0	0	77
Doc glasgow	4087	123	370	42	11	1060	83	0	0	42	5818
Docu	1122	59	118	2	5	11	4	0	0	1	1322
Doczilla	69	2	9	6	0	85	8	0	0	0	179
Dominic	13208	57	78	185	1	2966	620	5	0	31	17151
Donald Albury	999	3	7	2	2	108	4	0	0	0	1125
DoomsDay349	222	4	0	0	0	0	0	0	0	0	226
Dori	11	0	0	0	0	2	2	0	0	0	15
Doug	244	12	9	8	0	13	3	0	0	3	292
Doug Bell	2427	36	29	12	0	25	3	0	0	0	2532
Dougweller	186	2	70	5	17	476	16	15	0	0	787
Dpbsmith	132	4	3	2	0	17	0	0	0	0	158
Dppowell	4	0	5	0	0	112	6	0	0	0	127
DrBob	17	1	0	0	0	7	0	0	0	0	25
DrKiernan	1198	16	30	4	3	118	7	0	0	0	1376
DragonflySixtyseven	18648	300	316	33	7	4009	178	118	0	0	23609
Dragons flight	607	62	102	34	0	110	28	0	0	1	944
Dravecky	332	3	69	2	0	0	0	0	0	0	406
Dreadstar	900	64	214	11	13	1729	96	0	0	0	3027
Drini	9597	93	178	38	1	4445	232	1	0	8	14593
DropDeadGorgias	340	3	24	1	0	90	5	0	0	0	463
Dsmdgold	795	11	2	0	0	3	0	0	0	0	811
Duja	875	136	20	9	2	72	9	0	0	0	1123
Duk	3834	30	61	15	2	129	25	0	0	1	4097
Duncharris	986	57	47	10	0	92	20	0	0	0	1212
Durin	2448	7	28	13	0	168	15	0	0	0	2679
Durova	24	1	211	37	11	388	66	0	0	0	738
Dustimagic	215	2	4	2	0	50	8	1	0	0	282
Dvyost	56	0	0	0	0	11	1	0	0	0	68
Dweller	1533	21	96	2	4	264	9	0	197	7	2133
Dysprosia	154	6	3	1	0	97	11	0	0	0	272
ERcheck	2941	9	66	10	0	991	29	1	0	0	4047
ESkog	9787	72	111	22	4	832	108	0	0	0	10936
EVula	2316	94	147	19	11	881	26	0	312	18	3824
EWS23	643	3	7	2	0	136	11	0	0	0	802
Earl Andrew	109	35	26	5	0	66	12	0	0	0	253
Earle Martin	262	11	6	2	1	29	2	0	0	0	313
East718	225486	1904	5313	1632	284	3519	1007	15	0	30	239190
Ed Poor	73	13	35	32	0	71	28	0	10	16	278
Ed g2s	3047	69	30	27	2	48	5	0	0	0	3228
EdJohnston	810	19	356	18	38	562	37	3	0	0	1843
Edcolins	30	4	2	2	0	2	0	0	0	0	40
Edgar181	24904	189	377	17	14	11197	173	46	0	17	36934
Edison	673	12	2	1	0	116	3	0	0	0	807
Edokter	1220	29	31	13	20	38	3	0	0	1	1355
Edward	363	0	0	0	0	21	3	0	0	0	387
Edward Z. Yang	12	0	3	0	0	8	1	0	0	0	24
EdwinHJ	562	4	14	4	1	23	7	0	0	0	615
Efe	1405	4	11	1	3	160	0	2	0	1	1587
Egil	61	0	1	0	0	213	3	0	0	0	278
Either way	5422	35	151	10	8	865	43	4	0	6	6544
El C	1717	52	637	58	24	2996	116	0	0	3	5603
Eleassar	81	16	2	0	0	3	0	0	0	0	102
Electionworld	1285	33	1	0	0	0	0	0	0	0	1319
Elf	138	14	0	0	0	0	0	0	0	0	152
Elf-friend	465	1	17	0	0	15	0	0	0	0	498
ElinorD	7274	69	60	1	5	254	15	0	0	0	7678
Eliz81	954	47	93	0	19	228	4	0	0	1	1346
Elkman	5946	12	45	5	4	404	29	0	0	0	6445
Ellsworth	18	0	0	0	0	1	0	0	0	0	19
Elonka	1288	19	45	13	2	479	23	3	0	0	1872
Eloquence	124	5	7	5	0	28	10	0	0	1	180
Eluchil404	854	55	4	0	0	10	0	0	0	0	923
Emperor	37	28	0	0	0	0	0	0	0	0	65
EncMstr	541	53	217	115	32	785	17	7	0	0	1767
Encephalon	92	22	27	6	0	28	36	0	0	0	211
Enchanter	14	0	1	3	0	2	0	0	0	0	20
EncycloPetey	115	9	64	0	2	30	2	0	0	0	222
Enochlau	17605	26	72	20	1	56	4	0	0	0	17784
Epbr123	2230	8	6	0	1	609	7	3	0	1	2865
Erdem Tüzün	0	0	2	0	0	0	0	0	0	0	2
Ericorbit	151	5	134	1	4	243	0	0	0	0	538
Esanchez7587	1818	3	42	4	7	197	1	0	0	0	2072
Espresso Addict	284	8	5	1	0	2	0	0	0	0	300
Esprit15d	388	9	9	2	0	1	0	0	0	0	409
Essexmutant	19	0	1	0	0	7	1	0	0	0	28
Essjay	1806	171	218	23	0	1236	248	0	715	66	4483
Esteffect	784	24	16	6	0	95	21	0	0	0	946
Eugene van der Pijll	968	54	9	3	0	8	1	0	0	0	1043
EurekaLott	682	64	17	1	0	26	0	0	0	0	790
Euryalus	598	5	22	0	7	241	6	8	0	0	887
Ev	127	13	1	0	0	2	0	0	0	0	143
EvanProdromou	0	0	0	0	0	1	0	0	0	0	1
Eventtable	0	0	1	0	0	0	0	0	0	0	1
Evercat	245	2	32	23	0	259	35	0	0	0	596
Everyking	1272	4	7	12	0	28	12	0	0	0	1335
Evil Monkey	1894	13	28	12	0	284	23	0	0	0	2254
Evil saltine	385	23	16	8	0	167	13	0	0	2	614
Evilphoenix	835	60	79	5	0	143	16	0	0	0	1138
Explicit	0	0	4	0	0	0	0	0	0	0	4
Exploding Boy	1372	5	6	2	1	134	12	0	0	0	1532
Extraordinary Machine	341	141	14	5	0	178	28	0	0	0	707
Extreme Unction	543	22	26	2	0	26	4	0	0	0	623
Eye of the Mind	16	2	9	2	1	9	0	0	0	0	39
EyeSerene	73	15	23	1	6	196	10	2	0	0	326
Eyrian	633	23	33	3	0	40	1	0	0	0	733
Ezeu	891	30	37	35	1	123	9	0	0	0	1126
Ezhiki	1032	244	40	12	5	59	23	0	0	0	1415
FCYTravis	3479	174	158	46	19	192	31	0	0	0	4099
FT2	351	24	64	6	5	198	37	2	0	13	700
Fabrictramp	3667	36	155	5	20	75	2	1	0	0	3961
Faithlessthewonderboy	3112	69	183	1	0	388	3	5	0	1	3762
Falco McCloud	0	0	1	0	0	0	0	0	0	0	1
Fang Aili	29076	83	118	52	0	253	12	0	0	0	29594
Fantasy	18	4	4	2	1	1	0	0	0	0	30
Fastfission	194	11	9	6	2	160	20	0	0	0	402
Fawcett5	813	7	3	2	0	58	0	0	0	0	883
FayssalF	408	8	305	51	12	1243	80	0	0	0	2107
Feco	3	0	0	0	0	0	0	0	0	0	3
FeloniousMonk	17	13	29	4	0	143	20	0	0	0	226
Femto	370	4	30	7	0	288	9	0	0	0	708
Fennec	18	3	5	3	0	30	3	0	0	0	62
Ferkelparade	589	3	2	1	0	37	0	0	0	0	632
Feydey	4257	23	53	17	8	80	3	0	0	0	4441
Filelakeshoe	223	7	8	1	3	59	4	1	0	8	314
Filiocht	851	2	3	5	0	36	0	0	0	0	897
Finlay McWalter	325	3	16	5	0	405	19	0	0	0	773
Fir0002	20	0	0	0	0	1	0	0	0	0	21
Firefoxman	268	5	11	2	2	6	0	0	0	1	295
Firsfron	1492	8	87	5	1	263	30	0	0	0	1886
Fish and karate	9143	204	368	21	19	632	373	0	0	10	10770
FisherQueen	6136	18	256	5	9	1168	40	1	0	0	7633
Fishhead64	24	1	0	0	0	27	0	0	0	0	52
Flcelloguy	855	42	775	720	0	268	40	0	0	0	2700
FloNight	467	5	47	5	1	143	18	0	0	0	686
Flockmeal	146	1	1	0	0	14	0	0	0	0	162
Flowerparty	1017	42	10	2	0	23	0	0	0	0	1094
Flucky	0	0	1	0	0	0	0	0	0	0	1
Flyguy649	1309	22	201	8	20	740	37	0	0	0	2337
Formeruser-81	44	0	21	3	0	25	20	0	0	0	113
Formeruser-82	199	24	45	24	0	121	25	0	0	0	438
Fram	7701	81	165	6	28	355	8	4	0	0	8348
FrancisTyers	172	5	20	7	0	67	15	0	0	0	286
Francs2000	10097	74	122	17	0	574	21	0	0	12	10917
Frank	1640	34	37	1	4	167	5	1	0	5	1894
Frazzydee	363	13	64	32	0	12	13	0	0	0	497
Freakofnurture	9841	927	551	96	5	10422	1134	0	0	0	22976
Fred Bauder	161	47	106	25	0	288	105	1	0	0	733
Fred J	1430	16	12	7	0	36	1	0	0	0	1502
Fredrik	209	3	1	0	0	40	1	0	0	0	254
Freestylefrappe	14	0	4	1	0	48	1	0	0	0	68
FreplySpang	6770	37	35	5	0	775	47	0	0	0	7669
Friday	9149	93	52	22	3	360	38	0	0	11	9728
Fritzpoll	699	11	31	2	6	55	11	3	0	25	843
Fropuff	28	1	2	0	0	2	0	0	0	0	33
Fuhghettaboutit	5633	103	103	7	0	223	7	5	0	0	6081
Func	9	0	14	1	0	1215	124	0	0	0	1363
Furrykef	109	11	0	1	0	1	0	0	0	0	122
Future Perfect at Sunrise	3501	157	377	46	32	1518	240	7	0	6	5884
Fuzheado	886	18	62	13	1	574	42	0	0	0	1596
Fvasconcellos	1551	120	207	18	43	144	7	2	0	3	2095
Fvw	2867	41	28	17	0	2226	3509	31	0	0	8719
Fys	802	7	29	13	0	168	40	0	0	0	1059
G-Man	112	33	10	5	0	12	1	0	0	0	173
G.A.S	10	1	0	0	0	0	0	0	0	0	11
GDonato	2970	32	295	19	13	421	38	1	0	10	3799
GRBerry	1667	195	53	20	1	113	10	0	0	0	2059
GTBacchus	3957	307	13	13	0	170	12	0	0	0	4472
Gabbe	631	0	0	1	0	6	3	0	0	0	641
Gadfium	1965	30	50	10	2	1475	181	0	0	9	3722
Gadget850	265	19	3	1	0	0	0	0	0	0	288
Gaillimh	27	13	13	2	0	35	7	0	0	0	97
Gaius Cornelius	8	0	1	0	0	58	3	0	0	0	70
Galwhaa	235	6	2	0	0	11	3	0	0	0	257
Gamaliel	1548	108	172	72	8	1009	163	1	0	0	3081
Ganeshk	795	128	11	7	0	20	10	0	0	0	971
Garden	790	33	39	4	11	131	16	5	0	7	1036
Garion96	12461	324	60	11	5	168	9	0	0	4	13042
Garzo	351	4	40	5	2	444	8	0	0	0	854
Gatoclass	108	2	18	21	1	1	0	0	0	0	151
Gator1	172	15	55	3	0	183	26	0	0	0	454
Gazimoff	316	2	5	2	1	72	2	1	0	2	403
Gb	2778	36	242	19	24	1506	49	8	0	7	4669
Gdr	337	10	47	45	0	5	0	0	0	0	444
Ged UK	356	1	34	1	7	139	0	5	0	0	543
GeeJo	704	8	62	33	0	4	0	0	0	0	811
GeneralPatton	25	0	3	3	0	13	3	0	0	0	47
Geni	9960	289	181	102	0	442	90	0	0	1	11065
Geniac	175	0	49	17	3	449	4	0	0	0	697
Gentgeen	99	6	2	0	1	35	4	0	0	0	147
Geogre	4978	11	18	2	0	220	16	0	0	0	5245
Geometry guy	225	22	1	1	2	0	0	0	0	2	253
Georgewilliamherbert	52	103	121	4	9	929	90	4	0	1	1313
Gerald Farinas	65	0	3	4	1	4	1	0	0	0	78
Getluv	0	0	1	0	0	0	0	0	0	0	1
Gilliam	867	3	91	23	15	3688	13	4	0	0	4704
Gimmetrow	899	65	155	2	48	258	23	4	0	7	1461
Ginkgo100	963	17	38	13	0	527	14	0	0	2	1574
Gladys j cortez	3	0	23	2	2	79	4	4	0	0	117
GlassCobra	2113	66	70	6	8	1212	13	4	0	7	3499
Glen	1609	83	182	17	1	4516	198	0	0	0	6606
Gnangarra	1372	32	170	17	6	227	40	0	0	2	1866
Gnasher29	0	0	1	0	0	0	0	0	0	0	1
Goatasaur	16	2	1	1	0	2	0	0	0	0	22
Gogo Dodo	22189	81	633	4	66	3111	40	28	0	1	26153
Golbez	5479	82	216	79	16	1255	161	1	0	0	7289
Goldom	1899	7	8	0	0	50	4	0	0	0	1968
Gonzo fan2007	3777	80	405	38	66	240	21	0	0	9	4636
Good Olfactory	2868	44	27	6	1	32	4	4	0	0	2986
Goodnightmush	614	1	13	1	3	99	1	0	0	0	732
Goodoldpolonius2	1	0	4	2	0	27	0	0	0	0	34
GraemeL	971	6	59	28	2	1177	87	3	0	0	2333
Graft	2	0	1	1	2	0	0	0	0	0	6
Graham87	2254	3832	74	6	16	89	6	1	0	2	6280
GrahamColm	3	0	9	2	1	6	1	0	0	0	22
Grandmasterka	3047	34	118	11	1	527	30	1	0	3	3772
Grant65	6	5	2	1	0	3	0	0	0	0	17
Greeves	323	5	6	2	0	26	0	0	0	7	369
GregAsche	239	1	13	17	0	152	9	0	0	0	431
GregRobson	1	0	0	0	0	0	0	0	0	0	1
Grenavitar	864	32	3	2	0	41	7	0	0	1	950
Grendelkhan	38	2	0	0	0	4	0	0	0	0	44
Grm wnr	533	6	4	2	0	38	5	0	0	0	588
Grossmünster	0	0	1	0	0	0	0	0	0	0	1
Ground Zero	58	0	28	6	4	23	0	3	0	0	122
Grue	198	100	10	18	0	25	7	0	0	0	358
Grunt	86	5	4	2	0	10	2	0	0	0	109
Grutness	2272	99	75	4	2	23	16	0	0	0	2491
Gryffindor	105	8	5	0	0	1	1	0	0	0	120
Gtrmp	403	12	3	0	0	1	0	0	0	0	419
Guanaco	513	188	40	42	0	387	257	0	0	0	1427
Guettarda	188	69	40	26	5	66	18	0	0	0	412
Gurch	36411	1467	76	22	0	695	17	0	0	0	38688
Gurubrahma	309	6	144	93	0	39	2	0	0	0	593
Gutza	12	1	2	1	2	5	3	0	0	0	26
Gwalla	890	10	2	1	0	59	8	0	0	0	970
Gwen Gale	7128	231	431	34	19	849	126	20	0	1	8839
Gwernol	3823	26	343	45	10	4359	157	0	0	0	8763
Gyrofrog	141	11	12	2	2	238	14	1	0	0	421
H	6668	26	96	39	0	1080	129	0	0	0	8038
Hadal	1484	0	6	7	0	316	3	0	0	0	1816
Haemo	2305	14	69	7	18	226	43	0	0	0	2682
Hajor	163	7	13	12	0	16	1	0	0	0	212
Hall Monitor	460	12	270	32	0	2956	235	0	0	0	3965
Hamster Sandwich	3	1	0	0	0	18	3	0	0	0	25
Happy-melon	1913	48	182	51	14	0	0	0	0	2	2210
HappyCamper	4323	105	121	87	0	586	458	0	0	0	5680
Happyme22	551	9	42	1	6	11	0	0	0	0	620
Harej	1887	65	117	43	7	34	17	0	0	0	2170
Harold Oxley	0	0	2	0	0	0	0	0	0	0	2
Harro5	4810	33	72	4	0	166	10	0	0	0	5095
Harryboyles	2379	2	10	1	0	4	1	0	0	0	2397
Hashar	19	0	0	0	0	0	0	0	0	0	19
Hatricide	0	0	1	0	0	0	0	0	0	0	1
Haukurth	1195	67	15	34	0	78	13	0	0	3	1405
Hawstom	3	0	5	1	0	6	1	0	0	0	16
Hbdragon88	657	7	7	1	2	1	0	0	0	0	675
Hcheney	20	0	0	0	0	15	0	0	0	0	35
Hdt83	16	0	9	2	0	73	2	0	0	0	102
Heah	782	14	17	6	0	92	9	0	0	0	920
Heimstern	425	19	95	8	5	886	38	2	0	0	1478
Hemanshu	447	5	0	0	0	5	0	0	0	0	457
Hemlock Martinis	799	44	27	2	5	83	8	0	0	0	968
Henrik	418	24	30	12	2	152	19	1	0	4	662
Henry Flower	125	1	18	10	0	213	8	0	0	0	375
Henrygb	1491	36	6	3	0	21	0	0	0	0	1557
Hephaestos	1	2	3	2	0	0	0	0	0	0	8
Herbythyme	2274	11	45	2	6	427	25	1	0	0	2791
HereToHelp	135	3	29	10	1	16	3	0	0	0	197
Hermione1980	500	4	4	3	1	11	2	0	0	0	525
Hernando Magallanes	0	0	4	0	0	0	0	0	0	0	4
Heron	23	2	0	0	0	54	4	0	0	0	83
Herostratus	5268	77	14	4	0	65	5	0	0	0	5433
Hersfold	2657	50	935	17	354	804	176	82	0	28	5103
Hesperian	2173	193	79	14	2	337	55	0	0	0	2853
Hiberniantears	549	1	50	1	16	847	21	2	0	1	1488
Hiding	1465	108	32	24	1	48	14	0	0	4	1696
Hit bull, win steak	162	4	2	0	0	32	0	1	0	0	201
Hmhur	0	0	1	0	0	0	0	0	0	0	1
Hmwith	4895	45	4	1	1	57	4	0	0	1	5008
Hoary	398	12	57	5	3	184	7	0	0	0	666
Horologium	421	2	98	4	19	53	0	3	0	0	600
HorsePunchKid	189	0	0	0	0	0	0	0	0	0	189
HowDumbAreYou	0	0	1	0	0	0	0	0	0	0	1
Howcheng	18924	176	68	99	1	73	11	0	0	1	19353
Hu12	1377	49	334	13	1	921	35	0	0	1	2731
Humblefool	596	11	3	2	0	4	2	0	0	0	618
Humus sapiens	73	2	64	4	0	124	12	0	0	0	279
Huntster	318	20	20	4	2	16	0	0	0	0	380
Hurricanehink	193	2	0	0	0	5	0	0	0	0	200
Husnock	59	1	22	8	0	27	9	0	0	0	126
Husond	1238	11	422	37	22	1138	39	0	0	1	2908
Hut 8.5	5303	53	627	16	37	1092	17	2	0	19	7166
Hyacinth	328	10	0	1	0	6	1	0	0	0	346
I'm Spartacus!	95	10	10	2	1	41	7	0	0	2	168
IMatthew	0	0	1	0	0	0	0	0	0	0	1
Ian Dalziel	0	0	1	0	0	0	0	0	0	0	1
Ian13	1771	50	27	8	2	63	21	0	0	0	1942
IanManka	1124	232	67	11	4	198	25	0	0	0	1661
Ianblair23	130	39	0	1	0	0	0	0	0	0	170
Icairns	199	7	1	1	0	3560	64	1	0	0	3833
Ice Cold Beer	1428	11	9	3	1	295	11	4	0	0	1762
IceKarma	1724	8	2	2	0	0	1	0	0	0	1737
Icestorm815	111	6	14	4	6	52	6	0	0	2	201
Icewedge	388	1	1	0	1	96	1	1	0	1	490
Idont Havaname	159	5	3	2	0	48	0	0	0	0	217
Ihcoyc	157	4	12	0	0	1	0	0	0	0	174
Ike9898	301	3	5	1	0	30	3	0	0	0	343
Ikiroid	61	5	1	0	0	20	1	0	0	0	88
Ilmari Karonen	1071	640	32	2	1	210	32	0	0	0	1988
Ilyanep	153	2	6	2	0	32	7	0	15	18	235
Improv	1233	9	188	11	0	79	15	0	0	0	1535
Imran	1	0	0	0	0	1	0	0	0	0	2
InShaneee	3951	20	91	5	0	528	56	0	0	0	4651
Infrogmation	4487	69	113	8	3	5335	113	3	2	1	10134
Inter	645	4	6	1	0	181	10	0	0	0	847
Interiot	1319	23	14	8	0	11	1	0	0	0	1376
Ioeth	2520	52	123	30	15	1463	38	3	0	11	4255
Iridescent	3152	42	114	10	24	826	40	2	0	8	4218
Irina Spalko	0	0	1	0	0	0	0	0	0	0	1
Irishguy	11708	25	107	3	0	1413	14	0	0	0	13270
IronGargoyle	2973	210	47	16	5	118	2	0	0	0	3371
Ish ishwar	44	3	1	0	0	11	1	0	0	0	60
Islander	582	19	104	1	6	73	5	0	0	3	793
Isomorphic	213	0	1	0	0	14	1	0	0	0	229
Isotope23	2009	23	124	33	10	490	59	0	0	0	2748
It Is Me Here	101	3	4	2	0	5	3	1	0	3	122
Ixfd64	2929	76	60	193	0	1211	3724	0	0	0	8193
Izehar	148	3	18	21	0	89	20	0	0	0	299
J Di	1547	57	75	32	0	581	44	0	0	0	2336
J Greb	654	34	33	1	4	22	1	1	0	0	750
J Milburn	7028	105	37	7	13	66	0	0	0	2	7258
J-stan	178	7	7	3	4	76	6	0	0	24	305
J.J.	1	2	0	0	0	1	0	0	0	0	4
J.delanoy	4958	170	515	27	127	7424	175	277	0	29	13702
J.smith	1172	46	25	7	2	240	41	0	0	0	1533
JCarriker	122	29	9	4	0	61	13	0	0	0	238
JDoorjam	1759	44	98	18	3	121	21	0	0	0	2064
JForget	3954	85	360	482	150	1307	12	7	0	0	6357
JGHowes	99	9	20	0	1	41	1	2	0	0	173
JHunterJ	676	60	8	1	1	8	2	0	0	0	756
JIP	5687	51	21	4	0	143	3	0	0	0	5909
JLaTondre	13224	50	30	4	0	1290	15	0	0	0	14613
JPD	622	5	2	2	0	19	1	0	0	0	651
JPG-GR	4426	45	9	1	0	8	0	0	0	0	4489
JRM	174	9	11	17	0	15	28	0	0	0	254
JWSchmidt	42	1	13	5	0	58	1	0	0	1	121
JYolkowski	2375	20	11	27	0	139	9	1	0	0	2582
JaGa	0	0	1	0	0	0	0	0	0	0	1
Jac16888	8937	31	47	3	5	114	7	46	0	1	9191
Jacoplane	324	33	91	45	3	159	11	0	0	0	666
Jake Nelson	21	1	0	0	0	1	0	0	0	0	23
James086	3983	26	17	1	2	336	12	0	0	1	4378
JamesR	1059	8	42	4	10	100	7	1	0	3	1234
JamesTeterenko	222	2	27	18	0	160	4	0	0	0	433
Jamesday	6	7	2	0	0	6	1	0	0	0	22
Jaranda	17921	149	323	98	2	1208	229	0	0	0	19930
Jasonbres	0	0	1	0	0	0	0	0	0	0	1
Jauerback	1164	6	52	7	4	659	53	3	0	3	1951
Jaxl	1604	10	3	1	0	36	0	0	0	0	1654
Jay	13	3	0	0	0	0	0	0	0	0	16
Jayjg	461	153	423	68	1	1978	228	0	0	0	3312
Jayron32	1024	13	262	9	28	1390	176	38	0	10	2950
Jayvdb	809	148	66	9	10	129	22	0	0	0	1193
Jbmurray	87	5	6	6	0	18	1	0	0	0	123
Jc37	1446	96	39	9	6	59	7	1	0	1	1664
Jclemens	5385	37	136	1	0	370	2	16	0	6	5953
Jcw69	67	1	0	0	0	108	3	0	0	0	179
Jdavidb	81	0	13	2	0	48	2	0	0	0	146
Jdforrester	387	52	23	7	0	48	12	0	0	0	529
JeLuF	146	3	2	0	0	2	1	0	0	4	158
Jedi6	14	0	2	3	0	10	1	0	0	0	30
Jeepday	511	9	15	1	0	451	8	2	0	0	997
Jeffrey O. Gustafson	14386	197	469	28	37	727	107	0	0	1	15952
Jehochman	128	20	82	11	11	443	79	4	0	1	779
Jengod	125	0	7	0	0	0	0	0	0	0	132
Jennavecia	2151	66	224	19	50	423	49	0	0	12	2994
JeremyA	1922	15	30	15	0	255	13	0	0	0	2250
Jerry	3511	195	99	14	1	72	9	0	0	3	3904
Jersey Devil	554	10	28	6	2	184	18	0	0	0	802
Jersyko	578	1	52	10	5	116	6	0	0	0	768
Jerzy	276	142	3	0	0	104	5	1	0	0	531
Jesse Viviano	1666	62	11	5	2	320	57	0	0	0	2123
JesseW	29028	126	36	8	0	77	21	0	0	0	29296
Jfdwolff	436	39	95	14	7	262	19	0	0	0	872
Jiang	370	18	17	5	0	89	3	0	0	0	502
Jimbo Wales	296	13	42	13	2	77	41	0	0	9	493
Jimfbleak	29526	125	696	25	2	1383	234	0	0	0	31991
Jimtinman3909	0	0	1	0	0	0	0	0	0	0	1
Jingiby	0	0	1	0	0	0	0	0	0	0	1
Jinian	1724	5	9	3	0	0	0	0	0	0	1741
Jitse Niesen	624	23	14	9	2	34	4	0	0	0	710
Jj137	4994	59	282	29	45	872	19	0	0	33	6333
Jkelly	3628	61	35	17	0	188	12	0	0	0	3941
Jmabel	161	32	7	7	0	125	5	0	0	0	337
Jmlk17	11140	72	942	48	79	2032	52	0	0	0	14365
Jnc	1906	156	114	34	0	46	20	0	0	0	2276
Jni	19112	26	24	4	0	199	2	0	0	0	19367
Jnothman	60	1	1	0	0	1	1	0	0	0	64
JoJan	6131	29	114	2	2	1224	9	0	0	0	7511
JoanneB	1180	48	51	22	0	815	105	0	0	0	2221
JodyB	1846	38	21	4	4	305	22	0	0	0	2240
Joe Beaudoin Jr.	544	1	17	3	0	68	2	0	0	0	635
Joelr31	661	12	9	8	0	83	1	0	0	0	774
Jogers	91	0	0	0	0	0	0	0	0	0	91
Johan Elisson	351	14	11	4	0	42	5	0	0	0	427
Johann Wolfgang	54	2	2	1	0	57	1	0	0	0	117
John	2502	17	82	3	5	1135	25	1	0	0	3770
John Carter	274	2	13	1	0	6	4	0	0	2	302
John Kenney	176	31	3	3	0	8	4	0	0	0	225
John Reaves	11899	175	413	161	41	2253	227	1	0	49	15219
JohnOwens	6	0	0	1	0	0	0	0	0	0	7
Johnleemk	1751	20	6	3	0	240	20	0	0	0	2040
Johntex	129	27	27	4	1	180	11	0	0	0	379
Joke137	15	0	1	1	0	29	3	0	0	0	49
Jon513	1291	18	3	0	0	40	1	0	0	2	1355
JonMoore	39	1	2	2	0	0	0	0	0	0	44
Jonathunder	119	10	3	1	0	60	3	0	0	0	196
Jondel	243	1	29	8	0	65	1	0	0	0	347
Jonny-mt	1024	40	67	5	10	217	15	0	0	8	1386
Joolz	244	3	0	1	0	0	1	0	0	0	249
Josephjames21	0	0	1	0	0	0	0	0	0	0	1
Josh Grosse	38	2	0	0	0	0	0	0	0	0	40
Joshbuddy	22	0	0	0	0	5	0	0	0	0	27
JoshuaZ	597	51	102	13	0	627	71	0	0	0	1461
Josiah Rowe	106	18	73	10	0	331	19	0	0	0	557
Jossi	760	34	356	95	28	2058	77	2	0	1	3411
Journalist	382	5	48	19	5	121	14	0	0	0	594
Joy	271	94	14	6	0	4	0	0	0	0	389
Joyous!	8429	13	130	50	0	429	18	0	0	0	9069
Jpgordon	945	21	181	17	10	2450	261	20	0	0	3905
Jrdioko	429	0	0	0	0	18	0	0	0	0	447
Jredmond	335	8	19	4	1	172	8	13	0	0	560
Jreferee	1375	49	144	6	27	36	4	0	0	0	1641
Jtdirl	111	29	118	44	0	431	29	0	0	0	762
Jtkiefer	870	100	53	15	0	403	85	0	0	0	1526
Judas Preist is effin awsome	0	0	2	0	0	0	0	0	0	0	2
Juliancolton	4026	99	391	24	145	1279	19	8	0	75	6066
Jusjih	1345	86	9	1	1	5	0	0	0	0	1447
Justinc	520	2	0	0	0	0	0	0	0	0	522
Jwrosenzweig	40	0	1	0	0	7	0	0	0	1	49
JzG	10130	254	642	35	20	1374	89	6	0	0	12550
Jza84	281	0	50	1	5	131	6	1	0	5	480
Jéské Couriano	346	51	713	56	87	860	77	15	0	0	2205
K1Bond007	351	8	3	3	0	37	4	0	0	0	406
KF	507	15	2	0	0	1	0	0	0	0	525
KFP	733	116	14	4	1	65	10	0	0	0	943
Kafziel	1969	30	197	21	15	1375	57	8	0	7	3679
Kaihsu	318	22	11	6	0	127	15	0	0	0	499
Kaiser matias	10	3	3	0	0	15	0	0	0	0	31
Kaisershatner	70	0	14	3	2	478	16	0	0	0	583
Kakofonous	66	3	5	1	0	4	1	0	0	1	81
Kaldari	232	22	60	16	10	61	10	1	0	0	412
Kane5187	241	6	1	0	0	1	0	0	0	0	249
Kanonkas	430	19	49	8	38	790	43	431	0	3	1811
Karada	623	16	48	8	1	559	23	1	0	0	1279
Karanacs	611	2	7	0	1	8	0	0	0	0	629
Karl Dickman	2771	41	9	8	0	33	10	0	0	0	2872
Karmafist	165	35	15	5	0	160	21	0	0	0	401
Katefan0	841	20	212	128	0	351	52	0	0	0	1604
Kathryn NicDhàna	27	0	2	1	0	4	1	0	0	0	35
Kbdank71	20341	52	43	2	0	352	13	7	0	1	20811
Kbh3rd	104	10	17	0	1	1046	47	0	0	0	1225
Kbthompson	67	20	19	1	1	90	2	0	0	1	201
Kcordina	1220	41	9	0	0	168	7	0	0	0	1445
Keegan	3582	103	74	19	8	228	25	0	0	10	4049
Keenan Pepper	294	1	3	0	0	11	0	0	0	0	309
Keeper76	2826	75	64	12	9	86	14	0	0	22	3108
Keilana	1635	51	72	12	9	614	19	0	0	11	2423
Keith D	797	280	101	0	5	47	1	0	0	0	1231
Kelly Martin	736	56	27	11	0	413	60	0	0	0	1303
Kevin	2782	38	48	4	3	572	27	5	0	4	3483
Khaosworks	330	12	10	4	0	162	80	0	0	0	598
Khendon	3	0	1	2	0	0	0	0	0	0	6
Khoikhoi	1189	298	585	223	10	1717	138	3	0	1	4164
Khukri	884	10	52	7	2	435	14	0	0	0	1404
Khym Chanur	0	0	6	0	0	0	0	0	0	0	6
Kicking222	492	1	0	0	0	0	0	0	0	0	493
KieferSkunk	723	11	1	0	3	9	2	0	0	0	749
KillerChihuahua	1054	31	87	12	2	360	27	6	0	0	1579
Kilo-Lima	1207	2	36	9	0	668	69	0	0	0	1991
Kim Bruning	49	5	11	3	0	33	14	0	0	0	115
Kim Dent-Brown	284	1	17	2	0	3	1	0	0	0	308
Kimchi.sg	42539	700	530	114	19	1769	197	2	0	0	45870
KimvdLinde	822	51	60	19	1	44	7	1	0	0	1005
King of Hearts	3746	98	344	64	11	1516	531	0	0	6	6316
Kingboyk	3141	315	103	12	0	214	24	0	0	2	3811
Kingturtle	472	23	158	12	24	311	9	3	1140	63	2215
Kinu	4351	30	408	19	6	751	62	0	0	0	5627
Kirill Lokshin	1753	47	19	1	3	160	14	0	0	0	1997
Kizor	54	107	7	7	1	20	3	0	0	0	199
Kjkolb	477	14	1	1	0	137	8	0	0	0	638
Kmccoy	49	4	8	2	1	32	2	0	0	0	98
KnightLago	981	42	197	15	31	783	83	4	0	1	2137
Knowledge Seeker	115	32	19	19	0	110	75	0	0	0	370
KnowledgeOfSelf	1671	27	261	27	17	5512	114	0	0	0	7629
Konstable	1080	91	97	25	0	435	135	0	0	0	1863
Kosebamse	335	0	1	0	0	10	0	0	0	0	346
Kpjas	121	0	2	0	0	1	0	0	0	0	124
KrakatoaKatie	3223	69	47	5	5	286	16	0	0	2	3653
Kralizec!	607	93	408	198	38	2652	40	9	0	7	4052
Krimpet	14857	107	307	26	43	3889	822	2369	0	6	22426
Ktsquare	11	0	0	0	0	0	1	0	0	0	12
Kubigula	7754	35	105	9	1	527	18	0	0	0	8449
Kukini	920	11	50	2	2	3477	4	2	0	0	4468
Kungfuadam	16119	264	186	39	0	2569	245	0	0	0	19422
Kurt Shaped Box	899	12	101	5	30	1236	20	5	0	0	2308
Kuru	1678	5	254	9	6	3493	59	27	0	4	5535
Kurykh	6159	107	183	19	42	597	72	4	0	4	7187
Kusma	11124	99	163	30	8	916	31	4	0	7	12382
Kwamikagami	458	20	69	7	14	174	10	7	0	0	759
Kwsn	1717	13	46	4	17	220	32	0	0	0	2049
Kyle Barbour	477	115	2	0	0	46	11	0	0	0	651
Kylu	1425	44	191	12	25	246	26	0	0	35	2004
Kyorosuke	1013	46	43	23	0	162	47	0	0	0	1334
Kzollman	125	34	1	0	0	2	1	0	0	0	163
L'Aquatique	666	10	21	3	13	46	8	0	0	3	770
LAX	219	3	3	4	1	95	1	0	0	4	330
La goutte de pluie	589	30	32	17	2	183	37	0	0	0	890
Lachatdelarue	237	7	0	1	0	6	1	0	0	0	252
Lacrimosus	222	3	16	1	0	44	1	0	0	0	287
Lankiveil	635	12	5	0	1	72	3	2	0	0	730
Lar	914	62	72	29	2	500	39	2	0	9	1629
Larry V	263	11	1	1	0	2	0	0	0	0	278
Laurascudder	848	4	3	2	0	9	1	0	0	0	867
Lazulilasher	88	5	12	4	4	46	0	2	0	1	162
LeaveSleaves	0	0	6	0	0	0	0	0	0	0	6
Lectonar	14079	60	161	147	77	374	9	4	0	0	14911
Leebo	547	11	16	0	0	128	7	0	0	0	709
Leithp	355	17	6	1	0	329	12	0	0	0	720
Lenticel	185	5	1	0	0	0	0	0	0	0	191
LessHeard vanU	322	43	246	9	17	2295	58	11	0	0	3001
Lethe	35	13	3	2	0	34	16	0	0	0	103
Lexicon	161	23	10	3	1	56	5	0	0	0	259
Lexor	40	0	0	0	0	0	0	0	0	0	40
Lid	2240	9	16	0	0	47	0	0	0	0	2312
Lifebaka	1977	132	34	10	9	112	5	1	0	2	2282
Lightdarkness	1527	18	5	3	0	183	19	0	0	0	1755
Ligulem	4947	12	749	660	0	150	6	0	0	0	6524
LinguistAtLarge	57	0	0	0	0	0	0	0	0	0	57
Linuxbeak	339	5	64	17	0	389	34	0	20	12	880
Lipinki	0	0	2	0	0	0	0	0	0	0	2
LiquidGhoul	27	1	1	0	0	0	0	0	0	0	29
LittleDan	33	1	1	2	0	4	0	0	0	0	41
Llywrch	153	6	15	4	1	24	8	0	0	0	211
Lommer	737	2	1	2	0	1	0	0	0	0	743
Lomn	1	0	1	1	0	2	0	0	0	0	5
Longhair	5715	10	124	38	3	1680	41	1	0	4	7616
Lord Emsworth	2	0	0	0	0	0	0	0	0	0	2
Lord Voldemort	182	1	9	26	0	4	4	0	0	0	226
LordAmeth	51	1	0	0	0	0	0	0	0	0	52
Loren36	76	1	12	4	1	302	20	0	0	0	416
Lostintherush	784	7	25	5	2	112	6	0	0	0	941
LouI	35	1	0	0	0	0	0	0	0	0	36
Lowellian	229	59	5	0	0	0	0	0	0	0	293
Lquilter	22	1	0	0	0	6	0	0	0	0	29
Lradrama	181	2	0	0	0	201	15	0	0	1	400
Lucasbfr	13577	197	603	25	114	3393	322	66	0	11	18308
Lucky 6.9	27946	129	766	50	0	1919	248	0	0	0	31058
Ludraman	16	3	2	2	0	4	0	0	0	0	27
Luigi30	3279	15	52	2	0	152	5	0	0	0	3505
Luis Hernández García	0	0	2	0	0	0	0	0	0	0	2
Luna Santin	6213	99	1801	160	121	12407	1021	84	0	13	21919
Lupin	642	1	5	3	0	126	8	0	0	0	785
Lupo	1911	15	9	0	0	397	21	0	0	0	2353
Lyrl	246	1	0	1	0	4	0	0	0	0	252
MBK004	391	8	122	4	18	280	16	7	0	14	860
MBisanz	16340	290	375	15	72	1185	84	15	0	80	18456
MBoarSidwell	0	0	1	0	0	0	0	0	0	0	1
MC MasterChef	103	0	0	0	0	35	4	0	0	0	142
MCB	1166	17	33	4	3	422	17	1	0	0	1663
MECU	5322	21	2	0	1	7	0	0	0	0	5353
MER-C	0	0	15	0	0	0	0	0	0	0	15
MGodwin	2	0	0	0	0	0	0	0	0	0	2
MJCdetroit	104	6	27	3	11	5	0	0	0	0	156
MONGO	3035	27	116	35	0	396	39	0	0	0	3648
MPF	441	9	7	0	0	17	0	0	0	0	474
MPUploadBot	50	7	52	0	3	0	0	0	0	0	112
MSGJ	295	9	20	2	5	35	1	2	0	2	371
MZMcBride	804942	568	7286	922	419	159	116	187	0	1	814600
MacGyverMagic	5444	98	192	106	2	276	33	0	0	0	6151
Mackensen	2476	106	68	7	1	1579	237	0	0	0	4474
Mackeriv	96	1	3	0	0	14	3	0	0	0	117
Madchester	512	15	82	18	3	237	10	0	0	0	877
Madman	791	43	21	4	4	137	14	0	0	0	1014
Mafia Expert	0	0	1	0	0	0	0	0	0	0	1
Magioladitis	813	6	16	0	4	59	3	1	0	0	902
Magnus Manske	886	4	1	1	0	14	0	0	0	0	906
Mahanga	879	9	8	1	0	56	3	0	0	0	956
Mailer diablo	49303	233	149	15	1	244	14	1	0	0	49960
Mairi	695	5	3	2	0	5	0	0	0	0	710
Majorly	15244	506	548	104	7	660	39	0	0	10	17118
Makemi	4809	53	79	13	0	378	25	0	0	0	5357
Malcolm	1283	63	47	17	2	274	19	0	0	0	1705
Malcolm Farmer	776	3	0	0	0	24	1	0	0	0	804
Malcolmxl5	3879	18	189	3	8	16	0	1	0	1	4115
Malinaccier	580	2	93	3	10	507	11	2	0	59	1267
Mallanox	1860	19	2	1	0	5	0	0	0	0	1887
Malo	2315	13	110	8	0	2233	246	0	0	0	4925
Mangojuice	4235	78	97	10	4	798	260	33	0	20	5535
Manning Bartlett	1094	10	1	0	2	13	2	0	0	0	1122
Marasmusine	4146	25	28	2	0	241	4	0	0	0	4446
Mardetanha	0	0	0	0	0	1	1	0	0	0	2
Marianocecowski	242	8	0	3	0	32	0	0	0	0	285
Marine 69-71	201	3	36	17	0	110	35	0	0	1	403
Mark	447	84	115	26	8	152	36	3	0	0	871
Mark Dingemanse	293	0	1	3	0	45	3	0	0	0	345
Mark Richards	0	0	0	0	0	0	5	0	0	0	5
Mark83	368	10	1	2	0	3	0	0	0	0	384
MarkGallagher	1931	27	81	61	0	116	26	0	0	0	2242
MarkSweep	1945	23	105	5	0	1133	41	0	0	0	3252
Markles	59	8	36	1	5	0	0	0	0	0	109
Marshman	25	0	0	0	0	30	2	0	0	0	57
Marskell	40	2	32	16	3	25	0	0	0	0	118
Martijn Hoekstra	1057	11	4	1	0	103	3	0	0	1	1180
MartinHarper	14	0	0	1	0	0	0	0	0	0	15
Martinp23	1387	89	226	31	4	358	71	1	0	4	2171
Martyman	131	2	2	0	0	35	1	0	0	0	171
Marudubshinki	4852	55	28	14	0	448	30	0	0	0	5427
Marumari	0	0	0	0	1	8	0	0	0	0	9
Masamage	806	16	16	2	3	19	1	0	0	0	863
Masem	83	8	5	0	0	8	0	0	0	0	104
MastCell	5566	68	460	21	47	919	71	3	0	1	7156
Master Jay	196	8	81	6	0	303	36	0	0	0	630
Master Thief Garrett	1143	6	7	1	0	12	2	0	0	0	1171
Master of Puppets	2200	62	239	29	46	709	31	1	0	5	3322
Matilda	221	20	33	15	1	231	10	0	0	0	531
Matt Britt	5	2	2	0	0	1	0	0	0	0	10
Matt Crypto	132	21	35	22	0	163	17	0	0	0	390
Mattbr	2529	65	4	0	0	9	0	0	0	0	2607
MatthewUND	53	1	0	0	0	5	0	0	0	0	59
Matthewedwards	1587	74	21	7	1	22	3	0	0	0	1715
Mattinbgn	893	29	36	3	5	52	1	0	0	0	1019
Mattyb420	0	0	2	0	0	0	0	0	0	0	2
Maury Markowitz	147	18	0	0	1	47	5	0	0	0	218
Mav	449	9	117	2	1	17	6	0	0	0	601
MaxSem	4846	23	167	25	7	343	96	3	0	14	5524
Maxim	105258	902	2466	259	548	1379	124	74	0	115	111125
Maxim's JS test account	0	0	1	0	0	0	0	0	0	0	1
Maximus Rex	68	0	0	0	0	0	0	0	0	0	68
Mbecker	0	0	1	3	0	3	1	0	0	0	8
Mdd4696	2233	8	31	8	0	88	4	0	0	0	2372
MediaWiki default	1310	0	0	0	0	0	0	0	0	0	1310
Meegs	8893	33	1	0	0	97	5	0	0	0	9029
Meelar	1264	7	2	1	0	121	1	0	0	0	1396
MegaHL90	0	0	1	0	0	0	0	0	0	0	1
Mel Etitis	3126	19	160	24	0	848	57	0	0	0	4234
Melburnian	109	1	2	1	0	26	0	0	0	0	139
Melchoir	698	2	11	1	0	74	1	1	0	0	788
Melesse	21113	54	3	0	0	1	0	0	0	0	21171
Menchi	20	2	0	0	0	0	0	0	0	0	22
Meno25	328	32	3	1	1	7	3	1	0	2	378
Mentifisto	616	2	2	0	0	67	0	0	0	0	687
Mercury	314	93	82	34	25	137	62	0	0	0	747
Merkinsmum	0	0	3	0	0	0	0	0	0	0	3
Merope	11766	60	56	6	0	834	15	0	0	0	12737
Merovingian	1986	100	32	14	0	275	21	0	0	26	2454
Merphant	1	2	0	0	0	0	0	0	0	0	3
Metalx97856	0	0	1	0	0	0	0	0	0	0	1
Metamagician3000	110	4	11	4	0	28	5	0	0	0	162
Metropolitan90	2387	23	1	0	1	6	2	0	0	0	2420
Mets501	9380	98	207	38	0	293	22	0	0	0	10038
Mfield	355	3	78	5	12	231	3	13	0	1	701
Miborovsky	46	3	19	13	0	30	5	0	0	0	116
Michael Greiner	645	13	10	7	0	10	1	0	0	0	686
Michael Hardy	239	59	1	0	0	15	4	1	0	0	319
Michael Snow	875	106	22	164	1	54	68	1	0	0	1291
MichaelBillington	507	8	6	0	0	4567	69	0	0	2	5159
Michaelas10	363	22	80	8	1	61	8	0	0	0	543
Mike 7	1263	16	39	3	0	285	6	0	0	0	1612
Mike Halterman	148	9	12	9	1	64	10	0	0	0	253
Mike Peel	2436	19	4	3	0	4	0	1	0	0	2467
Mike Rosoft	14080	399	399	45	18	2278	390	10	0	0	17619
Mike Selinker	2002	14	11	4	0	17	1	0	0	0	2049
Mikeblas	128	1	0	0	0	0	0	0	0	0	129
MilborneOne	165	0	0	0	0	3	0	0	0	0	168
Mindmatrix	2296	13	22	2	0	43	1	1	0	1	2379
Mindspillage	2299	75	53	27	2	91	46	0	0	0	2593
Minesweeper	13	2	0	0	0	1	0	0	0	0	16
Mirv	1146	28	38	37	0	40	46	0	0	1	1336
MisfitToys	79	8	0	0	0	0	0	0	0	0	87
Misza13	223393	280	284	21	2	4606	268	0	0	6	228860
Mitchazenia	114	3	2	0	0	13	2	0	0	0	134
Mkmcconn	20	0	3	3	0	0	0	0	0	0	26
Mkweise	30	2	0	1	0	1	0	0	0	0	34
Mo0	3125	23	14	3	0	229	21	1	0	0	3416
MoRsE	54	2	0	0	0	24	1	0	0	0	81
Modemac	14	0	3	5	0	6	1	0	0	0	29
Moink	304	3	2	0	0	7	7	0	0	0	323
Molikroth	0	0	1	0	0	0	0	0	0	0	1
Moncrief	99	1	4	3	0	40	1	0	0	0	148
Moni3	34	1	20	1	5	17	0	1	0	0	79
Montrealais	21	1	0	0	0	0	0	0	0	0	22
Moondyne	1958	55	58	14	2	299	38	0	0	0	2424
Moonriddengirl	6882	742	102	13	9	247	10	5	0	0	8010
Moreschi	1031	26	190	11	39	810	80	0	0	17	2204
Moriori	3534	3	0	0	0	252	5	0	0	0	3794
Morven	814	26	7	1	0	224	54	1	0	0	1127
Morwen	615	14	6	1	0	84	8	0	0	0	728
Mr. Lefty	1525	10	62	6	0	595	31	0	0	0	2229
Mr.Z-man	18782	236	477	50	284	1609	181	25	0	25	21669
MrDarcy	222	5	36	7	0	143	12	0	0	0	425
Mtmelendez	1039	5	11	0	0	2	0	0	0	0	1057
Mufka	516	0	8	0	0	70	0	5	0	0	599
Mulad	41	5	0	0	0	0	0	0	0	0	46
Mushroom	21971	182	34	9	3	440	90	0	0	0	22729
Musical Linguist	324	149	109	24	0	900	71	0	0	0	1577
Mustafaa	131	1	0	3	0	10	1	0	0	0	146
MykReeve	2	0	0	0	0	0	0	0	0	0	2
Myleslong	22	29	6	3	0	28	8	0	0	0	96
Mysekurity	728	14	40	21	0	81	2	0	0	0	886
Mysid	2489	2	2	1	0	14	5	0	0	0	2513
Mzajac	147	4	8	2	1	46	4	0	0	0	212
NCurse	1581	11	1	1	0	34	0	0	0	0	1628
NSLE	561	11	90	18	0	440	101	0	0	0	1221
Nabla	786	43	15	5	1	1	0	0	0	0	851
Nae'blis	844	53	28	2	0	15	2	0	0	0	944
Nagy	0	0	1	0	0	0	0	0	0	0	1
Nakon	31257	371	554	55	24	12502	6010	0	0	74	50847
Nancy	9790	67	328	16	11	592	11	5	0	6	10826
Nandesuka	691	28	92	15	2	382	27	1	0	0	1238
Nanfoodle	0	0	1	0	0	0	0	0	0	0	1
Nanobug	1	0	0	0	0	0	0	0	0	0	1
Nat	188	35	156	9	31	263	15	0	0	0	697
Natalie Erin	4501	23	68	3	0	987	27	0	0	0	5609
Natalya	323	13	36	7	3	109	39	0	0	0	530
NawlinWiki	145711	6318	8196	24	537	10955	436	230	0	3	172410
Necrothesp	307	8	0	0	1	105	8	0	0	0	429
Nehrams2020	3325	14	4	2	0	118	2	0	0	0	3465
Netsnipe	1143	60	597	91	10	3632	1742	0	0	0	7275
Neutrality	3710	30	48	10	0	175	58	0	0	0	4031
Nev1	128	6	12	2	7	72	1	0	0	0	228
Newyorkbrad	734	15	46	5	2	517	32	0	0	1	1352
Ngb	612	58	9	6	0	10	0	0	0	0	695
Nichalp	1191	70	50	16	4	72	9	0	979	123	2514
NicholasTurnbull	212	14	15	10	0	139	17	0	0	0	407
Nick	2664	127	234	23	19	651	67	8	0	1	3794
Nick-D	319	8	32	0	4	166	11	11	0	0	551
Nickptar	612	13	3	1	0	116	31	0	0	0	776
Nickshanks	52	1	3	0	0	0	0	0	0	0	56
Nicman911	0	0	2	0	0	0	0	0	0	0	2
Night Gyr	405	36	8	3	1	31	2	0	0	0	486
Nightmarishnight	0	0	1	0	0	0	0	0	0	0	1
Nightscream	20	7	41	2	1	93	2	1	0	0	167
Nightstallion	1762	126	70	7	0	29	2	0	0	0	1996
Nihiltres	7222	119	102	25	25	252	13	2	0	9	7769
Nihonjoe	4413	258	204	33	5	139	18	1	0	0	5071
Nikki311	407	2	24	1	2	39	1	0	0	1	477
Nilfanion	568	25	4	3	0	3	0	0	0	0	603
Nishkid64	7273	345	1215	634	65	5064	261	104	0	2	14963
Niteowlneils	4157	80	1	0	0	16	1	0	0	0	4255
Nixdorf	2	0	0	0	0	0	0	0	0	0	2
Nixeagle	10306	242	91	14	9	3224	77	20	0	2	13985
Nja247	79	7	11	1	8	152	1	13	0	5	277
Nlu	1594	87	598	225	12	3541	220	0	0	0	6277
Nmajdan	210	5	7	7	4	62	2	0	0	0	297
No Guru	925	11	31	12	0	431	8	0	0	0	1418
NoSeptember	1581	46	24	25	1	122	61	0	0	44	1904
NodpiW	0	0	1	0	0	0	0	0	0	0	1
Nohat	265	38	39	33	0	62	5	0	0	0	442
Noldoaran	2	0	0	0	0	0	0	0	0	0	2
Notheruser	70	0	0	0	0	0	0	0	0	0	70
Nousernamesleft	189	7	5	2	3	2	1	0	0	3	212
NrDg	1352	99	256	17	25	705	23	25	0	3	2505
NuclearWarfare	0	0	2	0	0	0	0	0	0	0	2
Nufy8	368	1	34	2	6	330	15	0	0	0	756
Number 57	5813	56	69	2	1	50	4	0	0	0	5995
Nunh-huh	440	29	22	3	1	310	11	3	0	1	820
Nv8200p	59494	179	25	3	0	106	3	0	0	0	59810
Nyttend	1880	91	10	0	0	139	1	0	0	0	2121
Oberiko	294	3	8	2	0	162	0	0	0	0	469
Obli	1047	6	28	5	0	99	7	0	0	0	1192
Ocatecir	1337	11	100	8	1	248	9	0	0	0	1714
Ocee	195	0	3	3	0	95	4	0	0	0	300
Od Mishehu	5170	147	168	24	24	267	51	103	0	4	5958
OhanaUnited	476	33	11	3	1	122	7	0	0	7	660
Ohnoitsjamie	3874	51	218	10	12	2156	47	11	0	0	6379
Okiefromokla	195	2	21	3	3	208	7	0	0	0	439
OldakQuill	325	20	6	2	0	2	1	0	0	0	356
Oldboy212	0	0	1	0	0	0	0	0	0	0	1
Oldelpaso	622	6	16	10	0	30	1	0	0	2	687
Oldwindybear	2	0	0	0	0	2	1	0	0	0	5
Oleg Alexandrov	683	56	14	8	0	35	9	0	0	1	806
Olessi	142	6	0	0	0	14	1	0	0	0	163
Oliver Pereira	0	4	0	1	0	0	0	0	0	0	5
Olivier	192	3	6	1	0	22	0	0	0	0	224
Omegatron	308	90	27	12	0	15	0	0	0	0	452
One	842	101	117	18	0	140	27	0	0	0	1245
Opabinia regalis	1409	5	15	2	0	3	0	0	0	0	1434
Orangemike	17314	101	453	22	11	2961	33	18	0	0	20913
Orderinchaos	2790	121	56	9	8	187	33	2	0	1	3207
Oren0	129	6	22	4	7	30	8	2	0	4	212
Orioane	114	1	4	2	0	11	0	0	0	0	132
Oscarthecat	2305	14	166	2	0	292	7	0	0	0	2786
OverlordQ	222	1	1	1	0	7	1	3	0	0	236
Owen	254	24	15	33	0	84	23	0	0	0	433
OwenX	2320	22	179	20	1	1232	82	2	0	7	3865
Oxymoron83	10742	98	407	9	59	5239	34	50	0	0	16638
PDH	9821	82	355	197	0	243	21	0	0	0	10719
PFHLai	3368	130	844	715	1	58	1	0	0	0	5117
PMDrive1061	12080	138	572	11	1	1248	31	68	0	1	14150
PS2pcGAMER	2303	23	25	32	0	87	18	0	0	0	2488
PZFUN	93	3	6	2	0	14	6	0	0	0	124
Pablo-flores	920	2	16	6	2	180	2	0	0	0	1128
PabsP	25	4	45	9	0	65	16	0	0	0	164
Paginazero	3	3	0	0	0	0	0	0	0	0	6
Pagrashtak	3190	13	3	2	0	10	1	0	0	0	3219
Pakaran	116	4	4	5	0	19	6	0	19	19	192
Pamri	707	1	0	4	0	0	0	0	0	0	712
Papa November	2863	43	20	4	10	210	13	1	0	0	3164
Parsecboy	2269	84	31	5	0	317	11	0	0	3	2720
Parthian Scribe	0	0	1	0	0	0	0	0	0	0	1
Pascal.Tesson	14800	84	77	2	1	751	20	0	0	0	15735
Pastordavid	1312	9	8	6	0	10	1	0	0	0	1346
Pathoschild	8284	149	151	33	0	2403	700	0	0	1	11721
Patrick	133	112	9	1	1	3	1	0	0	0	260
Pats1	229	48	125	7	12	290	6	1	0	0	718
Paul A	88	17	0	0	0	0	0	0	0	0	105
Paul August	1114	8	8	1	3	122	3	0	0	0	1259
Paul Erik	750	5	3	1	0	136	4	0	0	0	899
Pax:Vobiscum	574	38	182	6	13	34	1	0	0	0	848
Pb30	858	1	0	0	1	275	3	0	0	0	1138
Pcb21	100	42	3	6	0	1	1	0	0	0	153
PeaceNT	5087	175	105	10	8	298	9	0	0	0	5692
PedanticallySpeaking	41	8	2	0	0	0	0	0	0	0	51
Pedro	8547	39	82	10	7	708	13	6	0	209	9621
Pedro Paulo Vasconcellos	0	0	2	0	0	0	0	0	0	0	2
Pegship	165	2	1	0	0	1	0	0	0	0	169
Penader	0	0	1	0	0	0	0	0	0	0	1
Pending deletion script	1210	0	0	0	0	0	0	0	0	0	1210
Pengo	50	14	2	1	0	7	0	0	0	0	74
Penwhale	145	8	44	6	14	50	13	1	0	0	281
Pepsidrinka	993	33	34	19	0	395	34	0	0	0	1508
Perceval	29	0	5	4	0	19	0	0	0	0	57
Peripitus	5934	27	74	17	9	102	6	4	0	1	6174
Persian Poet Gal	2271	88	981	25	36	3134	140	4	0	1	6680
Peruvianllama	624	7	18	4	0	366	6	0	0	0	1025
Peteforsyth	6	5	1	1	3	6	2	0	0	0	24
Peter	3642	47	74	23	0	652	39	0	0	0	4477
PeterSymonds	4545	99	872	336	306	716	49	173	0	236	7332
Pgk	3711	73	556	54	0	4060	2204	0	0	0	10658
Phaedriel	3551	55	199	30	16	308	19	0	0	0	4178
Pharos	388	68	589	153	0	40	5	0	0	0	1243
Phil Bordelon	0	0	2	1	0	0	0	0	0	0	3
Phil Boswell	532	10	79	1	3	19	4	0	0	0	648
Phil Sandifer	674	136	79	56	8	278	69	0	0	0	1300
PhilKnight	17523	354	635	45	28	3468	162	66	0	16	22297
Philip Baird Shearer	327	68	59	13	16	13	1	0	0	0	497
Philippe	4087	51	332	31	41	1474	66	0	0	7	6089
Philosopher	949	15	26	1	4	28	2	6	0	23	1054
Phils	15	1	0	0	0	26	2	0	0	0	44
Philwelch	933	44	28	7	0	72	14	0	0	0	1098
Phuntsok2000	0	0	2	0	0	0	0	0	0	0	2
Physchim62	1115	41	34	5	0	107	17	0	0	0	1319
Piazzajordan2	0	0	1	0	0	0	0	0	0	0	1
Picaroon	4039	61	55	12	5	461	27	0	0	1	4661
PierreAbbat	0	0	0	0	0	5	0	0	0	0	5
Pigman	892	8	13	0	1	16	4	0	0	0	934
Pilotguy	7231	64	294	29	1	2576	685	0	0	0	10880
PinchasC	119	18	48	14	0	188	6	0	0	0	393
Pinkville	0	0	6	0	0	1	0	0	0	0	7
Piotrus	600	160	17	8	2	80	17	0	0	0	884
Pjacobi	230	6	15	3	0	99	2	0	0	0	355
Plange	123	0	3	1	0	32	0	0	0	0	159
Please try again.	0	0	1	0	0	0	0	0	0	0	1
Poeloq	21	1	0	0	0	51	2	0	0	4	79
Polaron	0	0	1	0	0	0	0	0	0	0	1
Pollinator	35	0	4	0	0	146	1	0	0	0	186
Poor Yorick	89	0	6	3	1	0	0	0	0	0	99
Postdlf	5468	79	115	4	3	672	9	1	0	0	6351
Pratyeka	1	1	0	0	0	0	0	0	0	0	2
Premeditated Chaos	1732	18	3	0	0	19	1	0	0	0	1773
PrimeHunter	53	6	2	1	0	0	0	0	0	1	63
ProcseeBot	0	0	0	0	0	12676	0	0	0	0	12676
Prodego	1812	251	133	83	58	1036	204	57	0	22	3656
ProhibitOnions	233	1	0	1	0	50	0	0	0	0	285
Prolog	1206	30	62	5	3	455	2	0	0	0	1763
Promethean	0	0	1	0	0	0	0	0	0	0	1
Proteus	113	0	2	0	0	11	10	0	0	0	136
Protonk	2297	1164	64	3	6	141	21	22	0	1	3719
ProveIt	4433	7	3	0	0	2	0	0	0	0	4445
Pschemp	2134	247	169	29	0	3321	319	0	0	0	6219
Psy guy	110	0	10	9	0	181	17	0	0	0	327
Punkmorten	6570	52	3	0	0	19	6	0	0	0	6650
Qaz	75	0	0	0	0	0	0	0	0	0	75
Quadell	84041	257	37	16	1	110	10	0	0	0	84472
Quarl	7973	111	22	10	0	37	3	0	0	0	8156
Quell	0	0	1	0	0	0	0	0	0	0	1
Quercusrobur	15	2	3	2	0	8	0	0	0	0	30
Qwghlm	588	31	15	1	0	17	0	0	0	0	652
R'n'B	976	30	6	0	0	0	0	0	0	0	1012
R-Con 9	0	0	1	0	0	0	0	0	0	0	1
R. Baley	4	3	24	0	10	68	5	0	0	0	114
R. fiend	2822	21	19	4	0	56	1	0	0	0	2923
R3m0t	1340	15	30	0	0	4	4	0	0	0	1393
RG2	3298	61	18	1	0	162	8	0	0	0	3548
RHaworth	40944	2709	1853	37	1	426	14	1	0	0	45985
RJFJR	32	1	0	0	0	0	0	0	0	0	33
RN	706	132	17	15	0	28	7	0	0	0	905
Radiant!	2464	50	180	45	0	178	23	0	0	0	2940
RadicalBender	510	8	3	0	0	13	0	0	0	0	534
RadioKirk	2676	77	164	15	0	1678	74	0	0	0	4684
Ragesoss	341	39	5	1	1	6	0	0	0	0	393
Ragib	462	15	51	8	2	254	11	0	0	0	803
Raith Sienar	0	0	8	0	0	0	0	0	0	0	8
Ral315	2266	121	351	28	24	345	49	0	0	2	3186
Ram-Man	834	3	16	0	1	25	6	0	0	0	885
Rama	720	9	18	10	0	315	13	1	0	0	1086
Rama's Arrow	1202	3	46	9	0	200	25	0	0	0	1485
Ramallite	2	0	0	0	0	6	0	0	0	0	8
Ran	193	3	7	0	2	87	2	0	0	0	294
Random832	609	127	30	11	10	33	8	0	0	7	835
Raso mk	0	0	1	0	0	0	0	0	0	0	1
RasputinAXP	2198	13	28	5	0	84	3	0	0	0	2331
Raul654	1141	101	1669	502	41	2435	225	4	147	59	6324
Raven4x4x	407	2	3	0	0	200	1	0	0	1	614
Raymolayenie	0	0	1	0	0	0	0	0	0	0	1
Raymond arritt	874	2	32	8	5	344	21	0	0	0	1286
Rbrwr	346	2	0	0	0	1	0	0	0	0	349
Rd232	1211	4	3	2	1	29	1	1	0	0	1252
Rdsmith4	3177	64	138	61	0	590	268	1	868	81	5248
Rebecca	2211	69	32	3	2	138	71	0	0	0	2526
Recurring dreams	6	0	1	0	0	21	1	0	0	0	29
RedWolf	14619	48	0	0	0	3	0	0	0	0	14670
RedWordSmith	240	10	13	20	0	20	1	0	0	0	304
RedirectCleanupBot	4377	0	0	0	0	0	0	0	0	0	4377
Redux	196	12	24	7	0	47	1	0	131	83	501
Redvers	16483	136	816	27	14	1849	201	301	0	0	19827
Redwolf24	1943	48	50	25	0	208	45	0	0	0	2319
Reedy	1085	30	33	13	13	39	11	0	0	9	1233
Refdoc	61	5	11	4	0	28	5	0	0	0	114
Reflex Reaction	511	14	1	2	0	6	0	0	0	0	534
RegentsPark	188	4	19	2	4	38	0	0	0	0	255
Remember the dot	803	11	26	1	7	16	1	0	0	13	878
Renata3	4596	30	14	2	0	59	4	0	0	0	4705
Renesis	148	0	25	1	0	19	6	0	0	0	199
Resolute	1096	15	11	2	1	27	1	0	0	0	1153
Retired username	12142	239	115	33	8	206	14	0	0	2	12759
RetiredUser2	376	88	25	15	0	12	6	0	0	0	522
Rettetast	19691	52	10	2	1	359	5	0	0	2	20122
Revolving Bugbear	102	7	5	1	0	25	11	0	0	0	151
RexNL	2299	11	153	11	9	4191	66	15	0	0	6755
ReyBrujo	951	36	101	29	5	138	2	0	0	0	1262
Rfl	364	39	0	0	0	0	0	0	0	0	403
Rhobite	719	15	67	26	0	617	47	0	0	0	1491
Rholton	250	3	8	1	0	19	3	0	0	0	284
Riana	14011	149	1041	106	105	2424	192	1	0	16	18045
Rich Farmbrough	2284	163	55	28	5	214	28	1	0	0	2778
Richardcavell	433	8	29	9	1	73	2	0	0	0	555
Richardshusr	884	37	46	22	10	12	3	0	0	0	1014
Rick Block	630	3	3	1	0	65	2	0	0	0	704
RickK	2466	14	53	5	0	651	26	0	0	0	3215
Ricky81682	3997	17	31	59	19	118	12	1	0	0	4254
Rifleman 82	370	38	29	9	4	103	6	3	0	3	565
Rigadoun	203	6	2	1	0	2	1	0	0	0	215
Risker	452	42	95	31	65	153	13	2	0	1	854
Rjd0060	14430	335	548	37	75	1079	120	30	0	22	16676
Rje	1193	8	93	171	0	315	5	0	0	0	1785
Rkitko	480	41	9	2	1	10	1	0	0	0	544
Rklawton	868	14	25	2	2	468	15	9	0	0	1403
Rlandmann	1057	68	23	3	0	44	3	0	0	0	1198
Rlevse	1345	58	131	17	26	2643	156	3	538	68	4985
Rlquall	4	1	0	0	0	1	1	0	0	0	7
Rmhermen	1974	13	24	7	2	54	0	0	0	0	2074
Roadrunner	0	0	0	0	0	5	0	0	0	0	5
RobH	0	0	0	0	0	0	0	0	1	0	1
RobLa	2	1	0	0	0	0	0	0	0	0	3
Robchurch	714	11	6	4	0	83	12	0	0	0	830
Robdurbar	1591	72	147	84	0	112	25	0	0	0	2031
Robert Merkel	0	1	0	0	0	5	4	0	0	0	10
RobertG	6023	23	37	5	1	365	23	0	0	1	6478
Robin Patterson	0	0	0	0	0	1	0	0	0	0	1
Robth	3830	187	5	3	0	10	0	0	0	0	4035
RobyWayne	122	0	0	0	0	14	0	0	0	0	136
RockMFR	1950	165	168	35	19	275	5	0	0	1	2618
Rockero	77	1	5	2	0	13	0	0	0	0	98
Rockpocket	435	9	25	9	4	137	15	0	0	1	635
Rocky Road	0	0	1	0	0	0	0	0	0	0	1
Rodhullandemu	733	41	550	23	89	1783	93	23	0	7	3342
Roger Davies	423	19	7	0	2	30	1	0	0	2	484
Rogerd	571	11	24	5	0	138	1	0	0	0	750
Ronline	60	3	6	8	0	11	1	0	0	0	89
Ronnotel	17	2	39	9	5	81	24	0	0	1	178
Rootology	56	2	72	0	15	66	1	5	0	1	218
Roozbeh	152	2	27	7	0	8	1	0	0	0	197
Rossami	1003	464	35	9	1	228	2	0	0	0	1742
RoyBoy	116	2	33	2	1	610	13	0	0	0	777
RoySmith	339	10	28	5	0	230	10	1	0	0	623
Royalbroil	796	17	57	16	4	41	3	0	0	0	934
Royalguard11	1825	32	265	375	27	177	19	0	0	0	2720
Royboycrashfan	6095	107	73	0	0	386	22	0	0	0	6683
Rschen7754	1025	50	339	5	9	373	49	6	0	7	1863
Rspeer	105	3	15	1	0	72	11	0	0	0	207
Ruhrfisch	207	9	37	4	0	38	4	3	0	0	302
Runcorn	72	4	5	2	0	143	79	0	0	0	305
Rune.welsh	819	5	28	7	0	33	1	0	0	0	893
Ruslik0	693	5	109	14	36	63	2	4	0	9	935
Ruud Koot	1239	70	65	16	4	310	61	1	0	1	1767
Rwiggum	0	0	1	0	0	0	0	0	0	0	1
Rx StrangeLove	723	1	5	3	1	451	10	0	0	0	1194
Ryan Delaney	1430	28	62	52	9	224	16	0	0	1	1822
Ryan Postlethwaite	1305	88	261	52	58	1318	148	6	0	56	3292
RyanGerbil10	3623	18	46	4	2	190	11	0	0	2	3896
Ryulong	10654	205	1210	49	76	6255	615	52	0	2	19118
S@bre	1	1	0	0	1	1	0	0	0	0	4
SB Johnny	26	1	6	0	2	5	0	0	0	0	40
SCEhardt	5235	48	12	0	0	303	3	0	0	0	5601
SCZenz	447	17	17	21	5	149	26	0	0	0	682
SD6-Agent	1	0	0	0	0	0	0	0	0	0	1
SGGH	1802	30	18	5	0	684	26	0	0	2	2567
SQL	2451	46	372	10	66	262	124	0	0	34	3365
ST47	37679	2374	218	64	78	5847	2327	2	0	3	48592
SWAdair	1600	7	49	1	0	38	1	0	0	0	1696
Sabine's Sunbird	16	0	4	0	2	0	0	0	0	0	22
Sadalmelik	0	0	1	0	0	0	0	0	0	0	1
Sade	148	5	3	0	0	1	2	0	0	0	159
Salix alba	84	7	7	2	4	6	0	0	0	0	110
Sam	96	16	22	4	0	22	0	0	0	2	162
Sam Blacketer	2386	15	44	8	2	193	33	1	0	1	2683
Sam Hocevar	6	7	0	0	0	1	2	0	0	0	16
Sam Korn	1003	21	65	10	9	972	74	4	0	13	2171
Sam Vimes	31	5	0	0	0	23	0	0	0	0	59
Samir	2444	93	255	132	7	441	50	0	0	2	3424
Samotnik	0	0	2	0	0	0	0	0	0	0	2
Samsara	36	21	73	4	2	63	33	0	0	0	232
Samuel Blanning	1742	97	157	65	0	1197	170	0	0	0	3428
Samulili	1	0	0	0	0	1	0	0	0	0	2
Sanchom	226	3	4	1	0	58	8	0	0	0	300
Sandahl	7613	90	350	7	8	3462	65	9	0	2	11606
Sandstein	5913	62	360	20	10	902	191	13	0	3	7474
Sango123	4193	11	41	3	0	1567	66	0	0	0	5881
Sannse	882	30	19	10	0	57	35	0	0	0	1033
Sarah	2478	132	116	37	4	423	103	0	0	21	3314
Saravask	385	15	27	15	10	78	13	0	0	0	543
Sarcasticidealist	1192	71	87	4	15	255	26	4	0	3	1657
Sardanaphalus	0	0	7	0	0	0	0	0	0	0	7
SarekOfVulcan	526	32	13	2	2	49	10	5	0	0	639
Sasquatch	1828	23	82	25	1	670	104	0	0	1	2734
Sassygurl192	0	0	2	0	0	0	0	0	0	0	2
Satori Son	1296	47	157	11	2	396	13	5	0	0	1927
SatyrTN	2024	17	18	8	4	36	7	0	0	0	2114
Savidan	52	2	13	5	0	0	0	0	0	0	72
Saxifrage	292	2	10	4	0	13	0	0	0	0	321
Scarian	647	22	160	3	17	972	62	4	0	5	1892
Sceptre	1628	92	81	8	0	518	89	0	0	0	2416
Schissel	11	0	0	0	0	2	2	0	0	0	15
Schneelocke	28	3	15	2	0	11	2	0	0	0	61
SchuminWeb	8273	194	61	8	5	245	4	4	0	0	8794
Schutz	747	3	3	0	0	2	0	0	0	0	755
Scientizzle	2715	51	171	16	4	871	29	1	0	0	3858
Scimitar	192	3	9	3	0	97	4	0	0	0	308
Scipius	0	0	0	0	0	1	0	0	0	0	1
Scjessey	0	0	1	0	0	0	0	0	0	0	1
Scm83x	229	5	6	1	0	37	2	0	0	0	280
Scorpion0422	0	0	1	0	0	0	0	0	0	0	1
Scott Burley	842	1	11	1	0	33	3	0	0	0	891
Scott5114	1175	6	119	5	0	29	5	0	0	1	1340
ScottDavis	301	36	9	5	0	37	4	0	0	0	392
Seabhcan	193	3	5	2	0	27	2	0	0	0	232
Sean Whitton	360	16	18	7	0	49	3	0	0	2	455
Sean William	868	45	109	8	4	414	35	0	0	2	1485
Searchme	147	0	0	0	0	11	0	0	0	0	158
Seattle Skier	285	6	8	0	0	21	1	0	0	0	321
SebastianHelm	51	9	6	2	2	3	4	0	0	0	77
Sebastiankessel	2	2	8	4	0	38	1	0	0	0	55
Secret	3915	43	95	6	7	182	12	1	0	16	4277
Secretlondon	427	6	2	0	0	420	8	0	849	12	1724
Seddon	3	0	2	0	0	6	0	1	0	4	16
Seglea	188	3	1	0	0	0	0	0	0	0	192
Seicer	1866	43	335	37	47	707	48	12	0	0	3095
Selket	1184	8	19	3	2	212	16	0	0	0	1444
SemBubenny	4923	248	264	63	16	1202	98	0	0	0	6814
Sephiroth BCR	907	17	35	6	1	318	7	0	0	0	1291
Seraphim	404	35	40	9	11	135	22	1	0	3	660
Seraphimblade	2214	13	35	9	2	641	45	0	0	2	2961
Seresin	2157	66	168	6	26	150	1	3	0	5	2582
Sesel	75	4	19	12	0	12	0	0	0	0	122
Seth Ilys	343	2	7	2	0	5	3	0	0	0	362
Sethant	1	2	0	0	0	0	0	0	0	0	3
Sfoskett	11	1	1	0	0	0	0	0	0	0	13
Sgeureka	422	17	1	0	0	3	1	0	0	0	444
Shadow1	284	13	32	4	0	170	27	0	0	0	530
ShamelessAngel	0	0	1	0	0	0	0	0	0	0	1
Shanel	4682	76	71	17	0	2594	517	0	0	0	7957
Shanes	2423	19	86	161	3	1090	24	0	0	0	3806
Shauri	44	0	0	1	0	2	0	0	0	0	47
SheffieldSteel	31	3	12	0	4	74	3	11	0	0	138
Sheldon Rampton	2	0	0	0	0	1	0	0	0	0	3
Shell Kinney	10699	253	52	6	3	612	72	1	0	1	11699
Shereth	450	17	11	3	1	159	4	0	0	0	645
Sherool	37626	62	18	6	0	18	1	0	0	0	37731
Shii	361	32	20	11	0	51	52	0	0	2	529
Shimeru	789	0	6	0	0	2	0	0	0	0	797
Shimgray	1191	131	139	4	5	28	17	0	0	0	1515
Shirahadasha	171	2	10	4	3	55	8	0	0	0	253
Shizhao	1	1	1	0	0	0	0	0	0	0	3
Shoeofdeath	744	3	7	0	0	93	0	0	0	0	847
Shreshth91	2323	19	33	12	0	390	48	0	0	0	2825
Shyam	16920	56	19	2	0	57	1	0	0	1	17056
Shyamal	50	2	18	2	5	24	2	0	0	2	105
Silence	22	0	0	1	0	0	0	0	0	0	23
SilkTork	79	6	3	1	3	1	0	0	0	0	93
Silsor	523	6	35	41	0	139	137	0	0	0	881
SimonP	5268	50	10	275	0	45	2	0	0	0	5650
Singularity	7381	114	61	15	2	79	7	0	0	1	7660
Sir Nicholas de Mimsy-Porpington	2142	60	84	11	4	814	82	0	0	0	3197
SirFozzie	342	18	85	8	35	276	32	0	0	0	796
Siroxo	73	4	0	0	0	18	0	0	0	0	95
Sitthisoneout1	0	0	1	0	0	0	0	0	0	0	1
Sj	91	160	6	8	0	54	8	0	0	0	327
Sjakkalle	4528	372	40	28	0	797	65	1	0	0	5831
Sjc	19	0	0	0	0	3	0	0	0	0	22
Sjorford	419	31	4	5	0	3	0	0	0	0	462
Skier Dude	39030	1971	293	7	19	578	1414	3	0	0	43315
Slakr	3678	61	270	24	83	9069	95	12	0	14	13306
Slambo	694	18	33	0	0	184	5	0	0	0	934
SlimVirgin	1139	278	746	390	14	1118	228	0	0	0	3913
Slowking Man	1350	29	130	25	1	859	132	0	0	0	2526
Slp1	391	10	13	3	1	81	2	1	0	0	502
Slrubenstein	31	1	26	6	2	36	10	3	0	0	115
Slumgum	154	1	1	0	0	0	0	0	0	0	156
Smalljim	799	7	13	2	0	387	7	3	0	0	1218
Smashville	703	2	38	2	1	266	15	18	0	0	1045
Smith03	115	4	5	0	1	5	67	0	0	0	197
Smith609	120	0	0	0	0	1	0	2	0	0	123
SmthManly	519	4	32	9	1	51	2	0	0	0	618
Smurrayinchester	67	3	10	6	0	17	6	0	0	0	109
Sn0wflake	404	3	14	2	0	107	2	0	0	0	532
Snowolf	681	15	40	6	2	585	30	0	0	3	1362
Snoyes	95	0	1	0	0	40	0	0	0	0	136
SoLando	273	13	18	7	0	191	6	0	0	0	508
SoWhy	3951	34	507	39	116	219	5	4	0	4	4879
Solid Falcon	0	0	2	0	0	0	0	0	0	0	2
Solipsist	78	1	136	49	0	108	12	0	0	0	384
Someguy1221	191	2	2	2	0	36	1	0	0	1	235
Somno	379	9	6	0	2	5	0	0	0	0	401
SorryGuy	11	2	2	2	0	18	2	0	0	0	37
Sortior	1	0	0	0	0	0	0	0	0	0	1
Soumyasch	2797	54	74	10	2	670	32	0	0	6	3645
SouthernNights	2055	45	125	34	10	251	6	4	0	0	2530
Spangineer	262	10	16	11	0	94	8	0	0	0	401
Spartaz	2370	120	157	26	9	312	72	3	0	7	3076
Spebi	1545	31	165	9	26	493	26	0	0	10	2305
Spellcast	7815	414	626	7	33	8843	614	74	0	10	18436
Spencer	78	3	26	3	4	236	3	0	0	1	354
Spencer195	12	0	0	0	0	3	0	0	0	0	15
Spike Wilbury	2489	101	18	4	0	136	4	0	0	1	2753
Splash	8127	317	260	758	7	414	136	0	0	1	10020
SpuriousQ	625	1	17	1	0	569	5	0	0	0	1218
Srikeit	1840	18	86	45	0	387	22	0	0	0	2398
Ssd	1699	2	7	1	0	14	0	0	0	0	1723
Staecker	1688	19	1	1	0	2	0	0	0	0	1711
Stan Shebs	2648	74	1	0	0	25	0	0	1	0	2749
Star Mississippi	1932	47	63	4	3	226	8	0	0	0	2283
Starblind	2273	13	79	1	1	223	6	1	0	0	2597
Staxringold	127	1	0	0	0	26	0	0	0	0	154
Steel	9468	74	968	332	23	1187	88	0	0	5	12145
Steinsky	34	0	7	2	0	32	1	0	0	0	76
Stemonitis	3606	125	9	12	2	37	2	0	0	0	3793
Stephan Schulz	2	0	5	1	1	58	3	1	0	0	71
Stephanie	603	27	41	25	0	157	52	0	0	0	905
Stephen	6273	80	66	1	0	1043	55	2	0	6	7526
Stephen Bain	1744	41	85	23	1	93	18	0	0	0	2005
StephenBuxton	213	10	23	3	3	156	8	0	0	0	416
SteveSims	0	0	1	0	0	0	0	0	0	0	1
Steven Walling	457	3	47	0	3	55	3	0	0	0	568
Stevenfruitsmaak	90	7	10	0	0	9	0	0	0	0	116
Stevenj	33	1	23	0	0	34	1	0	0	0	92
Stevertigo	136	16	46	11	0	22	14	0	0	0	245
Stewartadcock	828	0	10	3	0	6	1	0	0	0	848
Stifle	14879	401	472	51	41	458	62	2	0	31	16397
Stormie	2156	62	46	6	3	360	11	0	0	1	2645
StuffOfInterest	173	5	29	2	0	104	2	0	0	0	315
Stuffdoing	0	0	1	0	0	0	0	0	0	0	1
Stwalkerster	2450	53	72	1	4	337	42	2	0	30	2991
Sub619	0	0	1	0	0	0	0	0	0	0	1
Sue Anne	499	9	0	0	0	1	0	0	0	0	509
Sugarfish	2	2	1	1	0	0	0	0	0	0	6
Sundar	39	13	0	0	1	6	3	0	0	0	62
Superm401	253	24	19	22	23	47	12	0	0	0	400
Sverdrup	501	4	1	2	0	2	2	0	0	0	512
Swatjester	944	30	181	16	29	363	49	0	0	5	1617
Syrthiss	2303	40	133	22	0	1323	64	0	0	0	3885
TKD	2629	138	74	17	18	299	29	1	0	2	3207
TPK	62	0	0	0	0	0	0	0	0	0	62
TSO1D	89	1	34	8	2	21	2	0	0	0	157
TShilo12	59	4	7	2	0	5	2	0	0	0	79
TUF-KAT	540	39	0	0	0	12	1	0	0	0	592
Ta bu shi da yu	1396	57	88	47	0	171	56	0	0	0	1815
Tabercil	258	13	48	5	1	168	4	1	0	0	498
Talrias	255	8	23	14	0	82	17	0	0	0	399
Tango	341	2	4	2	0	75	4	0	0	0	428
Tangotango	1509	28	23	1	1	621	17	0	0	0	2200
Tanner-Christopher	9	0	11	0	4	1	1	0	0	0	26
Tannin	57	2	1	0	0	22	1	0	0	0	83
Tanthalas39	1895	21	762	29	110	2368	48	8	0	1	5242
Tariqabjotu	301	25	811	86	37	433	73	1	0	0	1767
Taw	87	17	0	2	0	0	0	0	0	0	106
Tawker	4335	50	281	18	12	1753	349	0	0	9	6807
Taxman	243	18	14	10	0	175	12	0	33	191	696
Tbo 157	30	2	3	1	0	24	6	0	0	0	66
TeaDrinker	989	10	12	1	0	208	4	0	0	0	1224
TenOfAllTrades	392	14	58	5	4	490	37	5	0	1	1006
TerriersFan	1311	49	150	12	8	238	10	2	0	0	1780
Terrillja	0	0	1	0	0	0	0	0	0	0	1
TexasAndroid	17642	434	302	40	11	626	35	0	0	1	19091
Texture	450	10	1	1	0	34	1	0	0	0	497
Thatcher	2710	97	233	58	22	2802	327	0	0	21	6270
Thatislifeandlove	0	0	2	0	0	0	0	0	0	0	2
The Anome	3057	71	318	32	21	3593	177	29	0	2	7300
The Cunctator	5	49	5	17	0	11	6	0	0	0	93
The Epopt	3283	41	27	2	0	44	12	0	0	0	3409
The JPS	7051	34	150	20	7	338	12	0	0	0	7612
The Land	454	6	12	5	0	96	13	0	0	0	586
The Placebo Effect	366	12	38	8	6	27	4	0	0	2	463
The Rambling Man	3077	8	52	3	4	666	6	0	184	24	4024
The Random Editor	88	0	21	0	0	39	1	0	0	0	149
The Singing Badger	25	0	0	0	0	2	0	0	0	0	27
The Tom	131	10	39	12	0	4	0	0	0	0	196
The Transhumanist	0	0	3	0	0	0	0	0	0	0	3
The undertow	809	10	38	9	4	112	7	0	0	4	993
The wub	6358	24	25	5	0	170	8	0	0	2	6592
The-G-Unit-Boss	1409	5	101	3	12	24	0	0	0	0	1554
TheCoffee	29251	42	17	13	0	25	0	1	0	0	29349
TheCustomOfLife	43	0	6	1	0	3	0	0	0	0	53
TheParanoidOne	12440	29	0	0	0	0	0	0	0	0	12469
TheProject	2160	13	21	8	0	67	3	0	0	0	2272
Thedemonhog	18	0	0	0	1	0	0	0	0	2	21
Thehelpfulone	578	20	101	7	41	127	6	11	0	6	897
TheoClarke	269	17	0	1	0	17	2	0	0	0	306
Therequiembellishere	0	0	1	0	0	0	0	0	0	0	1
Theresa knott	1729	43	233	56	14	1451	229	0	0	0	3755
Thespian	2	1	3	0	0	1	1	0	0	0	8
Thingg	3150	37	56	3	8	416	7	6	0	5	3688
This flag once was red	0	0	2	0	0	0	0	0	0	0	2
Thorpe	319	4	10	2	1	22	4	0	0	0	362
Thryduulf	724	49	66	41	1	52	12	0	0	0	945
Thue	8060	32	26	7	0	370	37	0	0	0	8532
Thunderboltz	607	28	13	6	0	79	0	0	0	0	733
Thunderbrand	3589	9	3	2	0	39	2	0	0	0	3644
TigerShark	1132	55	40	11	3	1019	43	0	0	0	2303
Tijuana Brass	2988	48	33	4	0	99	10	0	0	0	3182
Tikiwont	5450	629	66	14	0	415	8	10	0	0	6592
Tillwe	45	0	0	0	0	3	0	0	0	0	48
Tim Ivorson	8	4	1	0	0	0	0	0	0	0	13
Tim Starling	42	11	7	3	0	15	23	0	5	0	106
Tim!	845	26	4	3	0	46	2	0	0	0	926
TimVickers	1130	41	177	13	61	776	27	3	0	1	2229
Timc	35	1	0	1	0	2	0	0	0	0	39
Timichal	1	17	0	0	0	0	0	0	0	0	18
Timrollpickering	343	2	22	3	7	6	0	0	0	0	383
Timwi	335	17	3	6	0	0	0	0	0	0	361
Tinselfairy1	0	0	2	0	0	0	0	0	0	0	2
Tiptoety	4528	139	1005	801	221	3309	184	53	0	181	10421
Titoxd	2930	419	106	42	2	1556	366	0	0	5	5426
Tivedshambo	1600	20	24	2	1	493	6	7	0	16	2169
Tizio	1866	51	20	31	0	21	1	0	0	0	1990
Tkinias	3	0	0	0	0	0	0	0	0	0	3
Tnxman307	273	0	7	0	1	180	2	4	0	0	467
Toby Bartels	20	82	1	3	0	0	1	0	0	0	107
Toddst1	4382	62	413	27	35	4301	188	37	0	6	9451
Tom	1372	29	33	11	5	82	1	0	0	0	1533
Tom harrison	2977	67	329	111	11	1736	102	0	0	0	5333
Tom-	37	3	8	3	0	4	0	0	0	0	55
TomStar81	212	4	44	5	3	37	2	0	0	0	307
TomTheHand	97	54	0	2	0	61	8	0	0	0	222
Tompagenet	5	0	0	0	0	0	0	0	0	0	5
Tone	15556	159	36	3	5	129	0	0	0	0	15888
Tony Fox	967	7	50	2	3	475	10	5	0	0	1519
Tony Sidaway	1039	403	359	596	0	357	124	0	0	0	2878
Tonywalton	2835	8	28	2	4	237	18	4	0	2	3138
Topbanana	226	3	0	0	0	1	0	0	0	0	230
Tra	114	11	37	5	0	5	0	0	0	0	172
TravisTX	829	14	61	3	11	214	30	18	0	4	1184
Trebor	294	3	75	26	0	83	7	0	0	0	488
Tregoweth	4330	57	140	18	0	890	40	0	0	0	5475
Trevor MacInnis	1700	134	126	5	18	424	11	2	0	0	2420
Trevor Parscal	1	0	0	0	0	0	0	0	0	0	1
Trialsanderrors	652	288	52	60	0	20	2	0	0	0	1074
Triddle	5	0	3	2	0	4	0	0	0	0	14
Trilobite	514	1	3	3	0	63	6	0	0	0	590
Tristanb	5	7	0	0	0	0	0	0	0	0	12
Troy 07	0	0	1	0	0	0	0	0	0	0	1
Trusilver	754	9	51	1	4	1086	31	3	0	1	1940
Trödel	170	22	6	2	0	52	12	0	0	0	264
Turnstep	786	8	2	0	0	1	0	0	0	0	797
TwinsMetsFan	290	14	0	1	0	13	0	0	0	0	318
Typesships	0	0	1	0	0	0	0	0	0	0	1
Tyrenius	2408	57	47	11	2	241	31	0	0	6	2803
Tznkai	204	4	72	7	16	110	11	4	0	1	429
UberScienceNerd	165	2	0	0	0	69	0	0	0	0	236
Ugen64	1036	27	33	6	1	174	22	0	0	0	1299
UkPaolo	1439	57	15	5	0	131	3	0	0	0	1650
Ultraexactzz	2369	60	52	4	4	386	52	0	0	2	2929
Uncle G	1666	163	24	0	1	126	1	0	0	0	1981
UninvitedCompany	1091	26	51	27	0	117	29	0	6	38	1385
Urhixidur	139	21	2	0	0	8	0	0	0	0	170
Useight	1126	17	31	3	4	328	6	0	0	6	1521
User2004	117	2	16	6	0	124	27	0	0	0	292
Utcursch	6527	153	74	4	9	2152	18	0	0	0	8937
UtherSRG	5406	90	51	8	2	708	19	0	0	0	6284
Vague Rant	25	4	0	2	0	4	1	0	0	0	36
Valley2city	110	3	7	3	1	29	0	1	0	0	154
VampWillow	388	1	30	8	0	12	3	0	0	0	442
Vancouverguy	935	0	0	0	0	0	0	0	0	0	935
Vanished user	166	16	29	8	2	105	14	0	0	0	340
Vaoverland	43	2	0	0	0	17	0	0	0	0	62
Vary	641	55	33	4	2	195	9	1	0	0	940
Vassyana	586	14	23	4	2	88	29	0	0	0	746
VegaDark	9834	270	160	146	103	732	320	1	0	0	11566
Vegaswikian	8198	30	59	2	2	20	1	0	0	0	8312
Veinor	2134	18	33	4	1	339	24	0	0	0	2553
Verrai	748	4	14	6	0	69	2	1	0	0	844
Versageek	2817	24	96	1	13	288	11	7	0	1	3258
Viajero	52	4	10	9	0	15	4	0	0	0	94
Vicky Lee	0	0	1	0	0	0	0	0	0	0	1
Victuallers	47	3	161	2	7	4	0	0	0	0	224
Violetriga	1640	119	79	33	0	131	43	0	0	0	2045
Viridae	915	77	80	34	22	508	77	6	0	16	1735
VirtualSteve	1594	34	249	20	26	1176	31	10	0	6	3146
Vishal	1	0	5	3	0	0	0	0	0	0	9
Visorstuff	6	1	4	1	0	0	0	0	0	0	12
Visviva	51	0	3	1	0	3	1	0	0	0	59
Voice of All	5631	82	487	2115	6	1046	107	0	0	6	9480
Vsmith	1216	3	93	9	12	4107	24	6	0	0	5470
Vulcan Hephaestus	0	0	4	0	0	0	0	0	0	0	4
WAvegetarian	270	20	8	3	0	69	6	0	0	0	376
WJBscribe	9240	210	393	495	40	2620	162	0	2503	144	15807
WODUP	2280	35	85	3	10	659	57	5	0	10	3144
Wafulz	5358	93	151	11	9	1295	44	0	0	0	6961
Waggers	870	2	46	1	2	1083	8	0	0	0	2012
Walter	0	0	0	0	0	1	0	0	0	0	1
Walton One	842	19	3	3	0	25	2	0	0	0	894
Waltpohl	29	0	2	0	0	0	0	0	0	0	31
Wangi	819	44	23	20	2	377	22	0	0	0	1307
Wapcaplet	2	0	0	0	0	0	0	0	0	0	2
Warofdreams	989	24	3	1	1	26	1	0	257	111	1413
Wassupwestcoast	219	22	14	5	2	14	2	0	0	0	278
Water Bottle	282	22	2	0	0	30	3	0	0	0	339
Wayward	1420	1	2	2	0	695	30	0	0	0	2150
Wee Jas	0	0	1	0	0	0	0	0	0	0	1
Wehwalt	336	2	15	5	11	48	4	4	0	3	428
Werdna	356	9	35	1	3	71	24	0	0	3	502
Werdna648	0	0	1	0	0	0	0	0	0	0	1
WereSpielChequers	883	2	1	0	0	5	0	0	0	0	891
Wernher	49	0	0	0	0	1	0	0	0	0	50
Wesley	0	1	0	0	0	2	0	0	0	0	3
Wgfinley	159	2	9	1	0	19	10	0	0	0	200
Where	412	4	0	0	0	81	11	0	0	0	508
WhisperToMe	306	156	49	6	2	28	4	0	0	0	551
Who	1298	5	15	9	0	456	98	0	0	0	1881
Whouk	511	6	1	1	0	13	0	0	0	0	532
Wickethewok	2727	44	18	0	0	60	2	0	0	0	2851
Wiglaf	48	3	4	1	0	26	6	0	0	0	88
Wiki alf	1864	18	59	27	0	1496	32	2	0	0	3498
WikiLeon	520	14	110	20	2	534	61	10	0	5	1276
Wikiacc	779	31	7	5	0	31	8	0	0	0	861
Wikibofh	233	7	42	48	0	784	37	0	0	0	1151
Wile E. Heresiarch	618	1	1	0	0	25	0	0	0	0	645
Wilfried Derksen	75	7	13	5	0	2	0	0	0	0	102
Will Beback	743	102	368	117	22	1417	103	5	0	2	2879
William M. Connolley	493	18	125	25	19	1675	185	12	0	0	2552
William Pietri	450	4	1	0	0	10	0	0	0	0	465
WilliamH	238	4	20	2	0	104	1	3	0	16	388
WilyD	1567	50	25	2	8	174	15	1	0	1	1843
Wimt	621	30	59	8	2	917	21	0	0	12	1670
Winhunter	7228	71	286	50	4	1342	252	0	0	2	9235
Wissel Wall	0	0	1	0	0	0	0	0	0	0	1
Wizardman	12131	97	491	13	20	281	11	3	0	6	13053
Wknight94	14682	297	652	173	70	7076	182	0	0	2	23134
Wneedham02	0	0	1	0	0	0	0	0	0	0	1
Woggly	167	7	12	0	0	75	14	0	0	0	275
Woody	4158	49	151	10	19	164	32	3	0	4	4590
Woohookitty	7376	145	498	474	5	1255	170	0	0	1	9924
Woooooooooop	0	0	1	0	0	0	0	0	0	0	1
Worldtraveller	215	0	4	4	0	19	2	0	0	0	244
Wouterstomp	18	0	0	0	0	0	0	0	0	0	18
Wpedzich	4	0	0	0	0	0	0	0	0	0	4
Wrp103	1	0	0	0	0	111	0	0	0	0	112
Wwoods	123	13	77	4	7	52	0	0	0	0	276
Wwwwolf	2582	24	35	5	0	5	1	0	0	0	2652
X!	1472	35	38	15	6	146	31	5	0	14	1762
XDanielx	65	4	0	0	0	0	0	0	0	0	69
XJamRastafire	7	0	5	3	0	0	0	0	0	0	15
Xaosflux	7770	306	612	286	251	851	82	0	0	11	10169
Xavexgoem	325	19	40	8	7	90	6	1	0	2	498
Xdamr	409	7	2	0	0	2	0	0	0	0	420
Xeno	5425	183	197	134	357	753	161	31	0	34	7275
Xezbeth	7236	78	53	10	0	377	6	0	0	0	7760
Xiner	210	4	10	1	0	72	4	0	0	0	301
Xnuala	62	0	0	0	0	3	1	0	0	0	66
Xoloz	7424	810	211	56	1	70	6	0	0	0	8578
Xy7	2053	45	149	42	7	2326	203	0	0	0	4825
Xymmax	415	22	57	7	11	56	2	2	0	3	575
Y	2278	45	50	10	4	90	5	0	0	0	2482
Y0u	345	0	0	0	0	13	2	0	0	0	360
Yamamoto Ichiro	1116	18	209	21	16	1543	33	8	0	65	3029
Yamla	3561	27	1223	59	15	4159	980	0	0	0	10024
Yandman	293	2	16	1	2	129	8	0	0	0	451
Yanksox	2711	57	113	30	0	228	20	0	0	0	3159
Yann	2	0	0	0	0	0	0	0	0	0	2
Yannismarou	289	2	10	5	0	38	1	0	0	1	346
YellowMonkey	8735	209	520	93	39	1835	157	8	0	5	11601
Yelyos	43	0	1	1	0	8	1	0	0	0	54
Ynhockey	127	2	5	1	0	3	0	0	0	0	138
Yomangani	1125	9	36	8	0	31	2	0	0	0	1211
Yonatan	255	54	10	9	6	85	9	0	0	2	430
Youngamerican	1155	44	54	23	2	32	2	0	0	0	1312
Zanimum	1369	59	56	17	0	119	12	0	0	0	1632
Zedla	755	6	31	2	2	116	9	0	0	0	921
Zemaiteska	0	0	1	0	0	0	0	0	0	0	1
Zero0000	93	1	9	3	0	27	2	0	0	0	135
ZimZalaBim	2514	19	57	8	0	128	2	0	0	0	2728
Zippy	12	8	5	2	4	35	6	0	0	0	72
Zocky	258	17	21	8	0	21	8	0	0	0	333
Zoe	5859	83	244	12	0	1240	99	0	0	0	7537
Zoicon5	33	0	0	0	0	0	0	0	0	0	33
Zoney	20	11	3	2	0	1	1	0	0	0	38
Zscout370	10323	243	305	59	21	588	92	0	0	2	11633
Zsinj	2371	11	38	2	0	440	39	0	0	0	2901
Zzuuzz	4736	162	836	1171	518	7181	504	130	0	8	15246
Zzyzx11	9034	297	1196	562	11	366	53	4	0	2	11525
^demon	28484	181	40	7	3	74	11	1	0	0	28801
Ævar Arnfjörð Bjarmason	213	3	1	0	0	7	2	0	0	0	226
Ø	0	0	2	0	0	0	0	0	0	0	2
èªç±åå¤	0	0	1	0	0	0	0	0	0	0	1
ï¾	0	0	2	0	0	0	0	0	0	0	2
Totals	5539269	99014	167310	38337	13802	786068	74648	7392	11353	5861	6743054
