User	DL	UD	RD	ES	PT	UP	PM	BL	UB	BM	UR	RM	Total
(aeropagitica)	11928	38	0	0	50	2	0	1733	42	0	0	0	13793
172	16	0	0	0	23	7	0	52	40	0	0	0	138
17Drew	317	1	0	0	2	0	0	37	1	0	0	0	358
23skidoo	537	8	0	0	32	6	0	131	13	0	0	0	727
2over0	362	22	0	0	47	2	20	62	5	0	0	2	522
52 Pickup	104	3	0	0	6	1	0	73	6	0	0	0	193
7SeriesBOT	2152	0	0	0	0	0	0	0	0	0	0	0	2152
@pple	527	51	0	0	4	1	0	66	9	0	0	0	658
A Man In Black	3052	63	0	0	164	24	1	179	34	0	0	0	3517
A Train	237	6	0	0	19	4	0	51	2	2	0	0	321
A. B.	121	587	0	0	100	2	4	238	32	6	0	0	1090
AA	828	7	0	0	2	2	1	14	2	0	0	0	856
ABCD	3138	29	0	0	432	27	0	62	41	2	0	2	3733
AGK	1728	121	0	0	245	61	57	579	83	4	0	63	2941
AKeen	10	6	0	0	12	0	3	0	0	0	0	0	31
AZT2008	0	0	0	0	1	0	0	0	0	0	0	0	1
Aarktica	207	2	0	0	1	0	0	2	1	0	0	0	213
Aaron Brenneman	1030	25	0	0	41	81	1	136	13	0	0	0	1327
Abecedare	224	9	0	0	69	1	10	165	8	11	0	2	499
Academic Challenger	19811	38	0	0	183	34	0	2674	21	5	0	0	22766
Acalamari	5881	69	0	0	2878	72	194	1290	112	14	0	906	11416
Accounting4Taste	26168	57	0	0	385	13	2	87	0	3	0	4	26719
Acetic Acid	65	3	0	0	7	2	0	66	9	0	0	0	152
Acropolis now	0	0	0	0	3	0	0	0	0	0	0	0	3
Acroterion	29474	80	0	0	561	18	23	2255	44	81	0	12	32548
Adam Bishop	3644	17	0	0	45	13	2	121	22	0	0	1	3865
Adambiswanger1	75	0	0	0	15	4	0	48	1	0	0	0	143
Adambro	1871	17	0	0	43	1	5	175	6	4	0	4	2126
Adashiel	362	51	0	0	51	33	1	369	29	0	0	0	896
Addshore	575	7	0	0	4	1	2	189	8	4	0	5	795
AdjustShift	164	0	0	0	17	1	1	551	2	29	0	2	767
Admiral Norton	380	6	0	0	6	0	0	6	0	0	0	2	400
Admrboltz	2754	4	0	0	27	15	0	101	11	0	0	2	2914
Aecis	3805	39	0	0	91	5	0	163	3	0	0	0	4106
Aervanath	1896	303	0	0	43	5	6	51	10	2	0	0	2316
After Midnight	32216	194	0	0	32	6	0	59	6	0	0	0	32513
Agathoclea	1134	52	0	0	51	5	4	169	16	1	0	1	1433
Ahoerstemeier	13553	107	0	0	43	5	1	2010	11	2	0	0	15732
Ais523	299	16	0	0	16	3	0	8	6	0	0	0	348
Aitias	3438	68	0	0	224	18	298	1224	78	51	0	74	5473
Akhilleus	858	4	0	0	45	3	4	427	30	1	0	0	1372
Akradecki	5185	53	0	0	168	3	3	304	22	31	0	0	5769
Aksi great	1926	12	0	0	26	8	1	591	30	0	0	0	2594
Al Ameer son	28	3	0	0	7	2	3	6	1	0	0	1	51
Alai	1393	17	0	0	10	3	0	42	3	0	0	0	1468
AlainV	1	0	0	0	0	0	0	0	0	0	0	0	1
Alasdair	547	3	0	0	11	1	0	226	11	1	0	0	800
Aldux	112	1	0	0	170	36	0	201	18	0	0	0	538
Ale jrb	1310	10	0	0	3	1	0	315	5	1	0	4	1649
Alex Bakharev	1736	153	0	0	496	46	50	1791	183	5	0	0	4460
Alex S	34	4	0	0	0	0	0	0	0	0	0	0	38
Alex Shih	311	3	0	0	12	5	0	41	0	0	0	0	372
Alex.muller	552	24	0	0	22	1	1	307	15	0	0	11	933
Alex756	2	0	0	0	0	0	0	0	0	0	0	0	2
Alexf	18191	108	0	0	326	10	73	5139	39	9	0	0	23895
AlexiusHoratius	112	0	0	0	339	6	101	459	0	6	0	0	1023
Alhutch	621	3	0	0	15	6	0	175	9	0	0	0	829
Alison	2562	147	191	126	1194	199	183	5177	353	56	0	73	10261
AlisonW	488	11	0	0	56	5	2	126	10	0	0	0	698
AlistairMcMillan	215	18	0	0	17	1	0	63	4	0	0	0	318
AliveFreeHappy	192	1	0	0	2	0	0	2	0	0	0	0	197
Alkivar	2396	136	0	0	252	27	9	470	41	0	0	0	3331
Allen3	11123	55	0	0	224	52	13	135	5	0	0	1	11608
AllyUnion	1913	26	0	0	98	11	0	38	11	0	0	0	2097
Alphachimp	6552	108	0	0	292	146	1	3926	118	2	0	0	11145
Altenmann	5195	267	0	0	287	65	24	1303	100	5	0	0	7246
Alteripse	2	0	0	0	2	1	0	14	1	0	0	0	20
Alvestrand	458	29	0	0	8	4	0	56	4	2	0	0	561
Amalas	1220	2	0	0	4	52	0	0	0	0	0	0	1278
Amalthea	2656	73	0	0	62	12	7	94	15	15	0	15	2949
Amberrock	545	7	0	0	19	3	0	115	9	0	0	0	698
Amcaja	54	3	0	0	0	1	0	58	2	0	0	0	118
Ameliorate!	390	6	0	0	46	3	2	127	8	1	0	2	585
AmiDaniel	2801	138	0	0	165	44	2	749	126	1	0	1	4027
Amire80	377	41	0	0	5	2	1	33	4	1	0	1	465
Amophar	0	0	0	0	1	0	0	0	0	0	0	0	1
Amorymeltzer	2583	20	0	0	29	5	4	132	4	9	0	10	2796
Ams80	12	0	0	0	0	0	0	0	0	0	0	0	12
Anas Salloum	665	5	0	0	1	0	0	351	2	0	0	0	1024
Ancheta Wis	15	2	0	0	1	0	0	5	0	0	0	0	23
AndonicO	374	28	0	0	291	30	45	1347	51	0	0	0	2166
Andre Engels	2	0	0	0	0	0	0	1	0	0	0	0	3
Andres	3	4	0	0	1	0	0	0	0	0	0	0	8
Andrevan	706	90	0	0	21	11	0	88	28	1	1209	64	2218
Andrew Levine	718	15	0	0	19	2	0	34	6	0	0	0	794
Andrew Norman	48	1	0	0	27	2	0	75	7	0	0	0	160
Andrew Yong	24	7	0	0	0	0	0	0	0	0	0	0	31
Andrew c	1421	57	0	0	33	2	1	120	8	1	0	0	1643
Andrewa	85	6	0	0	0	0	0	0	0	0	0	0	91
Andris	17	0	0	0	0	0	0	0	0	0	0	0	17
Android79	3349	27	0	0	56	13	0	260	29	0	0	0	3734
Andrwsc	7796	100	0	0	67	54	9	120	1	1	0	0	8148
AndyZ	911	12	0	0	0	0	0	113	4	0	0	0	1040
AnemoneProjectors	1222	95	0	0	138	53	7	211	1	13	0	0	1740
Anetode	9278	339	0	0	256	13	8	1259	61	0	0	8	11222
AngelOfSadness	1037	2	0	0	44	2	5	134	14	1	0	0	1239
Angela	2316	43	0	0	5	2	0	59	30	0	157	7	2619
Angelo.romano	1033	118	0	0	126	18	9	83	2	2	0	0	1391
Angr	34413	212	0	0	209	52	28	791	29	3	0	0	35737
Angusmclellan	18398	204	0	0	13	2	1	67	8	1	0	17	18711
AniMate	234	6	0	0	16	2	1	95	6	5	0	1	366
Animum	1925	276	0	0	225	29	54	1711	319	4	0	28	4571
AnonEMouse	146	26	0	0	30	4	2	122	9	0	0	0	339
Anonymous Dissident	1443	25	0	0	380	33	57	500	14	5	649	60	3166
Anonymous editor	481	1	0	0	57	16	0	431	32	0	0	0	1018
Antandrus	7466	27	0	0	428	57	36	5487	354	62	0	3	13920
Anthere	38	1	0	0	4	4	0	4	2	0	0	2	55
Anthony Appleyard	26610	3936	0	0	70	8	15	1	0	0	0	0	30640
Anthony.bradbury	14402	71	0	0	65	2	4	1647	37	28	0	2	16258
AntiAbuseBot	50	0	0	0	0	0	46	1040	2	20	0	0	1158
AntonioMartin	9	5	0	0	6	3	0	5	18	0	0	0	46
Apokryltaros	0	0	0	0	1	0	0	0	0	0	0	0	1
Appraiser	323	6	0	0	5	0	0	1	0	0	0	0	335
Aqwis	217	28	0	0	75	6	29	54	2	0	0	6	417
Aranel	1087	18	0	0	13	0	0	24	3	0	0	0	1145
Arbitrarily0	993	99	0	0	7	0	2	0	0	0	0	102	1203
Arcadian	225	24	0	0	31	1	0	75	4	0	0	0	360
Archtransit	5	2	0	0	13	2	1	17	15	0	0	0	55
Arctic.gnome	216	5	0	0	18	2	1	25	1	0	0	1	269
Aris Katsaris	6	0	0	0	1	0	0	0	0	0	0	0	7
Arjun01	557	6	0	0	117	23	0	402	14	1	0	0	1120
Arminius	130	1	0	0	7	3	0	14	2	0	0	0	157
ArnoldReinhold	221	2	0	0	7	2	2	5	1	1	0	0	241
Art LaPella	72	2	0	0	0	0	0	0	0	0	0	0	74
Arthur Rubin	473	48	0	0	44	10	5	369	48	11	0	2	1010
Aruk Besadii Aora	0	0	0	0	2	0	0	0	0	0	0	0	2
Arvindn	13	0	0	0	1	1	0	0	0	0	0	0	15
Arwel Parry	148	8	0	0	39	8	0	666	39	1	0	0	909
Asbestos	72	2	0	0	0	0	0	25	3	0	0	0	102
Asterion	95	7	0	0	69	8	3	121	15	0	0	0	318
AstroNomer	0	0	0	0	0	0	0	1	0	0	0	0	1
Atama	909	9	0	0	7	2	0	50	4	3	0	0	984
Athaenara	28969	144	0	0	16	2	1	29	6	0	0	0	29167
Atlant	92	1	0	0	11	0	0	573	20	2	0	0	699
AuburnPilot	2966	223	0	0	508	68	52	1127	139	25	0	19	5127
Audacity	22	2	0	0	2	1	0	1	1	0	0	0	29
Aude	1173	39	0	0	47	11	5	516	17	0	0	2	1810
Ausir	24	2	0	0	0	0	0	1	0	0	0	0	27
Avraham	1433	148	58	205	188	41	18	1127	124	72	429	101	3944
Awiseman	19	2	0	0	15	0	0	9	0	0	0	0	45
Awolf002	13	0	0	0	0	0	0	2	0	0	0	0	15
AxelBoldt	42	6	0	0	8	1	0	0	0	0	0	0	57
AzaToth	1681	124	0	0	118	39	30	160	23	1	0	8	2184
B	14218	200	0	0	299	28	30	810	100	6	0	11	15702
BD2412	3738	2000	0	0	48	14	1	217	24	2	0	0	6044
BOZ	16	128	0	0	34	3	7	1	0	0	0	0	189
Babajobu	297	2	0	0	1	1	0	19	3	0	0	0	323
Baboon Faceless	0	0	0	0	2	0	0	0	0	0	0	0	2
Backslash Forwardslash	4355	92	0	0	89	4	12	403	6	61	0	7	5029
Balloonman	272	13	0	0	14	2	1	50	8	4	0	2	366
Banes	62	7	0	0	2	0	0	158	2	0	0	0	231
Banno	10	5	0	0	9	2	0	50	2	0	0	0	78
BanyanTree	2043	65	0	0	203	245	4	409	11	0	0	0	2980
Barneca	1231	47	0	0	110	11	14	1013	46	19	0	1	2492
Barneca sock 1	0	0	0	0	1	0	0	0	0	0	0	0	1
BaronLarf	211	26	0	0	26	1	1	190	1	2	0	0	458
Bastique	358	93	8	1	48	8	5	121	51	0	8	51	752
Bazonka	0	0	0	0	1	0	0	0	0	0	0	0	1
Bbatsell	391	9	0	0	18	2	0	350	18	0	0	0	788
Bcorr	131	7	0	0	9	1	0	67	10	0	2	1	228
Bdesham	26	0	0	0	3	0	0	0	0	0	0	0	29
Bduke	261	18	0	0	26	8	3	27	0	0	0	0	343
Bearcat	4369	236	0	0	117	9	6	78	8	2	0	0	4825
Bearian	1312	20	0	0	258	4	3	695	35	2	0	1	2330
Bedford	9	3	0	0	50	0	4	5	2	0	0	0	73
Beeblebrox	2727	8	0	0	481	12	61	891	81	129	0	4	4394
Beetstra	767	69	0	0	101	20	13	461	32	10	0	1	1474
Bel123456	0	0	0	0	1	0	0	0	0	0	0	0	1
Beland	197	1	0	0	14	12	1	11	0	0	0	0	236
Bellhalla	22	2	0	0	0	0	0	0	0	0	0	0	24
Ben MacDui	410	4	0	0	2	0	0	11	1	0	0	0	428
Bencherlite	4231	117	0	0	186	5	14	568	10	11	0	12	5154
Berig	28	0	0	0	2	0	2	10	0	0	0	1	43
Betacommand	7463	46	0	0	76	379	0	3297	120	0	0	0	11381
Bettia	449	9	0	0	14	1	0	6	1	1	0	0	481
Bhadani	1302	7	0	0	95	19	1	478	10	0	0	0	1912
Bibliomaniac15	4089	26	0	0	228	32	21	1411	23	5	887	60	6782
BigHaz	3152	2	0	0	8	6	0	33	2	0	0	0	3203
BigrTex	960	10	0	0	2	0	0	1	0	0	0	0	973
Bigtimepeace	494	8	0	0	2	1	1	76	4	2	0	1	589
Bill	0	0	0	0	1	0	0	0	0	0	0	0	1
Billinghurst	1100	6	0	0	2	0	0	4	1	3	0	1	1117
BillyH	48	2	0	0	0	1	0	1	0	0	0	0	52
BirgitteSB	175	7	0	0	0	0	0	1	1	0	0	1	185
Bishonen	579	76	0	0	201	47	9	574	209	1	0	0	1696
Bishzilla	53	11	0	0	16	2	2	24	6	0	0	5	119
Bjarki S	91	0	0	0	2	1	0	41	4	0	0	0	139
Bjelleklang	642	7	0	0	4	0	3	12	2	0	0	0	670
Bkell	1273	13	0	0	0	0	0	1	0	0	0	0	1287
Bkonrad	742	108	0	0	3	0	0	145	2	0	0	0	1000
Black Falcon	4650	75	0	0	3	1	0	29	1	0	0	0	4759
Black Kite	5420	152	0	0	416	51	54	1334	104	30	0	15	7576
Blankfaze	386	1	0	0	3	2	0	7	1	0	0	0	400
Blood Red Sandman	679	6	0	0	5	0	0	281	12	7	0	1	991
Blubberboy92	0	0	0	0	1	0	0	0	0	0	0	0	1
Blueboy96	1535	25	0	0	242	5	33	3067	129	164	0	0	5200
Bluemoose	10610	47	0	0	27	10	0	93	18	0	0	0	10805
Bmicomp	404	2	0	0	6	4	0	38	11	0	0	0	465
Bob the Wikipedian	2	0	0	0	0	0	0	0	0	0	0	0	2
Bobak	230	12	0	0	160	6	9	753	11	11	0	0	1192
Bobet	4965	181	0	0	56	18	1	224	10	0	0	0	5455
Bobo192	4961	3	0	0	2	3	0	2	0	0	0	0	4971
Bogdangiusca	3164	66	0	0	28	10	1	108	13	0	0	0	3390
Bongwarrior	9531	61	0	0	475	15	119	4103	35	121	0	2	14462
Bonkers Bobcat	0	0	0	0	1	0	0	0	0	0	0	0	1
Bookofjude	650	27	0	0	29	5	0	85	9	0	0	0	805
Bopped Kia	0	0	0	0	1	0	0	0	0	0	0	0	1
BorgHunter	598	25	0	0	54	19	1	117	28	0	0	0	842
BorgQueen	4084	49	0	0	1231	128	49	3574	168	22	0	0	9305
Borisblue	248	1	0	0	14	39	0	92	8	0	0	0	402
Bovlb	23	2	0	0	14	1	0	28	2	0	0	0	70
BozMo	290	6	0	0	18	3	1	145	15	0	0	0	478
BradBeattie	294	0	0	0	6	0	0	118	3	0	0	0	421
BradPatrick	17	0	0	0	4	0	0	5	0	0	0	0	26
Bradeos Graphon	4877	19	0	0	65	19	3	1211	79	0	0	0	6273
Brandon	3875	77	0	0	109	39	26	726	35	38	0	17	4942
Bratsche	568	16	0	0	18	46	0	145	19	0	0	0	812
Brendanconway	955	23	0	0	26	8	0	87	14	0	0	0	1113
BrendelSignature	3	0	0	0	74	5	4	105	8	0	0	0	199
Brian	6	2	0	0	3	0	1	2	1	0	0	0	15
Brian Kendig	28	3	0	0	5	6	0	2	0	0	0	0	44
Brian0918	931	79	0	0	258	47	4	2144	109	1	0	0	3573
Brianga	2305	9	0	0	1	1	1	459	7	5	0	0	2788
Briangotts	138	7	0	0	1	0	0	7	0	0	0	0	153
Brighterorange	181	12	0	0	1	0	0	21	1	0	0	0	216
Brion VIBBER	192	9	0	0	12	0	1	27	11	0	0	4	256
Brockert	189	51	0	0	3	3	0	31	30	0	0	0	307
BrokenSegue	1363	11	0	0	62	67	0	153	40	0	0	0	1696
Brookie	3998	53	0	0	212	3	0	229	4	0	0	0	4499
BrownHairedGirl	1539	123	0	0	147	7	9	134	16	2	0	0	1977
Bryan Derksen	828	324	0	0	5	7	0	10	0	0	0	2	1176
Bubba hotep	2638	69	0	0	38	3	2	779	12	18	0	4	3563
Buchanan-Hermit	514	18	0	0	28	6	0	452	20	0	0	0	1038
Bucketsofg	647	22	0	0	66	6	0	224	8	0	0	0	973
Buckshot06	336	4	0	0	5	0	1	10	0	1	0	0	357
Bumm13	843	39	0	0	6	1	0	32	4	2	0	5	932
Bunchofgrapes	738	10	0	0	62	44	0	203	37	0	0	0	1094
Burgundavia	1105	0	0	0	4	0	0	1	0	0	0	0	1110
Burstorder	0	0	0	0	2	0	0	0	0	0	0	0	2
Butseriouslyfolks	5143	83	0	0	36	3	1	137	15	0	0	0	5418
Bwilkins	2829	8	0	0	36	1	3	42	30	22	0	2	2973
C-3PO	0	0	0	0	3	0	0	0	0	0	0	0	3
C.Fred	9071	77	0	0	229	6	8	1695	34	24	0	0	11144
C12H22O11	1351	5	0	0	49	8	0	47	7	0	0	0	1467
CALR	29	0	0	0	0	0	0	1	0	0	0	0	30
CAT:TEMP deletion bot	2120	0	0	0	0	0	0	0	0	0	0	0	2120
CBDunkerson	3497	64	0	0	683	49	0	30	22	0	0	1	4346
CBM	4365	143	0	0	241	96	22	64	26	2	0	3	4962
CIreland	1491	35	0	0	187	13	25	394	18	13	0	1	2177
CJ	1927	79	0	0	112	22	3	277	18	0	0	1	2439
CJCurrie	401	19	0	0	126	8	2	127	13	0	0	0	696
CJLL Wright	1864	30	0	0	59	3	7	251	4	0	0	0	2218
CLW	13900	54	0	0	3	0	0	26	0	0	0	0	13983
CMBJ	0	0	0	0	1	0	0	0	0	0	0	0	1
COGDEN	60	16	0	0	2	0	0	4	0	1	0	0	83
CRGreathouse	11	0	0	0	0	0	0	1	1	1	0	0	14
CSTAR	58	5	0	0	6	3	0	93	3	0	0	0	168
CYD	1	0	0	0	1	0	0	0	0	0	0	0	2
Cactus.man	592	17	0	0	61	34	0	178	10	0	0	0	892
CactusWriter	1315	108	0	0	19	2	0	47	4	6	0	4	1505
Cacycle	186	11	0	0	26	2	1	13	1	0	0	1	241
Cailil	119	3	0	0	33	0	2	60	12	0	0	0	229
Caknuck	2121	8	0	0	270	35	49	769	12	9	0	0	3273
Calliopejen1	2993	89	0	0	11	2	0	7	0	0	0	0	3102
Calmer Waters	7506	1	0	0	34	0	0	86	1	1	0	1	7630
Caltrop	58	22	0	0	0	0	0	6	3	0	0	0	89
Camaron	842	324	0	0	335	55	86	326	32	33	0	22	2055
CambridgeBayWeather	15174	272	0	0	226	18	142	1036	23	8	0	0	16899
Camembert	12	2	0	0	0	1	0	0	0	0	0	0	15
Camw	437	14	0	0	7	0	0	175	0	8	0	0	641
Can't sleep, clown will eat me	9514	230	0	0	3000	125	133	32088	586	0	0	0	45676
Canadian Paul	1035	34	0	0	17	5	1	24	3	0	0	0	1119
Canadian-Bacon	426	2	0	0	16	3	0	232	5	0	0	0	684
CanadianCaesar	3505	62	0	0	53	14	0	1084	85	0	0	0	4803
Canderson7	1183	11	0	0	18	13	1	220	2	0	0	0	1448
Canley	887	11	0	0	1	1	0	4	0	0	0	0	904
Canterbury Tail	1690	7	0	0	85	8	10	416	23	12	0	0	2251
Cantthinkofagoodname	2	0	0	0	0	0	0	2	0	0	0	0	4
CapitalR	356	2	0	0	4	6	0	49	1	1	0	1	420
Capitalistroadster	620	1	0	0	3	0	0	23	3	0	0	0	650
Carabinieri	433	7	0	0	4	3	0	3	2	0	0	0	452
Carbonite	188	3	0	0	28	10	0	226	22	0	0	0	477
Carcharoth	36	75	0	0	2	1	0	1	2	0	0	0	117
Caribbean H.Q.	366	15	0	0	73	10	8	255	20	0	0	0	747
Carioca	2653	12	0	0	6	1	1	9	0	0	0	0	2682
Carlosguitar	2924	20	0	0	30	1	3	166	11	0	0	0	3155
Carlossuarez46	10576	129	0	0	27	2	0	66	6	1	0	0	10807
Carnildo	2391	98	0	0	94	17	2	62	21	0	0	3	2688
Cary Bass	2	2	14	17	5	1	1	1	2	0	2	0	47
Casliber	103	88	7	0	167	10	31	112	6	0	0	2	526
Catbar	28	0	0	0	2	1	0	11	0	0	0	0	42
CatherineMunro	69	13	0	0	0	0	0	3	3	0	0	0	88
CattleGirl	908	12	0	0	19	3	1	42	7	0	0	0	992
Caulde	2522	84	0	0	423	28	54	892	36	0	0	78	4117
Causa sui	1715	40	0	0	90	53	20	255	17	3	0	1	2194
Cbl62	16	1	0	0	6	0	0	0	0	0	0	0	23
Cbrown1023	3423	77	0	0	404	72	7	206	32	0	0	8	4229
Cburnett	48	18	0	0	6	2	0	14	5	0	0	0	93
Cdc	2188	10	0	0	10	9	0	21	2	0	0	0	2240
Cecropia	39	3	0	0	36	5	0	6	6	0	215	334	644
Cedrus-Libani	101	4	0	0	1	0	0	0	0	0	0	0	106
Celestianpower	735	9	0	0	19	3	0	170	70	0	0	0	1006
Cenarium	1789	77	0	0	362	140	180	134	4	6	0	28	2720
Centrx	17224	404	0	0	1005	947	13	1334	212	0	0	0	21139
CesarB	3606	141	0	0	123	49	0	942	212	0	0	0	5073
Ceyockey	1779	48	0	0	4	0	0	15	2	0	0	0	1848
Chadloder	0	0	0	0	0	0	0	6	0	0	0	0	6
Chairboy	5161	13	0	0	69	8	0	188	14	0	0	0	5453
Chamal N	147	4	0	0	77	5	21	81	2	2	0	5	344
Chancemill	0	0	0	0	1	1	0	2	0	0	0	0	4
Charles Matthews	1947	36	0	0	5	1	0	130	20	0	0	0	2139
Chase me ladies, I'm the Cavalry	2744	54	0	0	449	26	50	878	33	16	0	1	4251
Chaser	2058	97	0	0	309	45	37	855	114	7	0	10	3532
Ched Davis	118	9	0	0	4	0	0	11	4	0	0	4	150
Chell and the cake	0	0	0	0	2	0	0	0	0	0	0	0	2
Chessnotator1967	0	0	0	0	1	0	0	0	0	0	0	0	1
Chick Bowen	4708	213	0	0	79	14	5	140	30	0	0	1	5190
Chillum	1494	27	0	0	61	12	7	740	52	76	0	10	2479
Chmod007	13	2	0	0	2	0	0	1	1	0	0	0	19
Chochopk	27	37	0	0	1	0	0	2	1	0	0	0	68
Choess	10	7	0	0	0	0	0	0	0	0	0	0	17
Cholmes75	4621	10	0	0	26	0	0	112	3	0	0	0	4772
Chris 73	1934	15	0	0	62	8	1	713	30	3	0	0	2766
Chris G	6909	172	0	0	250	15	38	2934	70	231	0	11	10630
Chris Roy	3	0	0	0	0	0	0	1	0	0	0	0	4
ChrisGriswold	1126	16	0	0	51	8	0	210	21	0	0	0	1432
ChrisO	2405	22	0	0	337	63	35	757	39	3	0	1	3662
ChrisTheDude	734	18	0	0	6	1	0	20	2	0	0	0	781
Chrislk02	4105	61	0	0	134	21	8	1632	91	12	0	5	6069
Christopher Mahan	38	5	0	0	0	0	0	0	0	0	0	0	43
Christopher Parham	746	10	0	0	4	2	0	24	1	0	0	0	787
Christopher Sundita	62	39	0	0	8	4	0	17	2	0	0	0	132
Chuck SMITH	0	1	0	0	0	0	0	0	0	0	0	0	1
Chunky Rice	342	1	0	0	4	3	0	31	2	0	0	0	383
Chuq	216	19	0	0	13	2	1	93	6	0	0	0	350
CieloEstrellado	0	0	0	0	1	0	0	0	0	0	0	0	1
Cimon Avaro	233	10	0	0	2	5	1	4	0	0	6	3	264
Circeus	1742	8	0	0	50	27	0	155	13	0	0	0	1995
Cirt	13216	114	0	0	743	20	144	5129	37	25	0	2	19430
Citicat	719	19	0	0	24	1	0	35	4	0	0	0	802
Ck lostsword	308	4	0	0	13	1	5	308	16	0	0	0	655
Ckatz	1402	60	0	0	195	6	43	880	18	24	0	1	2629
Clarkk	23	0	0	0	0	1	0	0	0	0	0	0	24
Cleared as filed	1346	19	0	0	0	0	0	53	2	0	0	0	1420
Climie.ca	0	0	0	0	2	1	0	13	1	1	0	1	19
ClockworkLunch	20	4	0	0	11	1	0	4	0	0	0	0	40
ClockworkSoul	759	46	0	0	39	7	4	218	19	4	0	0	1096
Closedmouth	22186	156	0	0	90	2	12	1482	43	75	0	40	24086
CloudNine	424	15	0	0	24	1	2	32	2	0	0	0	500
ClueBot	0	0	0	0	1	0	0	0	0	0	0	0	1
Cnwb	661	11	0	0	0	0	0	23	2	0	0	0	697
Cobaltbluetony	7113	92	0	0	442	24	8	448	21	5	0	0	8153
Cobi	51	0	0	0	1	0	0	3	1	0	0	1	57
Coelacan	1194	30	0	0	85	10	1	845	53	0	0	0	2218
Coffee	1404	180	0	0	178	10	71	409	15	90	0	11	2368
Coffeedrinker87	0	0	0	0	1	0	0	0	0	0	0	0	1
Cohesion	6798	46	0	0	2	18	1	3	0	0	0	0	6868
Colds7ream	136	8	0	0	2	1	0	2	0	0	0	2	151
Commander Keane	4781	229	0	0	41	22	0	150	29	0	0	1	5253
Conscious	13449	65	0	0	2	2	0	56	0	0	0	0	13574
Consumed Crustacean	735	23	0	0	46	3	1	354	36	1	0	0	1199
Conti	464	45	0	0	12	38	3	73	3	0	0	1	639
Cool Hand Luke	938	573	0	0	62	12	20	80	16	0	0	0	1701
Cool3	35	0	0	0	3	2	0	22	1	2	0	3	68
Coralmizu	168	2	0	0	23	1	2	47	2	1	0	0	246
Coredesat	11148	136	0	0	235	25	11	494	60	0	0	0	12109
Coren	859	23	41	1	55	7	6	191	35	3	0	1	1222
Cowman109	433	36	0	0	101	43	4	360	44	0	0	0	1021
Craigy144	3099	11	0	0	8	3	1	38	0	0	0	1	3161
Crazycomputers	443	8	0	0	54	15	6	717	40	2	0	3	1288
Crazytales	162	15	0	0	19	1	2	117	18	0	0	0	334
Cremepuff222	176	6	0	0	3	2	1	98	5	0	0	0	291
Croat Canuck	83	3	0	0	1	1	0	5	1	0	0	0	94
Crum375	183	18	0	0	93	6	18	259	13	1	0	0	591
Cryptic	9383	238	0	0	136	15	1	322	21	0	0	0	10116
CryptoDerk	1091	1	0	0	67	9	0	1014	45	0	0	0	2227
Crzrussian	5139	133	0	0	156	28	0	150	13	0	0	0	5619
Cuchullain	374	74	0	0	14	1	3	40	0	0	0	0	506
Curps	5148	166	0	0	461	101	0	26558	1065	0	0	0	33499
Cutler	69	0	0	0	0	0	0	7	0	0	0	0	76
CyborgTosser	2	0	0	0	0	0	0	0	0	0	0	0	2
Cyde	19098	109	0	0	258	32	2	830	168	0	0	0	20497
Cydebot	17779	0	0	0	0	0	0	0	0	0	0	0	17779
Cyp	3	0	0	0	0	0	0	0	0	0	0	0	3
Cyrius	1626	101	0	0	28	13	0	71	8	0	0	0	1847
D. Recorder	172	18	0	0	2	0	0	34	2	0	0	0	228
DDima	540	9	0	0	1	0	0	1	0	0	0	0	551
DESiegel	1535	186	0	0	11	2	0	44	30	1	0	1	1810
DGG	10136	234	0	0	259	7	12	120	10	7	0	1	10786
DJ Clayworth	6701	35	0	0	40	11	2	367	18	6	0	0	7180
DMacks	5782	57	0	0	334	13	59	1005	11	100	0	1	7362
DO11.10	417	28	0	0	2	0	0	5	1	0	0	2	455
DVD R W	6129	53	0	0	54	17	7	962	21	0	0	3	7246
DYKUpdateBot	85	0	0	0	0	0	0	0	0	0	0	0	85
DaGizza	1095	1	0	0	8	4	1	54	3	0	0	0	1166
Dale Arnett	69	1	0	0	2	0	0	4	0	0	0	0	76
Dan100	294	16	0	0	18	12	0	186	44	0	0	0	570
DanKeshet	104	1	0	0	6	0	0	2	0	0	0	0	113
DanMS	65	0	0	0	2	1	0	0	0	0	0	0	68
Danaman5	284	4	0	0	6	0	0	4	4	0	0	1	303
Daniel	4953	266	0	0	632	41	66	567	76	4	0	13	6618
Daniel Case	2448	35	27	169	312	16	8	5355	179	38	0	13	8600
Daniel J. Leivick	766	7	0	0	19	1	0	85	5	2	0	0	885
Daniel Olsen	711	1	0	0	10	0	0	84	2	0	0	0	808
Daniel Quinlan	54	3	0	0	0	2	0	2	0	0	0	0	61
DanielCD	243	1	0	0	15	11	0	37	2	0	0	0	309
Dank	11710	94	0	0	139	7	1	3294	13	18	0	1	15277
Danny	1076	126	0	0	26	9	0	105	29	0	4	7	1382
Dannyisme	5	0	0	0	4	0	0	2	2	0	0	0	13
Dante Alighieri	683	18	0	0	20	17	3	180	29	0	0	0	950
DarkFalls	2719	145	0	0	304	37	79	841	48	13	0	7	4193
Darkoneko	3	0	3	0	0	0	0	1	0	0	1	0	8
Darthgriz98	250	4	0	0	5	0	0	115	2	0	0	0	376
Darwinek	2296	14	0	0	77	6	1	196	6	0	0	0	2596
Dave souza	79	3	0	0	14	2	0	566	20	5	0	0	689
Davemeistermoab	5	0	0	0	1	0	1	4	1	0	0	1	13
Davewild	3081	40	0	0	3	3	0	387	1	0	0	0	3515
Daveydweeb	134	1	0	0	2	0	0	4	1	0	0	0	142
David D.	26	4	0	0	12	1	5	11	2	1	0	0	62
David Eppstein	2359	36	0	0	38	7	2	56	3	3	0	0	2504
David Fuchs	1020	35	0	0	76	6	13	93	8	0	0	0	1251
David Gerard	527	43	1	0	71	7	1	1478	358	0	0	3	2489
David Kernow	635	5	0	0	45	0	0	0	0	0	0	0	685
David Levy	971	128	0	0	242	58	3	147	10	4	0	7	1570
David Newton	54	3	0	0	4	0	0	12	12	0	0	0	85
David.Monniaux	523	60	0	0	100	13	0	222	30	3	0	0	951
DavidLevinson	35	52	0	0	9	0	0	9	0	0	0	0	105
DavidWBrooks	1204	1	0	0	14	2	2	95	0	0	0	0	1318
Davidcannon	155	57	0	0	30	4	0	137	26	1	0	0	410
Davidgothberg	110	61	0	0	214	8	49	28	7	2	0	3	482
Davidruben	35	0	0	0	7	1	1	80	2	0	0	0	126
Davodd	191	29	0	0	3	3	1	25	1	0	0	0	253
Dbachmann	439	32	0	0	144	41	21	207	20	1	0	0	905
Dbenbenn	6085	109	0	0	260	583	0	26	7	0	0	0	7070
Dcoetzee	349	46	0	0	10	4	0	51	11	0	0	1	472
Ddstretch	13	0	0	0	20	5	6	207	20	6	0	0	277
Deacon of Pndapetzim	624	23	0	0	31	3	3	172	13	13	0	34	916
DeadEyeArrow	934	14	0	0	26	5	0	199	6	0	0	0	1184
Deathphoenix	1168	49	0	0	17	5	0	420	80	0	0	0	1739
Deb	13501	57	0	0	26	2	0	324	4	1	0	0	13915
Deckiller	1228	35	0	0	80	14	2	300	46	0	0	0	1705
Decltype	1528	53	0	0	9	1	2	143	5	9	0	17	1767
Decumanus	42	0	0	0	3	0	0	12	0	0	0	0	57
Deiz	955	16	0	0	163	8	3	392	20	0	0	0	1557
Dekimasu	1154	63	0	0	16	1	0	20	6	7	0	1	1268
Delirium	3470	23	0	0	20	11	0	306	18	0	0	0	3848
Delldot	1885	26	0	0	16	6	1	608	9	0	0	0	2551
Deltabeignet	836	1	0	0	5	6	0	130	2	0	0	0	980
Demi	151	32	0	0	2	1	0	51	17	0	0	0	254
Denelson83	1137	18	0	0	58	12	11	39	6	0	0	0	1281
Denni	2324	30	0	0	23	3	0	5	0	0	0	0	2385
Department of Redundancy Department	116	2	0	0	13	0	4	148	1	19	0	1	304
DerHexer	134630	44	0	0	93	3	9	5847	39	4	0	21	140690
Derek Ross	523	11	0	0	15	4	3	2	0	0	0	0	558
Deryck Chan	1	1	0	0	0	2	0	1	0	0	0	0	5
Deskana	1390	86	70	0	217	77	19	1005	111	37	335	183	3530
Deville	1015	6	0	0	16	1	0	194	4	3	0	0	1239
Dfrg.msc	35	1	0	0	0	0	0	7	0	0	0	0	43
Dgies	575	29	0	0	27	4	3	223	18	0	0	2	881
Dgrant	0	0	0	0	1	0	0	0	0	0	0	0	1
Diberri	128	3	0	0	3	1	0	5	0	0	0	0	140
Dieter Simon	3	0	0	0	37	0	2	0	0	0	0	0	42
Dijxtra	135	6	0	0	13	6	0	36	4	0	0	0	200
Dina	3371	18	0	0	49	1	0	273	5	0	0	0	3717
Dino	24	0	0	0	0	0	0	0	0	0	0	0	24
Dinoguy1000	104	5	0	0	44	1	3	7	1	0	0	1	166
Discospinster	16770	379	0	0	143	9	12	1133	6	6	0	0	18458
Djsasso	1071	201	0	0	48	7	5	358	10	1	0	8	1709
Dlohcierekim	5874	132	0	0	171	8	15	523	39	17	0	1	6780
Dmn	35	1	0	0	10	4	0	12	15	0	0	0	77
Doc glasgow	4087	123	0	0	370	42	11	1060	83	0	0	42	5818
Docu	1173	61	0	0	123	2	7	11	5	0	0	2	1384
Doczilla	73	5	0	0	9	6	0	90	8	0	0	0	191
Dominic	13282	64	47	202	82	186	2	3386	637	31	0	35	17954
DonCalo	0	0	0	0	1	0	0	0	0	0	0	0	1
Donald Albury	1157	3	0	0	7	2	2	118	4	0	0	0	1293
DoomsDay349	222	4	0	0	2	0	0	0	0	0	0	0	228
Dori	11	0	0	0	0	0	0	2	2	0	0	0	15
Doug	421	50	0	0	20	135	8	24	3	11	0	6	678
Doug Bell	2427	36	0	0	29	12	0	25	3	0	0	0	2532
Dougweller	331	7	0	0	215	16	40	1130	18	36	0	1	1794
Dpbsmith	133	4	0	0	3	2	0	17	0	0	0	0	159
Dppowell	4	0	0	0	6	1	0	112	6	0	0	0	129
DrBob	17	1	0	0	0	0	0	7	0	0	0	0	25
DrKiernan	1412	34	0	0	48	5	6	152	10	0	0	0	1667
DragonflySixtyseven	28737	371	0	0	359	37	11	4511	187	196	0	188	34597
Dragons flight	614	65	0	0	115	35	2	117	28	0	0	1	977
Dravecky	818	9	0	0	98	5	1	3	0	0	0	0	934
Dreadstar	992	78	0	0	257	12	15	1903	96	3	0	0	3356
Drilnoth	15939	57	0	0	53	2	13	0	0	0	0	6	16070
Drini	9604	93	0	0	179	38	1	4462	234	1	0	8	14620
DropDeadGorgias	340	3	0	0	24	1	0	90	5	0	0	0	463
Dsmdgold	819	11	0	0	3	0	0	3	0	0	0	0	836
Duja	875	136	0	0	20	9	2	72	9	0	0	0	1123
Duk	3834	30	0	0	61	15	2	129	25	0	0	1	4097
Dumelow	19	2	0	0	22	1	0	0	0	0	0	0	44
Duncharris	986	57	0	0	47	10	0	92	20	0	0	0	1212
Durin	2448	7	0	0	28	13	0	168	15	0	0	0	2679
Durova	24	1	0	0	211	37	11	388	66	0	0	0	738
Dustimagic	216	2	0	0	4	2	0	50	8	1	0	0	283
Dvyost	56	0	0	0	0	0	0	11	1	0	0	0	68
Dweller	1689	31	2	0	117	2	5	304	10	0	325	10	2495
Dysprosia	154	6	0	0	3	1	0	97	11	0	0	0	272
ERcheck	2944	9	0	0	66	10	0	1002	29	1	0	0	4061
ESkog	11249	76	0	0	125	22	4	898	108	2	0	0	12484
EVula	2365	95	7	24	155	20	13	922	28	1	467	41	4138
EWS23	643	3	0	0	7	2	0	136	11	0	0	0	802
Earl Andrew	113	36	0	0	28	6	0	72	12	0	0	0	267
Earle Martin	282	11	0	0	9	2	1	33	2	0	0	0	340
East718	226053	1912	0	0	5647	1632	290	3531	1007	16	0	32	240120
Ed Poor	73	13	0	0	35	32	0	71	28	0	10	16	278
Ed g2s	3050	69	0	0	30	27	2	50	5	0	0	0	3233
EdJohnston	932	29	0	0	566	28	63	839	54	21	0	4	2536
Edcolins	32	5	0	0	2	2	0	2	0	0	0	0	43
Edgar181	42406	260	0	0	536	19	19	16254	182	194	0	23	59893
Edison	850	24	0	0	4	1	1	186	3	1	0	0	1070
Edokter	1372	36	0	0	33	14	22	46	5	1	0	1	1530
Edward	372	0	0	0	1	0	0	21	3	0	0	0	397
Edward Z. Yang	12	0	0	0	3	0	0	8	1	0	0	0	24
EdwinHJ	572	4	0	0	14	4	1	23	7	0	0	0	625
Efe	1613	5	0	0	11	1	3	164	0	2	0	1	1800
Egil	61	0	0	0	1	0	0	214	3	0	0	0	279
Either way	5485	37	0	0	161	10	9	879	43	9	0	7	6640
El C	1717	52	0	0	637	58	24	2996	116	0	0	3	5603
Eleassar	149	32	0	0	6	0	0	3	0	0	0	0	190
Electionworld	1285	33	0	0	1	0	0	0	0	0	0	0	1319
Elf	138	14	0	0	0	0	0	0	0	0	0	0	152
Elf-friend	465	1	0	0	17	0	0	15	0	0	0	0	498
ElinorD	7274	69	0	0	60	1	5	254	15	0	0	0	7678
Eliz81	960	48	0	0	93	0	19	229	4	0	0	1	1354
Elkman	5946	12	0	0	45	5	4	404	29	0	0	0	6445
Ellsworth	18	0	0	0	0	0	0	1	0	0	0	0	19
Elonka	1305	21	0	0	47	13	2	533	26	8	0	0	1955
Eloquence	126	5	0	0	8	5	0	29	10	0	0	1	184
Eluchil404	1029	75	0	0	6	1	1	13	0	0	0	0	1125
Emperor	49	35	0	0	3	0	0	1	1	0	0	0	89
EncMstr	607	56	0	0	244	115	33	1088	22	21	0	1	2187
Encephalon	92	22	0	0	27	6	0	28	36	0	0	0	211
Enchanter	14	0	0	0	1	3	0	2	0	0	0	0	20
EncycloPetey	126	16	0	0	69	0	3	31	2	0	0	0	247
Enigmaman	890	13	0	0	444	7	118	1068	14	222	0	2	2778
Enochlau	17605	26	0	0	72	20	1	56	4	0	0	0	17784
Epbr123	2629	8	0	0	9	0	1	635	7	3	0	1	3293
Erdem Tüzün	0	0	0	0	2	0	0	0	0	0	0	0	2
Ericorbit	193	7	0	0	205	5	9	327	0	4	0	0	750
Esanchez7587	2514	3	0	0	70	4	7	261	1	2	0	0	2862
Espresso Addict	284	8	0	0	5	1	0	2	0	0	0	0	300
Esprit15d	389	9	0	0	9	2	0	1	0	0	0	0	410
Essexmutant	19	0	0	0	1	0	0	7	1	0	0	0	28
Essjay	1806	171	0	0	218	23	0	1236	248	0	715	102	4519
Esteffect	789	24	0	0	16	6	0	95	21	0	0	0	951
Eugene van der Pijll	970	54	0	0	9	3	0	8	1	0	0	0	1045
EurekaLott	756	68	0	0	18	1	0	37	0	0	0	0	880
Euryalus	1039	8	0	0	55	2	10	352	8	16	0	3	1493
Ev	151	14	0	0	6	0	0	2	0	0	0	0	173
EvanProdromou	0	0	0	0	0	0	0	1	0	0	0	0	1
Eventtable	0	0	0	0	1	0	0	0	0	0	0	0	1
Evercat	348	6	0	0	32	25	1	259	35	0	0	0	706
Everyking	1300	4	0	0	8	12	0	28	12	0	0	0	1364
Evil Monkey	1894	13	0	0	28	12	0	284	23	0	0	0	2254
Evil saltine	1413	41	0	0	23	9	2	587	23	17	0	3	2118
Evilphoenix	835	60	0	0	79	5	0	143	16	0	0	0	1138
Explicit	6569	21	0	0	123	4	23	98	1	5	0	0	6844
Exploding Boy	1442	6	0	0	7	3	1	404	21	7	0	0	1891
Extraordinary Machine	342	142	0	0	14	5	0	178	28	0	0	0	709
Extreme Unction	543	22	0	0	26	2	0	26	4	0	0	0	623
Eye of the Mind	16	2	0	0	9	2	1	9	0	0	0	0	39
EyeEightDestroyerBot	2149	0	0	0	0	0	0	0	0	0	0	0	2149
EyeSerene	246	21	0	0	78	2	18	507	29	16	0	0	917
Eyrian	633	23	0	0	33	3	0	40	1	0	0	0	733
Ezeu	914	30	0	0	37	35	3	125	9	0	0	0	1153
Ezhiki	1145	346	0	0	45	14	6	67	23	0	0	3	1649
FCYTravis	3479	174	0	0	158	46	19	192	31	0	0	0	4099
FT2	407	31	37	14	73	6	5	226	37	13	0	17	866
Fabrictramp	4683	120	0	0	219	5	22	116	3	4	0	0	5172
Faithlessthewonderboy	3326	69	0	0	201	1	1	457	3	5	0	1	4064
Falco McCloud	0	0	0	0	1	0	0	0	0	0	0	0	1
Fang Aili	29077	83	0	0	118	52	0	253	12	0	0	0	29595
Fantasy	18	4	0	0	4	2	1	1	0	0	0	0	30
Fastfission	194	11	0	0	9	6	2	160	20	0	0	0	402
Fastily	19701	251	0	0	119	4	26	831	11	31	0	40	21014
Father Goose	6	3	0	0	0	0	3	2	1	0	0	2	17
Fawcett5	813	8	0	0	3	2	0	58	0	0	0	0	884
FayssalF	409	8	0	0	309	52	13	1310	85	1	0	0	2187
Feco	3	0	0	0	0	0	0	0	0	0	0	0	3
FeloniousMonk	17	13	0	0	29	4	0	143	20	0	0	0	226
Femto	370	4	0	0	30	7	0	288	9	0	0	0	708
Fences and windows	282	12	0	0	14	0	3	49	2	5	0	0	367
Fennec	18	3	0	0	5	3	0	30	3	0	0	0	62
Ferkelparade	589	3	0	0	2	1	0	37	0	1	0	0	633
Feydey	7138	41	0	0	71	19	10	182	3	2	0	0	7466
Filelakeshoe	228	7	0	0	8	1	3	75	4	1	0	8	335
Filiocht	851	2	0	0	3	5	0	36	0	0	0	0	897
Finlay McWalter	355	3	0	0	20	6	2	431	19	0	0	0	836
Fir0002	21	0	0	0	0	0	0	1	0	0	0	0	22
Firsfron	1565	10	0	0	158	6	7	292	31	0	0	1	2070
Fish and karate	9155	209	0	0	372	21	20	634	375	1	0	11	10798
FisherQueen	7347	19	0	0	315	7	12	1678	48	148	0	0	9574
Fishhead64	24	1	0	0	0	0	0	27	0	0	0	0	52
Fl	522	7	0	0	2150	3	21	129	2	4	0	16	2854
Flcelloguy	855	42	0	0	775	720	0	268	40	0	0	0	2700
FloNight	481	5	13	17	59	6	3	152	18	0	0	0	754
Flockmeal	146	1	0	0	1	0	0	14	0	0	0	0	162
Floquenbeam	152	3	0	0	32	3	7	235	2	23	0	4	461
Flowerparty	1957	59	0	0	19	3	0	29	0	0	0	0	2067
Flucky	0	0	0	0	1	0	0	0	0	0	0	0	1
Flyguy649	1649	27	0	0	245	11	33	1062	38	22	0	1	3088
FlyingToaster	59	1	0	0	0	1	0	1	0	2	0	2	66
Formeruser-81	44	0	0	0	21	3	0	25	20	0	0	0	113
Formeruser-82	199	24	0	0	45	24	0	121	25	0	0	0	438
Fox	1084	43	0	0	50	7	11	156	17	6	0	8	1382
Fram	9019	163	0	0	200	6	34	419	8	6	0	0	9855
Fran Rogers	14894	118	0	0	328	26	47	3919	822	2371	0	7	22532
Franamax	8	4	0	0	4	0	0	25	3	2	0	1	47
FrancisTyers	172	5	0	0	20	7	0	67	15	0	0	0	286
Francs2000	10097	74	0	0	122	17	0	574	21	0	0	12	10917
Frank	4732	47	0	0	51	2	6	217	10	4	0	6	5075
Frazzydee	363	13	0	0	64	32	0	12	13	0	0	2	499
Freakofnurture	9841	927	0	0	551	96	5	10422	1134	0	0	0	22976
Fred Bauder	182	47	284	7	114	32	1	331	232	57	0	44	1331
Fred J	1431	16	0	0	12	7	0	36	1	0	0	0	1503
Fredrik	209	3	0	0	1	0	0	40	1	0	0	0	254
Freestylefrappe	14	0	0	0	4	1	0	48	1	0	0	0	68
FreplySpang	6790	37	0	0	35	5	0	776	47	0	0	0	7690
Fribbler	510	4	0	0	10	0	3	3	2	1	0	2	535
Friday	9774	96	0	0	55	22	3	403	40	0	0	12	10405
Fritzpoll	1121	28	1	0	44	3	7	69	11	5	0	32	1321
Fropuff	28	1	0	0	2	0	0	2	0	0	0	0	33
Fuhghettaboutit	6907	154	0	0	199	10	0	336	9	14	0	4	7633
Func	9	0	0	0	14	1	0	1215	124	0	0	0	1363
Furrykef	110	11	0	0	0	1	0	1	0	0	0	0	123
Future Perfect at Sunrise	3898	181	0	0	522	50	43	1904	299	32	0	10	6939
Fuzheado	886	21	0	0	63	13	3	575	42	0	0	0	1603
Fvasconcellos	1685	122	0	0	223	19	49	166	7	2	0	3	2276
Fvw	2867	41	0	0	28	17	0	2226	3509	31	0	0	8719
Fys	802	7	0	0	29	13	0	168	40	0	0	0	1059
G-Man	112	33	0	0	10	5	0	12	1	0	0	0	173
G.A.S	65	4	0	0	1	0	0	0	0	0	0	0	70
GDonato	3029	34	0	0	298	19	13	429	38	1	0	11	3872
GRBerry	1667	195	0	0	53	20	1	113	10	0	0	0	2059
GTBacchus	4146	316	0	0	19	13	0	177	14	0	0	0	4685
Gabbe	638	0	0	0	1	1	2	21	3	0	0	0	666
Gadfium	2105	37	0	0	67	13	5	2921	183	6	0	10	5347
Gadget850	478	31	0	0	5	1	0	0	0	0	0	0	515
Gaillimh	27	13	0	0	13	2	0	35	7	0	0	0	97
Gaius Cornelius	20	0	0	0	1	0	0	70	3	0	0	0	94
Galwhaa	235	6	0	0	2	0	0	11	3	0	0	0	257
Gamaliel	1559	111	0	0	190	73	11	1110	168	8	0	0	3230
Ganeshk	905	134	0	0	11	7	0	20	10	0	0	0	1087
Garion96	13289	335	0	0	68	11	7	219	9	2	0	7	13947
Garzo	351	4	0	0	40	5	2	444	8	0	0	0	854
Gatoclass	128	2	0	0	49	28	1	1	0	0	0	0	209
Gator1	172	15	0	0	55	3	0	183	26	0	0	0	454
Gazimoff	327	3	0	0	5	2	1	73	2	1	0	2	416
Gdr	337	10	0	0	47	45	0	5	0	0	0	0	444
Ged UK	3668	40	0	0	696	14	100	428	1	24	0	3	4974
GeeJo	710	8	0	0	64	33	0	4	0	0	0	0	819
GeneralPatton	25	0	0	0	3	3	0	13	3	0	0	0	47
Geni	10226	308	0	0	182	103	4	458	90	0	0	6	11377
Geniac	193	0	0	0	59	17	3	470	4	0	0	0	746
Gentgeen	99	6	0	0	2	0	1	35	4	0	0	0	147
Geogre	5178	12	0	0	21	2	0	221	16	1	0	0	5451
Geometry guy	256	25	0	0	2	1	3	3	0	2	0	3	295
Georgewilliamherbert	68	111	0	0	184	5	19	1161	105	18	0	1	1672
Gerald Farinas	65	0	0	0	3	4	1	4	1	0	0	0	78
Geschichte	6859	82	0	0	3	0	0	19	6	0	0	0	6969
Getluv	0	0	0	0	1	0	0	0	0	0	0	0	1
Gilliam	1029	4	0	0	131	24	17	7026	15	10	0	0	8256
Gimmetrow	946	70	0	0	257	3	93	585	30	19	0	10	2013
Ginkgo100	963	17	0	0	38	13	0	527	14	0	0	2	1574
Gladys j cortez	5	0	0	0	24	2	2	86	4	7	0	0	130
GlassCobra	2535	67	0	0	83	8	9	1407	14	10	0	9	4142
Glen	1641	83	0	0	182	17	1	4516	198	0	0	0	6638
Gnangarra	1636	34	0	0	194	18	6	240	40	1	0	2	2171
Gnasher29	0	0	0	0	1	0	0	0	0	0	0	0	1
Goatasaur	16	2	0	0	1	1	0	2	0	0	0	0	22
Gogo Dodo	34567	113	0	0	839	7	115	4458	41	138	0	1	40279
Golbez	5721	85	0	0	224	81	20	1364	166	9	0	2	7672
Goldom	1938	7	0	0	8	0	0	50	4	0	0	0	2007
GoneAwayNowAndRetired	149	4	0	0	135	4	41	89	3	12	0	2	439
Gonzo fan2007	3778	80	0	0	405	38	66	240	21	0	0	9	4637
Good Olfactory	7985	415	0	0	57	16	3	78	7	5	0	0	8566
Goodnightmush	626	1	0	0	13	1	4	105	1	0	0	0	751
Goodoldpolonius2	1	0	0	0	4	2	0	27	0	0	0	0	34
Graeme Bartlett	6547	97	0	0	74	2	11	417	1	22	0	6	7177
GraemeL	971	6	0	0	59	28	2	1177	87	3	0	0	2333
Graft	3	1	0	0	1	1	2	0	0	0	0	0	8
Graham87	6394	10922	0	0	124	7	25	217	7	6	0	4	17706
GrahamColm	45	2	0	0	13	3	3	29	4	0	0	0	99
Grandmasterka	3058	35	0	0	118	12	2	529	30	1	0	3	3788
Grant65	6	5	0	0	2	1	0	3	0	0	0	0	17
Greeves	323	5	0	0	6	2	0	26	0	0	0	7	369
GregAsche	239	1	0	0	13	17	0	152	9	0	0	0	431
GregRobson	1	0	0	0	0	0	0	0	0	0	0	0	1
Grenavitar	866	32	0	0	3	2	0	41	7	0	0	1	952
Grendelkhan	38	2	0	0	0	0	0	4	0	0	0	0	44
Grm wnr	533	6	0	0	4	2	0	38	5	0	0	0	588
Grossmünster	0	0	0	0	1	0	0	0	0	0	0	0	1
Ground Zero	64	0	0	0	29	6	4	33	0	3	0	0	139
Grue	200	103	0	0	10	18	0	25	7	0	0	0	363
Grunt	86	5	0	0	4	2	0	10	2	0	0	0	109
Grutness	2479	103	0	0	91	10	3	24	16	0	0	0	2726
Gryffindor	111	8	0	0	5	0	0	1	1	0	0	0	126
Gtrmp	403	12	0	0	3	0	0	1	0	0	0	0	419
Guanaco	513	188	0	0	40	42	0	387	257	0	0	0	1427
Guettarda	206	74	0	0	45	27	7	71	18	0	0	0	448
Guillom	4	0	0	0	0	0	0	0	0	0	0	0	4
Gurch	36411	1467	0	0	76	22	0	695	17	0	0	0	38688
Gurubrahma	309	6	0	0	144	93	0	39	2	0	0	0	593
Gutza	12	1	0	0	2	1	2	5	3	0	0	0	26
Gwalla	930	10	0	0	2	1	0	80	8	0	0	0	1031
Gwen Gale	7214	243	0	0	551	40	44	1127	157	60	0	9	9445
Gwernol	3832	26	0	0	344	45	11	4359	157	0	0	0	8774
Gyrofrog	172	11	0	0	14	2	2	280	14	3	0	0	498
H	6668	26	0	0	96	39	0	1080	129	0	0	0	8038
Hadal	1484	0	0	0	6	7	0	316	3	0	0	0	1816
Haemo	2305	14	0	0	69	7	18	226	43	0	0	0	2682
Hajor	163	7	0	0	13	12	0	16	1	0	0	0	212
Hall Monitor	460	12	0	0	270	32	1	2964	235	0	0	0	3974
Hamster Sandwich	3	1	0	0	1	0	0	26	3	3	0	0	37
Happy-melon	2546	59	30	4	202	52	20	0	0	0	0	4	2917
HappyCamper	4332	105	0	0	121	87	0	586	458	0	0	0	5689
Happyme22	572	9	0	0	44	1	7	11	0	0	0	0	644
Harej	2796	77	0	0	145	46	8	38	21	2	0	9	3142
Harold Oxley	0	0	0	0	2	0	0	0	0	0	0	0	2
Harro5	4810	33	0	0	72	4	0	168	10	0	0	0	5097
Harryboyles	2379	2	0	0	10	1	0	4	1	0	0	0	2397
Hashar	19	0	0	0	0	0	0	0	0	0	0	0	19
Hatricide	0	0	0	0	1	0	0	0	0	0	0	0	1
Haukurth	1198	68	0	0	15	34	0	81	13	0	0	3	1412
Hawkeye7	1	0	0	0	0	0	0	0	0	0	0	0	1
Hawstom	3	0	0	0	5	1	0	6	1	0	0	0	16
Hbdragon88	674	7	0	0	7	1	2	1	0	0	0	0	692
Hcheney	20	0	0	0	0	0	0	15	0	0	0	0	35
Hdt83	25	1	0	0	9	2	0	76	2	0	0	1	116
Heah	782	14	0	0	17	6	0	92	9	0	0	0	920
Heimstern	450	19	0	0	99	8	7	932	38	7	0	0	1560
Hemanshu	447	5	0	0	0	0	0	5	0	0	0	0	457
Hemlock Martinis	817	44	0	0	28	2	5	84	8	0	0	0	988
Henrik	531	33	0	0	48	15	7	198	34	2	0	5	873
Henry Flower	126	4	0	0	18	10	0	213	8	0	0	0	379
Henrygb	1491	36	0	0	6	3	0	21	0	0	0	0	1557
Hephaestos	1	2	0	0	3	2	0	0	0	0	0	0	8
Herbythyme	3022	11	0	0	45	2	6	515	25	7	0	1	3634
HereToHelp	140	5	0	0	40	11	3	17	3	0	0	0	219
Hermione1980	501	4	0	0	4	3	1	11	2	0	0	0	526
Hernando Magallanes	0	0	0	0	4	0	0	0	0	0	0	0	4
Heron	24	2	0	0	0	0	0	54	4	0	0	0	84
Herostratus	5268	78	0	0	14	4	0	65	6	0	0	0	5435
Hersfold	3322	69	2	0	997	20	361	1302	222	152	0	56	6503
Hesperian	2299	201	0	0	96	16	4	361	55	1	0	1	3034
Hiberniantears	961	8	0	0	66	4	22	1021	24	8	0	2	2116
Hiding	1868	135	0	0	35	25	1	52	14	0	0	4	2134
Hit bull, win steak	195	8	0	0	2	0	0	32	0	1	0	0	238
Hmhur	0	0	0	0	1	0	0	0	0	0	0	0	1
Hmwith	5442	52	3	0	41	2	1	69	4	3	0	1	5618
Hoary	443	16	0	0	83	6	9	250	10	2	0	0	819
Horologium	519	4	0	0	122	4	31	81	2	6	0	1	770
HorsePunchKid	189	0	0	0	0	0	0	0	0	0	0	0	189
HowDumbAreYou	0	0	0	0	1	0	0	0	0	0	0	0	1
Howcheng	19004	180	6	3	68	101	2	75	11	0	0	1	19451
Hu12	1469	56	0	0	367	14	3	1064	37	1	0	2	3013
Humblefool	596	11	0	0	3	2	0	4	2	0	0	0	618
Humus sapiens	73	2	0	0	64	4	0	124	12	0	0	0	279
Huntster	522	35	0	0	36	4	2	28	0	0	0	0	627
Hurricanehink	214	2	0	0	0	0	0	7	0	0	0	0	223
Husnock	59	1	0	0	22	8	0	27	9	0	0	0	126
Husond	1241	11	0	0	422	39	22	1139	39	0	0	1	2914
Hut 8.5	5850	65	0	0	629	17	37	1190	17	4	0	20	7829
Hyacinth	751	14	0	0	0	1	0	6	1	0	0	0	773
IMatthew	0	0	0	0	1	0	0	0	0	0	0	0	1
Ian Dalziel	0	0	0	0	1	0	0	0	0	0	0	0	1
Ian13	1951	52	0	0	30	8	2	72	21	0	0	0	2136
IanManka	1212	236	0	0	73	11	7	225	26	2	0	0	1792
Ianblair23	132	39	0	0	1	2	0	0	0	0	0	0	174
Icairns	274	7	0	0	2	1	0	4191	69	2	0	0	4546
Ice Cold Beer	1457	11	0	0	10	3	2	320	11	6	0	0	1820
IceKarma	1743	8	0	0	2	2	0	0	1	0	0	0	1756
Icestorm815	1597	29	0	0	97	7	24	419	11	21	0	5	2210
Icewedge	719	5	0	0	5	0	1	172	1	5	0	3	911
Idont Havaname	159	5	0	0	3	2	0	48	0	0	0	0	217
Ihcoyc	293	5	0	0	23	0	0	1	0	0	0	0	322
Ike9898	304	3	0	0	5	1	1	30	3	0	0	0	347
Ikiroid	62	5	0	0	6	0	0	20	1	0	0	0	94
Ilmari Karonen	1081	641	0	0	32	2	1	210	32	0	0	1	2000
Ilyanep	153	2	0	0	6	2	0	32	7	0	15	18	235
Improv	1233	9	0	0	188	11	0	79	15	0	0	0	1535
Imran	1	0	0	0	0	0	0	1	0	0	0	0	2
InShaneee	3951	20	0	0	91	5	0	528	56	0	0	0	4651
Infrogmation	4689	85	0	0	139	8	4	6256	116	9	2	1	11309
Inter	649	4	0	0	6	1	0	181	10	0	0	0	851
Interiot	1319	23	0	0	14	8	0	11	1	0	0	0	1376
Ioeth	2861	54	0	0	140	32	15	1818	42	10	0	12	4984
Iridescent	3376	81	0	0	124	10	37	839	44	8	0	8	4527
Irina Spalko	0	0	0	0	1	0	0	0	0	0	0	0	1
Irishguy	11708	25	0	0	107	3	0	1413	14	0	0	0	13270
IronGargoyle	3915	248	0	0	64	21	6	133	2	0	0	0	4389
Ish ishwar	46	3	0	0	1	0	0	11	1	0	0	0	62
Islander	684	23	0	0	109	1	6	79	5	1	0	4	912
Isomorphic	213	0	0	0	1	0	0	14	1	0	0	0	229
Isotope23	2009	23	0	0	124	33	10	490	59	0	0	0	2748
It Is Me Here	229	3	0	0	13	2	0	9	3	1	0	3	263
Ixfd64	3608	98	0	0	74	317	8	1343	3741	11	0	4	9204
Izehar	148	3	0	0	18	21	0	89	20	0	0	0	299
J Di	1548	57	0	0	75	32	0	581	44	0	0	0	2337
J Greb	3061	107	0	0	133	2	17	46	2	1	0	0	3369
J Milburn	8035	171	0	0	55	7	22	85	0	0	0	12	8387
J-stan	178	7	0	0	7	3	4	76	6	0	0	24	305
J.J.	1	2	0	0	0	0	0	1	0	0	0	0	4
J.delanoy	8603	260	0	0	800	32	245	17353	258	863	0	89	28503
J.smith	1176	48	0	0	27	7	2	240	42	0	0	0	1542
J04n	21	3	0	0	1	0	0	2	0	0	0	0	27
JCarriker	122	29	0	0	9	4	0	61	13	0	0	0	238
JDoorjam	1760	44	0	0	100	18	3	121	21	0	0	0	2067
JForget	7078	100	0	0	474	506	186	1659	13	13	0	0	10029
JGHowes	292	17	0	0	32	0	5	91	1	5	0	0	443
JHunterJ	1173	103	0	0	11	2	3	15	2	0	0	0	1309
JIP	7710	80	0	0	25	4	1	150	3	0	0	0	7973
JLaTondre	14050	69	0	0	34	4	0	1293	15	0	0	0	15465
JPD	622	5	0	0	2	2	0	19	1	0	0	0	651
JPG-GR	6869	71	0	0	14	2	0	19	0	0	0	0	6975
JRM	174	9	0	0	11	17	0	15	28	0	0	0	254
JWSchmidt	43	2	0	0	13	5	0	58	1	0	0	1	123
JYolkowski	2375	20	0	0	11	27	0	139	9	1	0	0	2582
JaGa	0	0	0	0	1	0	0	0	0	0	0	0	1
Jac16888	17920	65	0	0	72	5	14	338	15	507	0	6	18942
Jacoplane	326	33	0	0	92	48	4	159	11	0	0	0	673
Jafeluv	1444	59	0	0	4	2	0	9	0	0	0	0	1518
Jake Nelson	21	1	0	0	0	0	0	1	0	0	0	0	23
Jake Wartenberg	1976	92	0	0	113	9	11	493	31	30	0	52	2807
James086	4107	26	0	0	17	1	2	343	12	0	0	1	4509
JamesR	1156	8	0	0	55	5	11	105	10	1	0	3	1354
JamesTeterenko	222	2	0	0	27	18	0	160	4	0	0	0	433
Jamesday	6	7	0	0	2	0	0	6	1	0	0	0	22
JamieS93	8757	69	0	0	166	17	41	128	2	8	0	44	9232
Jaranda	17921	149	0	0	323	98	2	1208	229	0	0	0	19930
Jarry1250	696	10	0	0	11	1	2	31	1	3	0	3	758
Jasonbres	0	0	0	0	1	0	0	0	0	0	0	0	1
Jauerback	1268	8	0	0	56	8	7	897	58	10	0	4	2316
Jaxl	1604	10	0	0	3	1	0	36	0	0	0	0	1654
Jay	18	8	0	0	0	0	0	0	0	0	0	0	26
Jayjg	2028	172	3	2	442	68	2	1997	230	1	0	0	4945
Jayron32	1540	26	0	0	319	9	38	1632	216	82	0	19	3881
Jbmurray	89	8	0	0	7	6	0	18	1	0	0	0	129
Jc37	1453	101	0	0	41	9	9	60	7	1	0	1	1682
Jclemens	16263	155	0	0	199	3	2	681	5	31	0	8	17347
Jcw69	67	1	0	0	0	0	0	108	3	0	0	0	179
Jdavidb	81	0	0	0	13	2	0	48	2	0	0	0	146
Jdforrester	393	53	5	1	23	7	0	48	12	0	0	0	542
JeLuF	150	4	0	0	2	0	0	2	1	0	0	4	163
Jedi6	16	0	0	0	2	3	0	10	1	0	0	0	32
Jeepday	525	9	0	0	16	1	0	575	8	5	0	0	1139
Jeffrey O. Gustafson	14386	197	0	0	469	28	37	727	107	0	0	1	15952
Jehochman	172	26	0	0	102	13	13	516	88	11	0	1	942
Jengod	126	0	0	0	7	0	0	0	0	0	0	0	133
Jennavecia	4317	517	0	0	284	29	58	438	49	1	0	13	5706
JeremyA	2103	16	0	0	37	16	0	275	14	1	0	0	2462
Jerry	3517	201	0	0	99	14	1	73	10	0	0	3	3918
Jersey Devil	559	10	0	0	28	6	2	198	18	0	0	0	821
Jersyko	578	1	0	0	52	10	5	116	6	0	0	0	768
Jerzy	304	163	0	0	4	0	0	112	5	3	0	0	591
Jesse Viviano	1728	72	0	0	11	5	2	370	63	9	0	0	2260
JesseW	29055	126	0	0	37	8	0	78	21	0	0	1	29326
Jfdwolff	445	41	0	0	108	16	8	269	19	0	0	1	907
Jiang	373	19	0	0	17	5	0	90	3	0	0	0	507
Jimbo Wales	300	16	0	0	43	13	3	79	41	0	0	9	504
Jimfbleak	32111	136	0	0	789	37	4	1473	234	1	0	0	34785
Jimregan	3	0	0	0	0	0	0	0	0	0	0	0	3
Jimtinman3909	0	0	0	0	1	0	0	0	0	0	0	0	1
Jingiby	0	0	0	0	1	0	0	0	0	0	0	0	1
Jinian	1873	5	0	0	9	3	0	0	0	0	0	0	1890
Jitse Niesen	627	24	0	0	14	9	2	35	4	0	0	0	715
Jj137	5102	59	0	0	286	30	49	876	20	0	0	33	6455
Jkelly	3628	61	0	0	35	17	0	188	12	0	0	0	3941
Jmabel	178	34	0	0	7	7	0	131	5	0	0	0	362
Jmlk17	11140	72	0	0	942	48	79	2032	52	0	0	0	14365
Jnc	1906	158	0	0	114	34	0	46	20	0	0	0	2278
Jni	19112	26	0	0	24	4	0	199	2	0	0	0	19367
Jnothman	62	1	0	0	1	0	0	1	1	0	0	0	66
JoJan	7886	42	0	0	118	2	6	1360	9	2	0	0	9425
JoanneB	1180	48	0	0	51	22	0	816	105	0	0	0	2222
JodyB	1935	39	0	0	27	4	5	320	22	3	0	2	2357
Joe Beaudoin Jr.	544	1	0	0	17	3	0	68	2	0	0	0	635
Joelr31	661	12	0	0	9	8	0	83	1	0	0	0	774
Jogers	91	0	0	0	0	0	0	0	0	0	0	0	91
Johan Elisson	352	14	0	0	11	4	0	42	5	0	0	0	428
Johann Wolfgang	58	2	0	0	2	1	0	58	1	0	0	0	122
John	2758	20	0	0	99	4	7	1303	25	2	0	1	4219
John Carter	332	3	0	0	22	2	2	43	4	18	0	3	429
John Kenney	190	33	0	0	4	3	0	8	4	0	0	0	242
John Reaves	11925	176	0	0	418	161	42	2262	228	1	0	49	15262
John Vandenberg	903	201	106	11	93	17	24	150	36	2	0	19	1562
JohnCD	9195	115	0	0	39	1	4	801	0	20	0	0	10175
JohnOwens	6	0	0	0	0	1	0	0	0	0	0	0	7
Johnleemk	1752	20	0	0	6	3	0	240	20	0	0	0	2041
Johntex	131	28	0	0	27	4	1	180	11	0	0	0	382
Joke137	15	0	0	0	1	1	0	29	3	0	0	0	49
Jon513	1326	20	0	0	3	0	0	43	1	0	0	2	1395
JonMoore	39	1	0	0	2	2	0	0	0	0	0	0	44
Jonathunder	142	13	0	0	8	1	0	66	3	0	0	0	233
Jondel	245	1	0	0	33	8	1	75	1	0	0	0	364
Jonny-mt	1027	40	0	0	67	5	10	217	15	0	0	8	1389
Joolz	244	3	0	0	0	1	0	0	1	0	0	0	249
Josephjames21	0	0	0	0	1	0	0	0	0	0	0	0	1
Josh Grosse	38	2	0	0	0	0	0	0	0	0	0	0	40
Joshbuddy	22	0	0	0	0	0	0	5	0	0	0	0	27
JoshuaZ	597	51	0	0	102	13	0	627	71	0	0	0	1461
Josiah Rowe	116	25	0	0	76	10	0	335	19	0	0	0	581
Jossi	760	34	0	0	356	95	28	2058	77	2	0	1	3411
Journalist	405	7	0	0	53	20	9	128	15	2	0	4	643
Joy	300	104	0	0	20	7	0	4	0	0	0	0	435
Joyous!	8435	13	0	0	133	50	0	453	18	0	0	0	9102
Jpgordon	1040	22	1	0	207	17	10	3383	308	99	0	3	5090
Jrdioko	429	0	0	0	0	0	0	18	0	0	0	0	447
Jredmond	589	12	0	0	37	4	2	203	10	19	0	1	877
Jreferee	1375	49	0	0	144	6	27	36	4	0	0	0	1641
Jtdirl	112	30	0	0	118	44	0	432	29	0	0	0	765
Jtkiefer	870	100	0	0	53	15	0	403	85	0	0	0	1526
Judas Preist is effin awsome	0	0	0	0	2	0	0	0	0	0	0	0	2
Juliancolton	17337	304	0	0	642	37	224	2911	51	36	0	408	21950
Jusjih	1446	88	0	0	9	1	1	5	0	0	0	0	1550
Justinc	520	2	0	0	0	0	0	0	0	0	0	0	522
Jwrosenzweig	40	0	0	0	1	0	0	7	0	0	0	1	49
JzG	10267	258	0	0	647	36	20	1388	90	6	0	0	12712
Jza84	345	1	0	0	68	1	6	149	6	1	0	6	583
Jéské Couriano	624	123	0	0	945	178	231	1129	122	156	0	8	3516
K1Bond007	354	8	0	0	3	3	0	37	4	0	0	0	409
KF	511	16	0	0	2	0	0	1	0	0	0	0	530
KFP	769	120	0	0	243	4	1	67	10	0	0	0	1214
Kafziel	2062	33	0	0	218	24	27	1470	60	11	0	8	3913
Kaihsu	342	27	0	0	11	6	0	128	15	0	0	0	529
Kaiser matias	22	4	0	0	4	0	0	16	0	0	0	0	46
Kaisershatner	70	0	0	0	14	3	2	482	16	0	0	0	587
Kakofonous	66	3	0	0	5	1	0	4	1	0	0	1	81
Kaldari	273	28	0	0	69	19	12	75	11	3	0	0	490
Kane5187	241	6	0	0	1	0	0	1	0	0	0	0	249
Kanonkas	613	27	0	0	82	12	55	1275	66	503	0	19	2652
Karada	625	16	0	0	48	8	1	561	23	1	0	0	1283
Karanacs	706	12	0	0	13	0	2	14	0	2	0	5	754
Karl Dickman	2774	41	0	0	9	8	0	33	10	0	0	0	2875
Karmafist	165	35	0	0	15	5	0	160	21	0	0	0	401
Katefan0	841	20	0	0	212	128	0	351	52	0	0	0	1604
Kateshortforbob	585	3	0	0	17	2	1	42	3	1	0	2	656
Kathryn NicDhàna	59	0	0	0	11	1	0	7	1	0	0	0	79
Kbdank71	22396	57	0	0	43	2	0	357	13	7	0	1	22876
Kbh3rd	112	10	0	0	23	0	1	1159	47	12	0	0	1364
Kbthompson	146	26	0	0	25	1	1	135	2	0	0	4	340
Kcordina	1220	41	0	0	9	0	0	168	7	0	0	0	1445
Keegan	3844	142	84	154	105	20	14	267	36	6	0	19	4691
Keenan Pepper	297	1	0	0	3	0	0	11	0	0	0	0	312
Keeper76	3099	79	0	0	67	12	10	90	14	0	0	22	3393
Keilana	1635	51	0	0	72	12	9	615	19	0	0	11	2424
Keith D	1112	597	0	0	152	0	11	60	1	0	0	1	1934
Kelly Martin	736	56	0	0	27	11	0	413	60	0	0	0	1303
Kevin	3993	88	0	0	204	10	44	627	30	9	0	7	5012
Khaosworks	330	12	0	0	10	4	0	162	80	0	0	0	598
Khendon	3	0	0	0	1	2	0	0	0	0	0	0	6
Khoikhoi	1200	298	0	0	596	223	12	1764	144	3	0	1	4241
Khukri	1056	12	0	0	60	7	3	445	14	1	0	0	1598
Khym Chanur	0	0	0	0	6	0	0	0	0	0	0	0	6
Kicking222	529	1	0	0	0	0	0	0	0	0	0	0	530
KieferSkunk	757	11	0	0	3	0	3	15	3	0	0	0	792
KillerChihuahua	1237	37	0	0	109	12	11	405	30	8	0	0	1849
Killervogel5	21	0	0	0	7	0	3	12	0	0	0	0	43
Killiondude	2714	56	0	0	68	4	19	181	2	16	0	16	3076
Kilo-Lima	1207	2	0	0	36	9	0	668	69	0	0	0	1991
Kim Bruning	49	5	0	0	11	3	0	33	14	0	0	0	115
Kim Dent-Brown	284	1	0	0	17	2	0	3	1	0	0	0	308
Kimchi.sg	43507	717	0	0	541	118	21	2192	211	21	0	0	47328
KimvdLinde	893	55	0	0	66	23	1	47	7	1	0	0	1093
King of Hearts	5627	171	0	0	463	80	35	1748	551	14	0	15	8704
Kingboyk	3145	316	0	0	103	12	0	214	24	0	0	2	3816
Kingpin13	302	2	0	0	2	0	5	131	1	4	0	6	453
Kingturtle	745	26	0	0	174	14	28	338	10	7	1489	77	2908
Kinu	7603	43	0	0	469	20	9	812	62	15	0	0	9033
Kirill Lokshin	1850	50	0	0	22	2	5	161	15	0	0	1	2106
Kizor	60	253	0	0	9	8	2	25	3	0	0	0	360
Kjkolb	518	14	0	0	1	1	0	138	8	0	0	0	680
Kmccoy	201	5	0	0	23	3	4	44	9	5	0	4	298
KnightLago	1054	54	3	3	207	16	38	868	94	9	0	1	2347
Knowledge Seeker	115	32	0	0	19	19	0	110	75	0	0	0	370
KnowledgeOfSelf	1671	27	0	0	261	27	17	5512	114	0	0	0	7629
Konstable	1080	91	0	0	97	25	0	435	135	0	0	0	1863
Kosebamse	335	0	0	0	1	0	0	10	0	0	0	0	346
Kotra	25	2	0	0	2	1	0	2	0	0	0	0	32
Kpjas	121	0	0	0	2	0	0	1	0	0	0	0	124
KrakatoaKatie	3346	70	0	0	99	5	17	319	16	0	0	3	3875
Kralizec!	864	101	0	0	840	204	117	3807	43	40	0	14	6030
Ktsquare	11	0	0	0	0	0	0	0	1	0	0	0	12
Kubigula	8617	39	0	0	118	9	1	584	20	2	0	0	9390
Kukini	920	11	0	0	50	2	2	3481	4	2	0	0	4472
Kungfuadam	16119	264	0	0	186	39	0	2570	245	0	0	0	19423
Kurt Shaped Box	2105	18	0	0	137	8	33	1783	20	14	0	0	4118
Kuru	2025	6	0	0	275	10	8	4404	66	119	0	11	6924
Kurykh	6227	108	0	0	186	19	42	601	72	4	0	4	7263
Kusma	11430	101	0	0	173	36	10	956	31	7	0	8	12752
Kwamikagami	780	34	0	0	132	10	21	246	16	13	0	0	1252
Kwsn	1720	13	0	0	47	4	17	220	32	0	0	0	2053
Kyle Barbour	477	117	0	0	2	0	0	46	11	0	0	0	653
Kylu	1427	44	0	0	191	12	25	246	26	0	0	35	2006
Kyorosuke	1015	46	0	0	43	23	0	174	47	0	0	0	1348
Kzollman	125	34	0	0	1	0	0	2	1	0	0	0	163
L'Aquatique	667	10	0	0	21	3	13	46	8	0	0	3	771
LAX	220	3	0	0	3	4	1	95	1	0	0	4	331
LFaraone	289	7	0	0	12	2	2	8	0	0	0	2	322
La goutte de pluie	598	30	0	0	32	17	2	184	37	0	0	0	900
Lachatdelarue	237	7	0	0	0	1	0	6	1	0	0	0	252
Lacrimosus	222	3	0	0	17	1	0	44	1	0	0	0	288
LadyofShalott	1781	21	0	0	30	4	1	93	6	1	0	2	1939
Lankiveil	1136	29	0	0	21	0	6	157	4	14	0	1	1368
Lar	980	115	1	0	121	29	13	590	44	4	0	12	1909
Larry V	272	11	0	0	1	1	0	2	0	0	0	0	287
Laser brain	202	1	0	0	3	1	0	17	2	1	0	0	227
Laurascudder	848	4	0	0	3	2	0	9	1	0	0	0	867
Law	361	20	0	0	15	2	1	205	6	5	0	1	616
Lazulilasher	211	9	0	0	16	4	5	59	1	2	0	2	309
LeaveSleaves	0	0	0	0	6	0	0	0	0	0	0	0	6
Lectonar	17217	75	0	0	237	152	89	405	9	10	0	0	18194
Leebo	547	11	0	0	16	0	0	128	7	0	0	0	709
Leinad	4	0	1	0	0	0	0	0	0	0	0	0	5
Leithp	367	22	0	0	6	1	0	329	12	0	0	0	737
Lenticel	227	5	0	0	1	0	0	0	0	0	0	0	233
Leonard^Bloom	392	0	0	0	14	0	1	8	1	2	0	7	425
LessHeard vanU	585	60	0	0	306	14	34	3046	81	40	0	0	4166
Lethe	35	13	0	0	3	2	0	34	16	0	0	0	103
Lexi Marie	605	28	0	0	41	25	0	157	52	0	0	0	908
Lexicon	168	23	0	0	10	3	1	57	5	0	0	0	267
Lexor	40	0	0	0	0	0	0	0	0	0	0	0	40
Lid	2446	11	0	0	17	0	0	49	0	0	0	0	2523
Lifebaka	2783	158	0	0	44	11	10	155	12	8	0	2	3183
Lightdarkness	1528	18	0	0	5	3	0	183	19	0	0	0	1756
Ligulem	4947	12	0	0	749	660	0	150	6	0	0	0	6524
LinguistAtLarge	175	2	0	0	1	0	0	0	0	0	0	2	180
Linuxbeak	339	5	0	0	64	17	0	389	34	0	20	15	883
Lipinki	0	0	0	0	2	0	0	0	0	0	0	0	2
LiquidGhoul	27	1	0	0	1	0	0	0	0	0	0	0	29
LittleDan	34	1	0	0	1	2	0	4	0	0	0	0	42
Llywrch	163	15	0	0	19	6	1	30	8	1	0	0	243
Lommer	737	2	0	0	1	2	0	1	0	0	0	0	743
Lomn	24	0	0	0	2	2	1	10	0	0	0	0	39
Longhair	5717	10	0	0	124	38	3	1680	41	1	0	4	7618
Lord Emsworth	2	0	0	0	0	0	0	0	0	0	0	0	2
Lord Voldemort	182	1	0	0	9	26	0	4	4	0	0	0	226
LordAmeth	52	1	0	0	0	0	0	0	0	0	0	0	53
Loren36	76	1	0	0	12	4	1	302	20	0	0	0	416
Lostintherush	797	7	0	0	27	6	2	112	6	0	0	0	957
LouI	35	1	0	0	0	0	0	0	0	0	0	0	36
Lowellian	275	78	0	0	7	1	2	0	0	0	0	0	363
Lquilter	22	1	0	0	0	0	0	6	0	0	0	0	29
Lradrama	181	2	0	0	0	0	0	201	15	0	0	1	400
Lucky 6.9	27946	129	0	0	766	50	0	1919	248	0	0	0	31058
Ludraman	16	3	0	0	2	2	0	4	0	0	0	0	27
Luigi30	3280	15	0	0	52	2	0	152	5	0	0	0	3506
Luis Hernández García	0	0	0	0	2	0	0	0	0	0	0	0	2
Luk	52043	219	0	0	622	26	126	3998	346	128	0	19	57527
Luna Santin	6263	103	27	1	1827	160	123	12732	1040	139	0	16	22431
Lupin	642	1	0	0	5	3	0	126	8	0	0	0	785
Lupo	1918	16	0	0	16	0	0	401	21	0	0	0	2372
Lyrl	257	1	0	0	0	1	0	5	0	0	0	0	264
M7	0	0	0	0	0	0	0	0	0	1	0	0	1
MBK004	755	18	0	0	154	5	21	360	17	11	0	21	1362
MBisanz	60282	687	0	0	523	19	82	1381	92	22	1882	393	65363
MBoarSidwell	0	0	0	0	1	0	0	0	0	0	0	0	1
MC MasterChef	103	0	0	0	0	0	0	35	4	0	0	0	142
MCB	1166	17	0	0	33	4	3	422	17	1	0	0	1663
MECU	5336	21	0	0	2	0	1	7	0	0	0	0	5367
MER-C	0	0	0	0	15	0	0	0	0	0	0	0	15
MGodwin	3	0	0	0	0	0	0	0	0	0	0	0	3
MJCdetroit	104	6	0	0	28	3	11	5	0	0	0	0	157
MLauba	652	115	0	0	18	1	0	14	1	5	0	0	806
MONGO	3035	27	0	0	116	35	0	396	39	0	0	0	3648
MPF	441	9	0	0	7	0	0	17	0	0	0	0	474
MPUploadBot	50	7	0	0	52	0	3	0	0	0	0	0	112
MSGJ	1303	149	0	0	101	56	40	70	1	6	0	28	1754
MZMcBride	805733	586	0	0	7292	950	422	172	118	190	0	2	815465
MacGyverMagic	5629	110	0	0	195	106	3	281	33	0	0	0	6357
Mackensen	2517	108	0	0	71	7	1	1594	237	0	0	0	4535
Mackeriv	96	1	0	0	3	0	0	14	3	0	0	0	117
Madchester	514	15	0	0	112	18	4	242	10	0	0	0	915
Madman	873	61	0	0	24	5	4	140	16	3	0	0	1126
Maedin	287	232	0	0	2	2	0	9	1	1	0	4	538
Magioladitis	3328	19	0	0	28	4	5	65	3	2	0	0	3454
Magnus Manske	889	4	0	0	1	1	0	14	0	0	0	0	909
Mahanga	903	10	0	0	13	1	4	61	3	0	0	0	995
Mailer diablo	49325	247	22	301	157	15	3	261	16	2	0	1	50350
Mairi	766	5	0	0	3	2	0	5	0	0	0	0	781
Majorly	15244	506	0	0	548	104	7	660	39	0	0	10	17118
Makemi	4809	53	0	0	79	13	0	378	25	0	0	0	5357
Malcolm	1298	63	0	0	47	17	2	274	19	0	0	0	1720
Malcolm Farmer	776	3	0	0	0	0	0	24	1	0	0	0	804
Malcolmxl5	6425	43	0	0	213	7	13	35	1	3	0	2	6742
Malik Shabazz	3230	26	0	0	17	3	4	68	5	1	0	0	3354
Malinaccier	728	4	0	0	277	20	68	672	15	9	0	267	2060
Mallanox	1860	19	0	0	2	1	0	5	0	0	0	0	1887
Malo	3613	20	0	0	113	8	1	2252	246	0	0	0	6253
Mangojuice	4269	82	0	0	108	12	8	846	342	62	0	31	5760
Manning Bartlett	1403	12	0	0	8	1	10	31	5	1	0	3	1474
Marasmusine	4541	33	0	0	43	4	0	265	4	0	0	0	4890
Mardetanha	0	0	0	0	0	0	0	2	1	0	0	0	3
Marianocecowski	242	8	0	0	0	3	0	32	0	0	0	0	285
Marine 69-71	295	5	0	0	69	27	0	122	35	0	0	1	554
Mark	454	84	0	0	121	26	8	158	37	3	0	0	891
Mark Dingemanse	293	0	0	0	1	3	0	45	3	0	0	0	345
Mark Richards	0	0	0	0	0	0	0	0	5	0	0	0	5
Mark83	368	10	0	0	1	2	0	3	0	0	0	0	384
MarkGallagher	1932	27	0	0	81	61	0	116	26	0	0	0	2243
MarkSweep	1945	23	0	0	105	5	0	1133	41	0	0	0	3252
Markles	65	8	0	0	49	4	12	1	0	0	0	0	139
Marshman	25	0	0	0	0	0	0	30	2	0	0	0	57
Marskell	40	2	0	0	32	16	3	25	0	0	0	0	118
Martijn Hoekstra	1179	14	0	0	4	1	0	122	4	1	0	2	1327
MartinHarper	14	0	0	0	0	1	0	0	0	0	0	0	15
Martinp23	1389	89	0	0	228	31	4	359	71	2	0	4	2177
Martyman	131	2	0	0	2	0	0	35	1	0	0	0	171
Marudubshinki	4852	55	0	0	28	14	0	448	30	0	0	0	5427
Marumari	0	0	0	0	0	0	1	8	0	0	0	0	9
Masamage	841	16	0	0	16	2	3	19	1	0	0	0	898
Masem	97	17	0	0	9	0	2	14	0	0	0	0	139
MastCell	5584	74	0	0	541	23	51	1001	77	3	0	1	7355
Master Jay	196	8	0	0	82	7	1	304	36	0	0	0	634
Master Thief Garrett	1144	6	0	0	7	1	0	12	2	0	0	0	1172
Master of Puppets	2544	68	0	0	279	32	55	995	35	13	0	10	4031
Materialscientist	7731	65	0	0	503	4	42	5467	15	162	0	0	13989
Matilda	221	20	0	0	33	15	1	231	10	0	0	0	531
Matt Britt	5	2	0	0	2	0	0	1	0	0	0	0	10
Matt Crypto	132	23	0	0	38	22	0	174	18	0	0	0	407
Mattbr	2571	66	0	0	4	0	0	9	0	0	0	0	2650
Mattgirling	597	0	0	0	2	1	0	63	1	2	0	0	666
MatthewUND	53	1	0	0	0	0	0	5	0	0	0	0	59
Matthewedwards	2126	89	0	0	30	8	1	26	3	0	0	0	2283
Mattinbgn	1116	39	0	0	43	3	9	81	2	0	0	0	1293
Mattyb420	0	0	0	0	2	0	0	0	0	0	0	0	2
Maunus	5	0	0	0	8	0	1	4	0	0	0	0	18
Maury Markowitz	155	21	0	0	0	0	1	47	5	0	0	0	229
Mav	506	12	0	0	127	2	1	18	7	0	0	0	673
MaxSem	4846	23	0	0	167	25	7	343	96	3	0	14	5524
Maxim	106852	930	0	0	2479	276	563	2488	137	84	0	200	114009
Maxim's JS test account	0	0	0	0	1	0	0	0	0	0	0	0	1
Maximus Rex	68	0	0	0	0	0	0	0	0	0	0	0	68
Mazca	1193	11	0	0	33	2	11	441	4	18	0	6	1719
Mbecker	0	0	0	0	1	3	0	3	1	0	0	0	8
Mdale	2	0	0	0	0	0	0	0	0	0	0	0	2
Mdd4696	2234	8	0	0	31	8	0	89	4	0	0	0	2374
MediaWiki default	1310	0	0	0	0	0	0	0	0	0	0	0	1310
Meegs	8893	33	0	0	1	0	0	97	5	0	0	0	9029
Meelar	1264	7	0	0	2	1	0	121	1	0	0	0	1396
MegaHL90	0	0	0	0	1	0	0	0	0	0	0	0	1
Mel Etitis	3126	19	0	0	160	24	0	848	57	0	0	0	4234
Melburnian	126	6	0	0	9	1	0	34	0	0	0	0	176
Melchoir	1170	9	0	0	31	1	0	95	2	1	0	0	1309
Melesse	33203	79	0	0	3	0	0	1	0	0	0	0	33286
Menchi	23	2	0	0	0	0	0	0	0	0	0	0	25
Meno25	528	35	0	0	3	1	1	7	3	1	0	18	597
Mentifisto	5662	22	0	0	43	0	10	6887	15	77	0	67	12783
Mercury	314	93	0	0	82	34	25	137	62	0	0	0	747
Merkinsmum	0	0	0	0	3	0	0	0	0	0	0	0	3
Merope	11766	60	0	0	56	6	0	834	15	0	0	0	12737
Merovingian	2018	100	0	0	33	14	0	275	21	0	0	29	2490
Merphant	1	2	0	0	0	0	0	0	0	0	0	0	3
Metalx97856	0	0	0	0	1	0	0	0	0	0	0	0	1
Metamagician3000	111	4	0	0	11	4	0	28	5	0	0	0	163
Metropolitan90	2856	25	0	0	1	0	1	6	2	0	0	0	2891
Mets501	9384	98	0	0	207	38	0	293	23	0	0	0	10043
Mfield	904	17	0	0	158	7	32	683	10	25	0	1	1837
Miborovsky	46	3	0	0	19	13	0	30	5	0	0	0	116
Michael Greiner	899	14	0	0	10	7	0	13	1	5	0	0	949
Michael Hardy	315	82	0	0	1	0	0	18	5	1	0	0	422
Michael Snow	875	106	0	0	22	164	1	54	68	1	0	0	1291
MichaelBillington	507	8	0	0	6	0	0	4567	70	0	0	2	5160
Michaelas10	363	22	0	0	80	8	1	61	8	0	0	0	543
Midom	0	0	0	0	1	0	0	1	0	0	0	0	2
Mifter	1770	11	0	0	129	4	12	426	1	31	0	37	2421
Mikaey	1316	1439	0	0	14	1	2	73	0	1	0	2	2848
Mike 7	1263	16	0	0	39	3	0	285	6	0	0	0	1612
Mike Cline	133	0	0	0	1	0	1	1	0	0	0	0	136
Mike Halterman	150	9	0	0	13	9	1	64	10	0	0	0	256
Mike Peel	3035	21	0	0	4	4	0	4	0	1	0	0	3069
Mike Rosoft	14681	409	0	0	430	47	19	2308	391	11	0	0	18296
Mike Selinker	2022	15	0	0	11	4	0	17	1	0	0	0	2070
Mike.lifeguard	3	0	0	0	0	0	0	0	1	0	0	0	4
Mikeblas	128	1	0	0	0	0	0	0	0	0	0	0	129
MilborneOne	495	3	0	0	10	4	0	23	0	0	0	0	535
Mindmatrix	2349	26	0	0	26	2	0	48	1	1	0	1	2454
Mindspillage	2299	75	0	0	53	27	2	92	46	0	0	0	2594
Minesweeper	13	2	0	0	0	0	0	1	0	0	0	0	16
Mirv	1146	28	0	0	38	37	0	40	46	0	0	1	1336
MisfitToys	79	8	0	0	0	0	0	0	0	0	0	0	87
Misza13	223397	280	0	0	284	22	2	4609	271	0	0	6	228871
Mitchazenia	131	8	0	0	4	2	0	24	2	0	0	0	171
Mjroots	96	1	0	0	23	4	7	68	5	5	0	0	209
Mkmcconn	20	0	0	0	3	3	0	0	0	0	0	0	26
Mkweise	30	2	0	0	0	1	0	1	0	0	0	0	34
Mlaffs	224	3	0	0	1	0	0	0	0	0	0	0	228
Mo0	3125	23	0	0	14	3	0	229	21	1	0	0	3416
MoRsE	61	3	0	0	0	0	0	25	1	0	0	0	90
Modemac	14	0	0	0	3	5	0	6	1	0	0	0	29
Moink	304	3	0	0	2	0	0	7	7	0	0	0	323
Molikroth	0	0	0	0	1	0	0	0	0	0	0	0	1
Moncrief	99	1	0	0	4	3	0	41	1	0	0	0	149
Moni3	49	4	0	0	88	1	21	29	1	2	0	0	195
Montrealais	22	1	0	0	0	0	0	0	0	0	0	0	23
Moondyne	1958	55	0	0	58	14	2	299	38	0	0	0	2424
Moonriddengirl	10029	1484	0	0	262	29	16	422	26	16	0	1	12285
Moreschi	1044	26	0	0	200	11	43	900	81	10	0	20	2335
Moriori	3534	3	0	0	0	0	0	252	5	0	0	0	3794
Morven	814	26	0	0	7	1	0	224	54	1	0	0	1127
Morwen	615	14	0	0	6	1	0	84	8	0	0	0	728
Mr. Lefty	1550	10	0	0	62	6	0	614	31	1	0	0	2274
Mr.Z-man	19517	242	5	36	482	50	285	1640	182	31	0	26	22496
MrDarcy	223	5	0	0	36	7	0	143	12	0	0	0	426
MrKIA11	4983	26	0	0	0	0	0	4	1	1	0	0	5015
Mtmelendez	1042	5	0	0	11	0	0	2	0	0	0	0	1060
MuZemike	2309	87	0	0	172	3	24	2096	67	186	0	12	4956
Mufka	2283	10	0	0	66	1	6	626	1	21	0	0	3014
Mulad	44	6	0	0	0	0	0	0	0	0	0	0	50
Mushroom	21998	188	0	0	38	9	8	454	90	1	0	0	22786
Musical Linguist	324	149	0	0	109	24	0	900	71	0	0	0	1577
Mustafaa	131	1	0	0	0	3	0	10	1	0	0	0	146
MykReeve	2	0	0	0	0	0	0	0	0	0	0	0	2
Myleslong	22	29	0	0	6	3	0	28	8	0	0	0	96
Mysekurity	728	14	0	0	40	21	0	81	2	0	0	0	886
Mysid	2493	2	0	0	2	1	0	14	5	0	0	0	2517
Mzajac	148	4	0	0	8	2	1	46	4	0	0	0	213
NCurse	1618	11	0	0	1	1	0	34	0	0	0	0	1665
NJA	2651	60	0	0	230	6	44	1960	56	86	0	56	5149
NSLE	561	11	0	0	90	18	0	440	101	0	0	0	1221
Nabla	900	50	0	0	16	5	1	1	0	0	0	0	973
Nae'blis	844	53	0	0	28	2	0	15	2	0	0	0	944
Nagy	0	0	0	0	1	0	0	0	0	0	0	0	1
Nakon	35627	396	0	0	614	67	33	12975	6157	26	0	104	55999
Nancy	12689	92	0	0	380	20	15	937	13	18	0	9	14173
Nandesuka	694	29	0	0	96	16	2	383	27	1	0	0	1248
Nanfoodle	0	0	0	0	1	0	0	0	0	0	0	0	1
Nanobug	1	0	0	0	0	0	0	0	0	0	0	0	1
Nat	190	35	0	0	156	9	31	263	15	0	0	0	699
Natalie Erin	4503	23	0	0	69	3	0	988	27	0	0	0	5613
Natalya	325	13	0	0	36	7	3	109	39	0	0	0	532
NawlinWiki	178047	7243	0	0	9558	26	724	16182	478	1801	0	6	214065
Necrothesp	379	11	0	0	2	0	1	107	8	0	0	0	508
Nehrams2020	4920	20	0	0	6	2	1	127	2	0	0	0	5078
Netsnipe	1164	60	0	0	605	91	10	3676	1758	12	0	1	7377
Neutrality	3943	32	0	0	48	10	0	175	58	0	0	0	4266
Nev1	319	16	0	0	43	3	21	195	3	6	0	0	606
Newyorkbrad	781	15	0	0	50	5	3	550	32	0	0	1	1437
Ngb	622	62	0	0	9	6	0	10	0	0	0	0	709
Nichalp	1191	70	0	0	50	16	4	72	9	0	979	163	2554
NicholasTurnbull	213	14	0	0	15	10	0	139	17	1	0	0	409
Nick	2912	130	0	0	246	23	20	673	67	9	0	2	4082
Nick-D	567	12	0	0	127	14	11	451	19	29	0	0	1230
Nickptar	612	13	0	0	3	1	0	116	31	0	0	0	776
Nickshanks	54	1	0	0	3	0	0	0	0	0	0	0	58
Nicman911	0	0	0	0	2	0	0	0	0	0	0	0	2
Night Gyr	490	38	0	0	10	3	1	31	2	0	0	0	575
Nightmarishnight	0	0	0	0	1	0	0	0	0	0	0	0	1
Nightscream	28	9	0	0	76	7	6	157	2	7	0	0	292
Nightstallion	1772	128	0	0	71	7	0	29	2	0	0	0	2009
Nihiltres	12778	192	0	0	120	30	28	281	17	2	0	12	13460
Nihonjoe	6629	335	0	0	320	36	9	1245	33	59	296	9	8971
Nikki311	451	2	0	0	25	1	2	46	1	0	0	1	529
Nilfanion	571	25	0	0	4	3	0	8	0	1	0	0	612
Nishkid64	7435	349	1	0	1519	641	130	7496	306	653	0	29	18559
Niteowlneils	4157	80	0	0	1	0	0	16	1	0	0	0	4255
Nixdorf	2	0	0	0	0	0	0	0	0	0	0	0	2
Nixeagle	10319	243	0	0	93	14	9	3324	84	26	0	2	14114
Nlu	1601	94	0	0	603	226	13	3542	220	0	0	0	6299
Nmajdan	219	5	0	0	9	8	4	64	2	0	0	0	311
No Guru	927	11	0	0	33	14	0	442	8	1	0	0	1436
NoSeptember	1595	48	0	0	24	25	1	122	61	0	0	45	1921
NodpiW	0	0	0	0	1	0	0	0	0	0	0	0	1
Nohat	266	38	0	0	39	33	0	62	5	0	0	0	443
Noldoaran	2	0	0	0	0	0	0	0	0	0	0	0	2
Notheruser	70	0	0	0	0	0	0	0	0	0	0	0	70
Nousernamesleft	198	7	0	0	5	2	3	2	1	0	0	3	221
NrDg	1619	123	0	0	279	19	28	846	27	44	0	4	2989
NuclearWarfare	8952	271	0	0	637	25	175	2797	87	155	0	115	13214
Nufy8	371	1	0	0	36	2	7	334	15	1	0	0	767
Number 57	6146	72	0	0	75	2	1	53	4	0	0	0	6353
Nunh-huh	456	29	0	0	27	3	1	321	12	3	0	1	853
Nv8200p	59585	181	0	0	26	3	0	108	3	0	0	0	59906
Nyttend	9986	227	0	0	54	1	0	189	2	4	0	0	10463
Oberiko	294	3	0	0	8	2	0	162	0	0	0	0	469
Obli	1047	6	0	0	28	5	0	99	7	0	0	0	1192
Ocatecir	1340	11	0	0	106	16	1	250	9	0	0	0	1733
Ocee	196	2	0	0	3	3	10	95	5	0	0	0	314
Od Mishehu	7796	202	0	0	182	26	26	355	59	111	0	4	8761
OhanaUnited	509	35	0	0	11	3	1	139	7	0	0	8	713
Ohnoitsjamie	4801	62	0	0	303	12	25	2686	52	30	0	0	7971
Okiefromokla	195	2	0	0	21	3	3	208	7	0	0	0	439
OlEnglish	93	7	0	0	4	3	1	31	0	0	0	1	140
Olaf Davis	282	4	0	0	3	0	0	9	1	0	0	1	300
OldakQuill	325	22	0	0	6	2	0	2	1	0	0	0	358
Oldboy212	0	0	0	0	1	0	0	0	0	0	0	0	1
Oldelpaso	667	12	0	0	19	10	0	36	1	0	0	2	747
Oldwindybear	2	0	0	0	0	0	0	2	1	0	0	0	5
Oleg Alexandrov	691	57	0	0	14	8	0	35	10	0	0	1	816
Olessi	142	6	0	0	0	0	0	14	1	0	0	0	163
Oliver Pereira	2	6	0	0	0	1	0	0	0	0	0	0	9
Olivier	193	8	0	0	7	1	0	24	0	0	0	0	233
Omegatron	308	90	0	0	27	12	0	16	0	0	0	0	453
One	974	103	0	0	117	18	1	143	28	1	0	0	1385
Opabinia regalis	1410	5	0	0	15	2	0	3	0	0	0	0	1435
Orangemike	23066	148	0	0	598	25	16	5349	45	52	0	0	29299
Orderinchaos	5024	151	0	0	101	19	9	267	36	4	0	1	5612
Oren0	189	7	0	0	26	6	7	48	8	3	0	4	298
Orioane	114	1	0	0	4	2	0	11	0	0	0	0	132
Orlady	149	13	0	0	21	3	6	43	0	3	0	0	238
Orphaned image deletion bot	1466	0	0	0	0	0	0	0	0	0	0	0	1466
Orphaned talkpage deletion bot	1162	58	0	0	0	0	0	0	0	0	0	0	1220
Oscarthecat	3351	21	0	0	257	5	0	310	7	2	0	0	3953
OverlordQ	670	7	0	0	35	1	1	618	92	62	0	0	1486
Owen	254	24	0	0	15	33	0	84	23	0	0	0	433
OwenX	2324	22	0	0	185	20	1	1254	82	3	0	8	3899
Oxymoron83	11372	98	0	0	411	11	64	5442	34	52	0	0	17484
PDH	9821	82	0	0	355	197	0	243	21	0	0	0	10719
PFHLai	3486	136	0	0	854	766	1	58	1	0	0	0	5302
PMDrive1061	28655	385	0	0	1542	30	40	4935	158	630	0	8	36383
PS2pcGAMER	2303	23	0	0	25	32	0	87	18	0	0	0	2488
PZFUN	94	3	0	0	6	2	0	14	6	0	0	0	125
Pablo-flores	920	2	0	0	16	6	2	180	2	0	0	0	1128
Paginazero	3	3	0	0	0	0	0	0	0	0	0	0	6
Pagrashtak	3191	13	0	0	3	2	0	10	1	0	0	0	3220
Pakaran	164	13	0	0	22	37	12	55	6	0	48	30	387
Pamri	707	1	0	0	0	4	0	0	0	0	0	0	712
Papa November	3186	49	0	0	25	6	15	238	13	1	0	0	3533
Parsecboy	2673	111	0	0	34	7	0	404	11	2	0	5	3247
Parthian Scribe	0	0	0	0	1	0	0	0	0	0	0	0	1
Pascal.Tesson	16456	95	0	0	87	2	1	804	20	0	0	2	17467
Pastor Theo	474	0	0	0	8	0	0	59	9	1	0	1	552
Pastordavid	1312	9	0	0	8	6	0	10	1	0	0	0	1346
Patar knight	280	7	0	0	3	0	0	8	1	2	0	0	301
Pathoschild	8375	151	1	0	151	33	1	2443	706	77	0	1	11939
Patrick	135	112	0	0	9	1	1	3	1	0	0	0	262
Pats1	545	61	0	0	153	8	18	427	7	6	0	0	1225
Paul A	95	21	0	0	0	0	0	0	0	0	0	0	116
Paul August	1118	10	0	0	8	1	3	125	3	0	0	0	1268
Paul Benjamin Austin	25	4	0	0	45	9	0	65	16	0	0	0	164
Paul Erik	1999	53	0	0	18	2	0	471	7	5	0	0	2555
Pax:Vobiscum	607	38	0	0	182	6	13	35	1	0	0	0	882
Paxse	7	0	0	0	0	0	0	4	1	0	0	0	12
Pb30	858	1	0	0	0	0	1	278	3	0	0	0	1141
Pcb21	101	43	0	0	3	6	0	1	1	0	0	0	155
PeaceNT	5087	175	0	0	105	10	8	298	9	0	0	0	5692
PedanticallySpeaking	41	8	0	0	2	0	0	0	0	0	0	0	51
Pedro	8873	43	0	0	94	14	11	806	17	9	0	279	10146
Pedro Paulo Vasconcellos	0	0	0	0	2	0	0	0	0	0	0	0	2
Pegship	191	2	0	0	1	0	0	1	0	0	0	0	195
Penader	0	0	0	0	1	0	0	0	0	0	0	0	1
Pending deletion script	1210	0	0	0	0	0	0	0	0	0	0	0	1210
Pengo	51	14	0	0	2	1	0	7	0	0	0	0	75
Penwhale	147	8	0	0	45	6	14	52	13	1	0	0	286
Pepsidrinka	993	33	0	0	34	19	0	395	34	0	0	0	1508
Perceval	29	0	0	0	5	4	0	19	0	0	0	0	57
Peripitus	9783	74	0	0	98	18	14	168	10	9	0	4	10178
Persian Poet Gal	2300	96	0	0	1001	25	39	3340	141	16	0	1	6959
Peruvianllama	624	7	0	0	18	4	0	366	6	0	0	0	1025
Peteforsyth	21	9	0	0	5	2	3	11	2	3	0	0	56
Peter	3642	47	0	0	74	23	0	652	39	0	0	0	4477
PeterSymonds	6631	230	0	0	1128	360	397	2806	140	432	0	498	12622
Pgk	3711	73	0	0	556	54	0	4060	2204	0	0	0	10658
Phaedriel	3551	55	0	0	199	30	16	308	19	0	0	0	4178
Phantomsteve	808	9	0	0	17	3	5	36	5	5	0	5	893
Pharos	403	70	0	0	593	153	0	41	7	1	0	0	1268
Phil Bordelon	0	0	0	0	2	1	0	0	0	0	0	0	3
Phil Boswell	532	10	0	0	79	1	3	19	4	0	0	0	648
Phil Sandifer	676	138	0	0	80	58	8	280	69	0	0	0	1309
PhilKnight	25707	442	0	0	883	52	35	4895	190	150	0	27	32381
Philip Baird Shearer	423	77	0	0	87	17	22	15	2	0	0	0	643
Philippe	4576	58	0	0	383	34	47	1537	68	5	0	8	6716
Philippe (WMF)	2	0	6	0	4	0	0	0	0	0	0	0	12
Philosopher	1204	20	0	0	28	2	5	35	2	7	0	25	1328
Phils	15	1	0	0	0	0	0	26	2	0	0	0	44
Philwelch	933	44	0	0	28	7	0	72	14	0	0	0	1098
Phuntsok2000	0	0	0	0	2	0	0	0	0	0	0	0	2
Physchim62	1115	41	0	0	34	5	0	107	17	0	0	0	1319
Piazzajordan2	0	0	0	0	1	0	0	0	0	0	0	0	1
Picaroon	4039	61	0	0	55	12	5	461	27	0	0	1	4661
PierreAbbat	0	0	0	0	0	0	0	6	0	0	0	0	6
Pigman	1024	9	0	0	15	0	1	22	4	0	0	0	1075
Pilotguy	7231	64	0	0	294	29	1	2576	685	0	0	0	10880
PinchasC	119	18	0	0	48	14	1	188	6	0	0	0	394
Pinkville	1	0	0	0	6	0	0	2	0	0	0	0	9
Piotrus	619	178	0	0	19	8	2	80	17	0	0	0	923
Pjacobi	230	6	0	0	16	3	0	100	2	0	0	0	357
Plange	123	0	0	0	3	1	0	32	0	0	0	0	159
Plastikspork	5957	173	0	0	300	28	27	25	0	5	0	0	6515
Please try again.	0	0	0	0	1	0	0	0	0	0	0	0	1
Poeloq	22	1	0	0	0	0	0	52	2	0	0	4	81
Polaron	0	0	0	0	1	0	0	0	0	0	0	0	1
Pollinator	35	0	0	0	4	0	0	146	1	0	0	0	186
Poor Yorick	93	0	0	0	7	3	2	0	0	0	0	0	105
Postdlf	5726	85	0	0	124	5	3	763	9	3	0	0	6718
Pratyeka	1	2	0	0	0	0	0	0	0	0	0	0	3
Premeditated Chaos	1732	18	0	0	3	0	0	19	1	0	0	0	1773
PrimeHunter	85	8	0	0	3	2	0	0	0	0	0	1	99
ProcseeBot	0	0	0	0	0	0	0	131603	0	0	0	0	131603
Prodego	2259	278	0	0	148	109	72	1338	228	77	0	48	4557
ProhibitOnions	258	1	0	0	0	1	0	50	0	0	0	0	310
Prolog	1290	42	0	0	92	6	12	779	3	5	0	2	2231
Promethean	0	0	0	0	1	0	0	0	0	0	0	0	1
Proteus	118	0	0	0	2	0	0	11	10	0	0	0	141
Protonk	2731	1225	0	0	97	7	14	206	21	28	0	4	4333
ProveIt	4433	7	0	0	3	0	0	2	0	0	0	0	4445
Pschemp	2135	247	0	0	169	29	0	3327	319	0	0	0	6226
Psy guy	110	0	0	0	10	9	0	181	17	0	0	0	327
Qaz	75	0	0	0	0	0	0	0	0	0	0	0	75
Quadell	95659	301	0	0	51	16	3	120	11	1	0	0	96162
Quarl	7973	111	0	0	22	10	0	37	3	0	0	0	8156
Quell	0	0	0	0	1	0	0	0	0	0	0	0	1
Quercusrobur	15	2	0	0	3	2	0	8	0	0	0	0	30
Qwghlm	592	31	0	0	17	1	0	17	0	0	0	0	658
R'n'B	9333	226	0	0	22	12	0	6	0	0	0	0	9599
R-Con 9	0	0	0	0	1	0	0	0	0	0	0	0	1
R. Baley	8	3	0	0	26	1	11	78	6	0	0	1	134
R. fiend	2822	21	0	0	19	4	0	56	1	0	0	0	2923
R3m0t	1340	15	0	0	30	0	0	4	4	0	0	0	1393
RG2	3298	61	0	0	18	1	0	162	8	0	0	0	3548
RHaworth	46038	2983	0	0	2430	44	2	565	16	6	0	1	52085
RJFJR	35	2	0	0	0	0	0	1	0	0	0	0	38
RL0919	631	1	0	0	1	0	0	2	0	0	0	0	635
RN	706	132	0	0	17	15	0	28	7	0	0	0	905
Radiant!	2464	50	0	0	180	45	0	178	23	0	0	0	2940
RadicalBender	510	8	0	0	3	0	0	13	0	0	0	0	534
RadioKirk	2676	77	0	0	164	15	0	1678	74	0	0	0	4684
Ragesoss	358	42	0	0	6	1	2	6	0	0	0	0	415
Ragib	503	18	0	0	55	8	2	269	12	0	0	0	867
Raith Sienar	0	0	0	0	8	0	0	0	0	0	0	0	8
Ral315	2267	121	0	0	353	28	24	347	49	0	0	2	3191
Ram-Man	834	3	0	0	16	0	1	25	6	0	0	0	885
Rama	872	13	0	0	18	10	0	317	13	1	0	0	1244
Rama's Arrow	1202	3	0	0	46	9	0	200	25	0	0	0	1485
Ramallite	2	0	0	0	0	0	0	6	0	0	0	0	8
Rambo's Revenge	108	8	0	0	3	0	2	6	0	1	0	0	128
Ran	194	3	0	0	7	0	2	87	2	0	0	0	295
Random832	609	127	0	0	30	11	10	33	8	0	0	9	837
RandomXYZb	2778	36	0	0	242	19	24	1506	49	8	0	7	4669
Raso mk	0	0	0	0	1	0	0	0	0	0	0	0	1
RasputinAXP	2198	13	0	0	28	5	0	84	3	0	0	0	2331
Raul654	1166	105	0	0	1704	505	42	2496	226	5	148	83	6480
Raven4x4x	407	2	0	0	3	0	0	200	1	0	0	1	614
Raymolayenie	0	0	0	0	1	0	0	0	0	0	0	0	1
Raymond arritt	874	2	0	0	32	8	5	344	21	0	0	0	1286
Rbrwr	346	2	0	0	0	0	0	1	0	0	0	0	349
Rd232	1835	10	0	0	71	8	20	95	6	2	0	0	2047
Rdsmith4	3200	65	0	0	139	61	0	598	269	2	874	96	5304
Rebecca	2223	72	0	0	35	3	2	138	71	0	0	0	2544
Recurring dreams	6	0	0	0	1	0	0	21	1	0	0	0	29
RedWolf	14646	50	0	0	2	0	0	3	0	0	0	0	14701
RedWordSmith	240	11	0	0	13	20	0	20	1	0	0	0	305
RedirectCleanupBot	4377	0	0	0	0	0	0	0	0	0	0	0	4377
Redux	196	12	0	0	24	7	0	48	1	0	131	129	548
Redvers	17499	166	0	0	909	28	23	2288	201	325	0	1	21440
Redwolf24	1943	48	0	0	50	25	0	208	45	0	0	0	2319
Reedy	1133	32	0	0	40	14	13	40	11	0	0	10	1293
Refdoc	61	5	0	0	11	4	0	28	5	0	0	0	114
Reflex Reaction	511	14	0	0	1	2	0	6	0	0	0	0	534
RegentsPark	348	10	0	0	178	26	67	100	2	3	0	0	734
Remember the dot	816	11	0	0	26	2	7	18	1	0	0	13	894
Renata3	4848	38	0	0	16	2	0	61	4	0	0	0	4969
Renesis	148	0	0	0	25	1	0	19	6	0	0	0	199
Resolute	1235	21	0	0	26	2	2	69	2	0	0	0	1357
Retired username	12142	239	0	0	115	33	8	206	14	0	0	2	12759
RetiredUser2	376	88	0	0	25	15	0	12	6	0	0	0	522
Rettetast	22311	72	0	0	24	75	12	447	6	1	0	21	22969
Revolving Bugbear	102	7	0	0	5	1	0	25	11	0	0	0	151
RexNL	2299	11	0	0	153	11	9	4191	66	15	0	0	6755
ReyBrujo	952	36	0	0	101	29	5	138	2	0	0	0	1263
Rfl	364	39	0	0	0	0	0	0	0	0	0	0	403
Rhobite	719	15	0	0	67	26	0	617	47	0	0	0	1491
Rholton	277	3	0	0	8	1	0	22	3	0	0	0	314
Riana	14438	155	0	0	1058	108	108	2446	192	3	0	18	18526
Rich Farmbrough	3022	238	0	0	84	33	16	248	30	10	0	3	3684
Richardcavell	433	8	0	0	29	9	1	73	2	0	0	0	555
Richardshusr	992	38	0	0	53	24	12	16	3	0	0	0	1138
Rick Block	633	3	0	0	3	1	0	66	2	0	0	0	708
RickK	2466	14	0	0	53	5	0	651	26	0	0	0	3215
Ricky81682	4099	24	0	0	34	73	20	144	16	11	0	0	4421
Rifleman 82	396	41	0	0	34	9	5	119	9	4	0	3	620
Rigadoun	216	10	0	0	2	1	0	2	1	0	0	0	232
Risker	546	68	229	76	124	31	81	249	21	36	0	5	1466
Rjanag	925	33	0	0	73	8	10	156	18	16	0	1	1240
Rjd0060	15154	393	0	0	700	49	113	1198	134	71	0	32	17844
Rje	1856	9	0	0	93	171	0	318	5	0	0	0	2452
Rkitko	712	50	0	0	15	2	3	11	1	0	0	0	794
Rklawton	885	14	0	0	25	2	2	506	15	17	0	0	1466
Rlandmann	1271	90	0	0	23	3	0	47	3	0	0	0	1437
Rlendog	1	0	0	0	0	0	0	16	0	0	0	0	17
Rlevse	1406	61	38	0	155	20	30	2750	159	18	565	100	5302
Rlquall	4	1	0	0	0	0	0	1	1	0	0	0	7
Rmhermen	2084	16	0	0	27	7	6	55	0	0	0	0	2195
Roadrunner	0	0	0	0	0	0	0	5	0	0	0	0	5
RobH	0	0	0	0	0	0	0	0	0	0	1	0	1
RobLa	2	1	0	0	0	0	0	0	0	0	0	0	3
Robchurch	714	11	0	0	6	4	0	83	12	0	0	0	830
Robdurbar	1591	72	0	0	147	84	0	112	25	0	0	0	2031
Robert Merkel	0	1	0	0	0	0	0	5	4	0	0	0	10
RobertG	6062	23	0	0	39	5	5	403	23	0	0	1	6561
Robin Patterson	0	0	0	0	0	0	0	1	0	0	0	0	1
Robth	3830	187	0	0	5	3	0	10	0	0	0	0	4035
RobyWayne	122	0	0	0	0	0	0	14	0	0	0	0	136
RockMFR	2049	171	0	0	176	124	26	319	5	2	0	1	2873
Rockero	78	1	0	0	5	2	0	13	0	0	0	0	99
Rockpocket	474	18	0	0	30	9	4	145	17	1	0	1	699
Rocky Road	0	0	0	0	1	0	0	0	0	0	0	0	1
Rodhullandemu	1110	72	0	0	915	32	216	3104	107	129	0	15	5700
Roger Davies	440	25	23	0	10	4	3	51	20	11	0	4	591
Rogerd	589	11	0	0	24	5	0	139	1	0	0	0	769
Ronhjones	1393	44	0	0	64	4	8	359	17	6	0	1	1896
Ronline	62	3	0	0	6	9	0	11	1	0	0	0	92
Ronnotel	19	2	0	0	45	11	6	87	25	1	0	1	197
Roozbeh	152	2	0	0	27	7	0	8	1	0	0	0	197
Rosiestep	11	5	0	0	2	2	0	0	0	0	0	2	22
Rossami	1006	467	0	0	36	9	1	230	2	0	0	0	1751
RoyBoy	132	2	0	0	37	2	1	617	13	0	0	0	804
RoySmith	350	11	0	0	30	7	0	237	10	1	0	0	646
Royalbroil	984	25	0	0	69	23	5	52	4	0	0	1	1163
Royalguard11	1825	32	0	0	267	379	28	179	19	0	0	0	2729
Royboycrashfan	6095	107	0	0	73	0	0	386	22	0	0	0	6683
Rschen7754	1141	54	0	0	348	5	21	534	52	11	0	7	2173
Rspeer	119	5	0	0	15	1	0	112	24	1	0	0	277
Ruhrfisch	304	19	0	0	51	4	2	54	4	4	0	2	444
Runcorn	72	4	0	0	5	2	0	143	79	0	0	0	305
Rune.welsh	819	5	0	0	28	7	0	33	1	0	0	0	893
Runningonbrains	171	5	0	0	9	2	2	27	2	4	0	0	222
Ruslik0	2234	24	0	0	186	16	43	192	4	9	0	33	2741
Ruud Koot	1299	82	0	0	68	16	4	314	61	1	0	1	1846
Rwiggum	0	0	0	0	1	0	0	0	0	0	0	0	1
RxS	795	3	0	0	12	3	4	480	10	2	0	0	1309
Ryan Postlethwaite	1388	99	0	0	277	56	67	1391	150	22	0	60	3510
RyanGerbil10	3623	18	0	0	46	4	2	190	11	0	0	2	3896
Ryulong	10729	212	0	0	1213	49	77	6278	615	62	0	2	19237
S@bre	75	2	0	0	2	0	2	4	0	0	0	0	85
SB Johnny	39	2	0	0	10	0	4	9	6	0	0	0	70
SCEhardt	5235	50	0	0	12	0	0	306	3	0	0	1	5607
SCZenz	447	17	0	0	17	21	5	149	26	0	0	0	682
SD6-Agent	1	0	0	0	0	0	0	0	0	0	0	0	1
SGGH	2166	34	0	0	20	6	0	850	30	15	0	2	3123
SQL	2451	46	0	0	372	10	66	262	124	0	0	34	3365
ST47	37691	4965	0	0	229	74	89	5847	2327	2	0	3	51227
SWAdair	1600	7	0	0	49	1	0	38	1	0	0	0	1696
Sabine's Sunbird	86	0	0	0	7	0	3	0	0	0	0	0	96
Sadalmelik	0	0	0	0	1	0	0	0	0	0	0	0	1
Sade	148	5	0	0	3	0	0	1	2	0	0	0	159
Salix alba	114	7	0	0	8	4	4	6	0	0	0	0	143
Sam	104	21	0	0	24	4	0	22	0	0	0	2	177
Sam Blacketer	2387	15	0	0	45	8	2	193	33	1	0	1	2685
Sam Hocevar	6	7	0	0	0	0	0	1	2	0	0	0	16
Sam Korn	1014	21	6	8	65	10	13	974	76	4	0	13	2204
Sam Vimes	42	5	0	0	0	0	0	34	0	0	0	0	81
Samir	2583	98	0	0	260	132	10	484	58	0	0	10	3635
Samotnik	0	0	0	0	2	0	0	0	0	0	0	0	2
Samsara	36	21	0	0	73	4	2	63	33	0	0	0	232
Samuel Blanning	1742	97	0	0	157	65	0	1197	170	0	0	0	3428
Samulili	2	0	0	0	0	0	0	1	0	0	0	0	3
Sanchom	233	3	0	0	4	1	0	58	8	0	0	0	307
Sandahl	8022	95	0	0	364	8	8	3499	65	9	0	2	12072
Sandstein	6579	81	0	0	420	24	18	1112	218	48	0	3	8503
Sango123	4193	11	0	0	41	3	0	1567	66	0	0	0	5881
Sannse	882	30	0	0	19	10	0	57	35	0	0	0	1033
Sarah	2640	146	0	0	140	43	4	488	107	11	0	43	3622
Saravask	406	15	0	0	27	17	10	78	13	0	0	0	566
Sardanaphalus	0	0	0	0	7	0	0	0	0	0	0	0	7
SarekOfVulcan	882	61	0	0	83	9	21	233	40	33	0	0	1362
Sasquatch	1951	25	0	0	83	25	1	679	104	0	0	1	2869
Sassygurl192	0	0	0	0	2	0	0	0	0	0	0	0	2
Satori Son	1403	51	0	0	198	11	2	510	14	5	0	1	2195
SatyrTN	2738	21	0	0	18	8	4	36	7	0	0	0	2832
Savidan	65	5	0	0	13	5	0	3	0	0	0	0	91
Saxifrage	292	2	0	0	10	4	0	13	0	0	0	0	321
Scarian	650	23	0	0	179	3	22	1014	65	4	0	5	1965
Sceptre	1628	92	0	0	81	8	0	518	89	0	0	0	2416
Schissel	11	0	0	0	1	0	0	2	2	0	0	0	16
Schneelocke	30	3	0	0	15	2	0	11	2	0	0	0	63
SchuminWeb	12856	279	0	0	133	13	6	513	6	18	0	0	13824
Schutz	838	4	0	0	3	0	0	3	0	0	0	0	848
Scientizzle	3087	58	0	0	194	19	8	976	31	7	0	3	4383
Scimitar	192	3	0	0	9	3	0	97	4	0	0	0	308
Scipius	0	0	0	0	0	0	0	1	0	0	0	0	1
Scjessey	0	0	0	0	1	0	0	0	0	0	0	0	1
Scm83x	229	5	0	0	6	1	0	37	2	0	0	0	280
Scorpion0422	0	0	0	0	1	0	0	0	0	0	0	0	1
Scott Burley	842	1	0	0	11	1	0	33	3	0	0	0	891
Scott MacDonald	757	18	0	0	25	0	3	36	8	2	0	0	849
Scott5114	1241	6	0	0	121	5	0	30	5	0	0	1	1409
ScottDavis	301	36	0	0	9	5	0	37	4	0	0	0	392
Seabhcan	193	3	0	0	5	2	0	27	2	0	0	0	232
Sean Whitton	439	16	0	0	18	7	0	55	3	0	0	2	540
Sean William	868	45	0	0	109	8	4	414	35	0	0	2	1485
Searchme	147	0	0	0	0	0	0	11	0	0	0	0	158
Seattle Skier	287	8	0	0	12	0	1	29	1	0	0	0	338
SebastianHelm	225	20	0	0	10	2	2	6	5	0	0	0	270
Sebastiankessel	2	2	0	0	8	4	0	38	1	0	0	0	55
Secret	6060	64	0	0	144	6	9	252	19	4	0	21	6579
Secretlondon	427	6	0	0	2	0	0	420	8	0	849	24	1736
Seddon	82	3	0	0	20	1	2	76	3	10	0	6	203
Seglea	192	4	0	0	2	0	0	1	0	0	0	0	199
Seicer	1873	43	0	0	338	37	47	709	48	12	0	0	3107
Selket	1184	8	0	0	19	3	2	212	16	0	0	0	1444
Sephiroth BCR	909	17	0	0	36	6	1	323	7	0	0	0	1299
Seraphim	404	35	0	0	40	9	11	135	22	1	0	3	660
Seraphimblade	2717	17	0	0	39	9	2	709	50	2	0	3	3548
Seresin	3021	90	0	0	187	8	29	171	1	3	0	5	3515
Sesel	76	4	0	0	19	12	0	12	0	0	0	0	123
Seth Ilys	343	2	0	0	7	2	0	5	3	0	0	0	362
Sethant	1	2	0	0	0	0	0	0	0	0	0	0	3
Sfoskett	11	1	0	0	1	0	0	0	0	0	0	0	13
Sgeureka	452	20	0	0	1	0	0	3	1	1	0	0	478
Shadow1	284	13	0	0	32	4	0	170	27	0	0	0	530
ShamelessAngel	0	0	0	0	1	0	0	0	0	0	0	0	1
Shanel	4684	76	1	0	71	17	0	2598	517	0	0	0	7964
Shanes	2432	21	0	0	89	162	4	1097	24	0	0	0	3829
Shauri	44	0	0	0	0	1	0	2	0	0	0	0	47
SheffieldSteel	43	5	0	0	28	2	10	115	17	17	0	0	237
Sheldon Rampton	2	0	0	0	0	0	0	1	0	0	0	0	3
Shell Kinney	10940	307	5	1	56	7	3	673	83	5	0	2	12082
Shereth	820	34	0	0	12	4	1	485	10	0	0	1	1367
Sherool	42137	70	0	0	19	6	0	18	1	0	0	0	42251
Shii	404	36	0	0	24	12	0	71	55	0	0	2	604
Shimeru	789	0	0	0	6	0	0	2	0	0	0	0	797
Shimgray	1287	140	0	0	151	4	5	37	18	0	0	9	1651
Shirahadasha	171	2	0	0	10	4	3	55	8	0	0	0	253
Shizhao	1	1	0	0	1	0	0	0	0	0	0	0	3
Shoeofdeath	905	4	0	0	7	1	0	117	0	1	0	0	1035
Shreshth91	2323	19	0	0	33	12	0	390	48	0	0	0	2825
Shubinator	500	4	0	0	5	0	0	0	0	0	0	1	510
Shyam	16920	56	0	0	19	2	0	57	1	0	0	1	17056
Shyamal	78	7	0	0	21	2	5	30	2	1	0	3	149
Silence	24	0	0	0	0	1	0	0	0	0	0	0	25
SilkTork	389	35	0	0	15	2	8	2	1	3	0	1	456
Silsor	523	6	0	0	35	41	0	139	137	0	0	0	881
SimonP	5311	63	0	0	13	277	0	45	2	0	0	0	5711
Singularity	7381	115	0	0	61	15	2	79	7	0	0	1	7661
Sir Lestaty de Lioncourt	0	0	0	0	0	0	0	2	2	0	0	0	4
Sir Nicholas de Mimsy-Porpington	2149	60	0	0	84	11	4	814	82	0	0	0	3204
SirFozzie	352	18	2	0	90	8	40	314	32	4	0	0	860
Siroxo	73	4	0	0	0	0	0	18	0	0	0	0	95
Sitthisoneout1	0	0	0	0	1	0	0	0	0	0	0	0	1
Sj	136	164	0	0	11	9	1	57	8	0	0	0	386
Sjakkalle	4733	379	0	0	44	29	1	836	66	3	0	0	6091
Sjc	19	1	0	0	0	0	0	3	0	0	0	0	23
Sjorford	428	34	0	0	4	5	0	3	0	0	0	0	474
Skier Dude	67755	2105	0	0	376	8	29	686	1418	11	0	7	72395
Skomorokh	1565	112	0	0	128	3	7	0	0	0	0	6	1821
Sky Harbor	1	1	0	0	0	0	0	1	0	0	0	0	3
Slakr	4224	62	0	0	277	24	87	9114	97	22	0	14	13921
Slambo	697	18	0	0	33	0	0	184	5	0	0	0	937
SlimVirgin	1215	302	0	0	811	395	36	1141	229	0	0	1	4130
Slowking Man	1350	29	0	0	130	25	1	859	132	0	0	0	2526
Slp1	489	17	0	0	33	9	6	148	3	7	0	0	712
Slrubenstein	34	2	0	0	28	7	2	45	10	4	0	0	132
Slumgum	154	1	0	0	1	0	0	0	0	0	0	0	156
Smalljim	802	7	0	0	13	2	0	390	7	3	0	0	1224
Smashville	1676	14	0	0	65	4	1	403	21	31	0	1	2216
Smith03	117	4	0	0	5	0	1	6	68	0	0	0	201
Smith609	149	2	0	0	3	0	2	3	2	2	0	0	163
SmthManly	519	4	0	0	32	9	1	51	2	0	0	0	618
Smurrayinchester	67	3	0	0	10	6	0	17	6	0	0	0	109
Sn0wflake	406	3	0	0	15	2	0	108	2	1	0	0	537
Snowolf	693	15	0	0	40	6	2	603	30	2	0	3	1394
Snoyes	95	0	0	0	1	0	0	40	0	0	0	0	136
SoLando	297	14	0	0	18	7	0	191	6	0	0	0	533
SoWhy	7912	102	0	0	700	57	139	278	8	12	0	10	9218
Solid Falcon	0	0	0	0	2	0	0	0	0	0	0	0	2
Solipsist	78	1	0	0	136	49	0	108	12	0	0	0	384
Someguy1221	1310	21	0	0	26	3	3	555	4	27	0	4	1953
Somno	866	22	0	0	14	5	2	16	0	1	0	0	926
SorryGuy	11	2	0	0	2	2	0	18	2	0	0	0	37
Sortior	1	0	0	0	0	0	0	0	0	0	0	0	1
Soumyasch	2802	55	0	0	74	10	3	670	32	0	0	6	3652
SouthernNights	2087	51	0	0	131	35	10	254	6	4	0	0	2578
SpacemanSpiff	2197	13	0	0	141	3	10	446	2	14	0	3	2829
Spangineer	262	10	0	0	16	11	0	94	8	0	0	0	401
Spartaz	3573	254	0	0	195	33	10	341	83	9	0	11	4509
Spebi	1549	31	0	0	165	9	26	493	26	0	0	10	2309
Spellcast	8027	423	0	0	636	7	39	9211	642	125	0	11	19121
Spencer	207	3	0	0	29	3	4	265	3	0	0	1	515
Spencer195	12	0	0	0	0	0	0	3	0	0	0	0	15
Spike Wilbury	2640	102	0	0	24	4	1	148	4	1	0	1	2925
Spinningspark	115	15	0	0	23	2	11	148	1	7	0	0	322
Splash	8210	319	0	0	262	758	7	414	136	0	0	1	10107
SpuriousQ	625	1	0	0	17	1	0	569	5	0	0	0	1218
Srikeit	1840	18	0	0	86	45	0	387	22	0	0	0	2398
Ssd	1699	2	0	0	7	1	0	14	0	0	0	0	1723
Staecker	1692	21	0	0	1	1	0	2	0	0	0	0	1717
Stan Shebs	2654	74	0	0	1	0	0	25	0	0	1	0	2755
Star Mississippi	2054	56	0	0	79	4	6	247	8	1	0	0	2455
Starblind	2594	13	0	0	101	1	1	256	6	1	0	0	2973
Staxringold	336	6	0	0	3	0	0	43	0	0	0	0	388
Steel	9468	74	0	0	969	333	27	1203	89	2	0	7	12172
Steinsky	34	0	0	0	7	2	0	32	1	0	0	0	76
Stemonitis	3724	128	0	0	10	13	2	42	2	0	0	0	3921
Stephan Schulz	8	1	0	0	17	1	3	103	3	1	0	1	138
Stephen	6812	83	0	0	83	2	0	1400	72	9	0	9	8470
Stephen Bain	1746	42	0	0	85	23	1	96	18	0	0	0	2011
StephenBuxton	805	19	0	0	30	3	3	272	9	0	0	0	1141
Steve	195	3	0	0	2	1	0	1	1	0	0	0	203
Steve Smith	1338	96	8	0	112	6	22	339	34	11	0	3	1969
SteveSims	0	0	0	0	1	0	0	0	0	0	0	0	1
Steven Walling	707	3	0	0	79	1	11	61	3	0	0	0	865
Stevenfruitsmaak	95	10	0	0	10	0	0	11	0	0	0	0	126
Stevenj	34	1	0	0	23	0	0	43	1	0	0	0	102
Stevertigo	136	16	0	0	46	11	0	22	14	0	0	0	245
Stewartadcock	828	0	0	0	10	3	0	6	1	0	0	0	848
Stifle	18794	555	0	0	533	56	52	502	66	10	0	43	20611
Stormie	2443	63	0	0	46	6	3	376	11	0	0	2	2950
StuffOfInterest	173	5	0	0	29	2	0	104	2	0	0	0	315
Stuffdoing	0	0	0	0	1	0	0	0	0	0	0	0	1
Stwalkerster	2554	63	0	0	80	1	7	366	44	3	0	33	3151
Sub619	0	0	0	0	1	0	0	0	0	0	0	0	1
Sue Anne	499	9	0	0	0	0	0	1	0	0	0	0	509
Sugarfish	2	2	0	0	1	1	0	0	0	0	0	0	6
Sundar	39	13	0	0	0	0	1	6	3	0	0	0	62
Superm401	255	24	0	0	22	22	24	47	12	0	0	1	407
Sverdrup	501	4	0	0	1	2	0	2	2	0	0	0	512
Swatjester	951	30	0	0	183	16	30	375	49	0	0	5	1639
Syrthiss	3403	42	0	0	229	24	8	2047	96	67	0	7	5923
TFOWR	0	0	0	0	2	0	0	0	0	0	0	0	2
TKD	2746	150	0	0	75	17	19	315	30	3	0	3	3358
TPK	62	0	0	0	0	0	0	0	0	0	0	0	62
TSO1D	89	1	0	0	34	8	2	21	2	0	0	0	157
TShilo12	59	4	0	0	8	2	0	5	2	0	0	0	80
TUF-KAT	542	39	0	0	0	0	0	12	1	0	0	0	594
Ta bu shi da yu	1396	57	0	0	88	47	0	171	56	0	0	0	1815
Tabercil	409	34	0	0	52	8	1	178	4	1	0	0	687
Tadakuni	9	0	0	0	0	0	0	0	0	0	0	0	9
Taelus	138	7	0	0	68	5	21	22	4	8	0	0	273
Talrias	255	8	0	0	23	14	0	82	17	0	0	0	399
Tango	341	2	0	0	4	2	0	75	4	0	0	0	428
Tangotango	1509	28	0	0	23	1	1	621	17	0	0	0	2200
Tanner-Christopher	9	0	0	0	12	0	4	1	1	0	0	0	27
Tannin	57	2	0	0	1	0	0	22	1	0	0	0	83
Tanthalas39	2255	25	0	0	1035	47	162	3254	67	49	0	6	6900
Tariqabjotu	308	27	0	0	826	90	48	452	75	2	0	0	1828
Tassedethe	2658	165	0	0	7	4	1	8	0	1	0	0	2844
Taw	88	17	0	0	0	2	0	0	0	0	0	0	107
Tawker	4360	51	0	0	281	18	12	1753	349	0	0	9	6833
Taxman	246	19	1	2	15	10	0	175	12	0	34	337	851
Tbo 157	30	2	0	0	3	1	0	24	6	0	0	0	66
Tbsdy lives	2601	50	0	0	147	5	13	55	5	6	0	0	2882
Tcncv	186	2	0	0	113	4	28	183	4	10	0	0	530
TeaDrinker	1775	21	0	0	22	1	7	253	4	2	0	1	2086
Tedder	1640	18	0	0	841	58	180	535	17	51	0	3	3343
TenOfAllTrades	411	17	0	0	67	5	9	633	41	11	0	3	1197
TerriersFan	1417	62	0	0	157	12	10	246	10	2	0	0	1916
Terrillja	0	0	0	0	1	0	0	0	0	0	0	0	1
TexasAndroid	18748	471	0	0	354	41	12	640	37	1	0	1	20305
Texture	450	10	0	0	1	1	0	34	1	0	0	0	497
Tfinc	0	0	0	0	0	0	0	0	0	0	0	2	2
ThaddeusB	1557	278	0	0	9	1	4	31	5	1	0	1	1887
Thatcher	2740	118	9	96	243	59	27	3065	338	25	0	32	6752
Thatcher131	0	1	0	0	0	0	0	0	0	0	0	0	1
Thatislifeandlove	0	0	0	0	2	0	0	0	0	0	0	0	2
The Anome	3340	85	0	0	347	34	25	4403	192	80	0	2	8508
The Cunctator	7	63	0	0	5	17	0	11	6	0	0	0	109
The Earwig	1067	142	0	0	28	3	0	14	0	0	0	10	1264
The Epopt	3283	41	0	0	27	2	0	44	12	0	0	0	3409
The JPS	7743	43	0	0	206	23	13	406	14	0	0	0	8448
The Land	454	6	0	0	12	5	0	96	13	0	0	0	586
The Placebo Effect	366	12	0	0	41	8	7	27	4	0	0	2	467
The Rambling Man	3144	8	0	0	78	3	4	745	6	0	261	25	4274
The Random Editor	88	0	0	0	21	0	0	39	1	0	0	0	149
The Singing Badger	25	0	0	0	0	0	0	2	0	0	0	0	27
The Tom	145	12	0	0	41	12	0	4	0	0	0	0	214
The Transhumanist	0	0	0	0	3	0	0	0	0	0	0	0	3
The Wordsmith	368	4	0	0	7	2	2	3	0	1	0	1	388
The ed17	138	10	0	0	48	6	16	21	0	12	0	4	255
The undertow	809	10	0	0	38	9	4	112	7	0	0	4	993
The wub	6389	53	0	0	26	5	0	171	9	0	0	2	6655
The-G-Unit-Boss	1409	5	0	0	102	3	12	24	0	0	0	0	1555
TheCoffee	29327	43	0	0	18	14	0	28	2	1	0	0	29433
TheCustomOfLife	43	0	0	0	6	1	0	3	0	0	0	0	53
TheDJ	1167	34	0	0	9	2	4	0	0	0	0	0	1216
TheParanoidOne	12440	29	0	0	0	0	0	0	0	0	0	0	12469
TheProject	2205	13	0	0	21	8	0	67	3	0	0	0	2317
Thedemonhog	29	0	0	0	0	0	1	0	0	0	0	2	32
Thehelpfulone	629	20	0	0	222	8	42	133	7	15	0	7	1083
TheoClarke	269	17	0	0	0	1	0	17	2	0	0	0	306
Therequiembellishere	0	0	0	0	1	0	0	0	0	0	0	0	1
Theresa knott	1785	53	0	0	246	59	16	1529	233	2	0	0	3923
Thespian	2	1	0	0	4	0	0	2	1	0	0	0	10
Thingg	3543	42	0	0	60	3	10	440	7	8	0	5	4118
Thogo	0	0	2	0	0	0	0	0	0	0	0	0	2
Thorpe	319	4	0	0	10	2	1	22	4	0	0	0	362
Thryduulf	848	58	0	0	75	42	2	56	18	1	0	0	1100
Thue	8063	32	0	0	29	8	0	370	37	1	0	0	8540
Thunderboltz	611	28	0	0	13	6	0	80	0	0	0	0	738
Thunderbrand	3589	9	0	0	3	2	0	39	2	0	0	0	3644
TigerShark	1146	55	0	0	42	11	3	1031	43	0	0	0	2331
Tijuana Brass	2988	48	0	0	33	4	0	99	10	0	0	0	3182
Tikiwont	6846	696	0	0	79	16	0	500	10	13	0	0	8160
Tillwe	45	0	0	0	0	0	0	3	0	0	0	0	48
Tim Ivorson	8	4	0	0	1	0	0	0	0	0	0	0	13
Tim Song	356	45	0	0	12	3	6	351	10	113	0	8	904
Tim Starling	42	11	1	0	7	3	0	15	23	0	5	0	107
Tim!	854	27	0	0	4	3	0	46	2	0	0	0	936
TimVickers	1312	43	0	0	201	15	81	892	28	10	0	5	2587
Timc	35	1	0	0	0	1	0	2	0	0	0	0	39
Timichal	1	17	0	0	0	0	0	0	0	0	0	0	18
Timrollpickering	348	2	0	0	22	3	7	7	0	0	0	0	389
Timwi	337	17	0	0	3	6	0	0	0	0	0	0	363
Tinselfairy1	0	0	0	0	2	0	0	0	0	0	0	0	2
Tinucherian	3	1	0	0	37	0	5	0	0	0	0	4	50
Tiptoety	6212	147	0	0	1177	1107	255	4591	224	414	0	237	14364
Titoxd	2935	419	0	0	106	42	3	1562	366	0	0	5	5438
Tivedshambo	2047	25	0	0	33	3	4	648	15	15	0	23	2813
Tizio	1868	51	0	0	21	31	0	21	1	0	0	0	1993
Tkinias	3	0	0	0	0	0	0	0	0	0	0	0	3
Tnxman307	9369	44	0	0	171	1	4	4119	36	66	0	12	13822
Toby Bartels	20	148	0	0	1	3	0	0	1	0	0	0	173
Toddst1	6322	87	0	0	751	45	73	6524	259	186	0	30	14277
Tom	1383	30	0	0	33	11	5	82	1	0	0	0	1545
Tom harrison	3137	161	0	0	369	114	43	1864	109	6	0	0	5803
Tom-	37	3	0	0	8	3	0	4	0	0	0	0	55
TomStar81	357	5	0	0	58	6	5	48	2	0	0	0	481
TomTheHand	97	54	0	0	0	2	0	61	8	0	0	0	222
Tompagenet	5	0	0	0	0	0	0	0	0	0	0	0	5
Tone	17368	172	0	0	51	3	7	135	0	0	0	0	17736
Tony Fox	1448	8	0	0	79	2	9	540	10	6	0	0	2102
Tony Sidaway	1039	403	0	0	359	596	0	357	124	0	0	0	2878
Tonywalton	3264	11	0	0	35	5	9	377	23	19	0	2	3745
Toon05	1326	89	0	0	57	12	4	158	7	16	0	5	1674
Topbanana	684	5	0	0	7	0	2	3	0	0	0	0	701
Tra	118	11	0	0	37	5	0	5	0	0	0	0	176
TravisTX	889	14	0	0	64	3	11	225	42	35	0	5	1288
Trebor	296	3	0	0	75	26	0	83	7	0	0	0	490
Tregoweth	4330	57	0	0	140	18	0	890	40	0	0	0	5475
Trevor MacInnis	2230	233	0	0	136	7	18	472	11	2	0	1	3110
Trevor Parscal	2	0	0	0	0	0	0	0	0	0	0	0	2
Trialsanderrors	662	291	0	0	52	60	0	20	2	0	0	0	1087
Triddle	5	0	0	0	3	2	0	4	0	0	0	0	14
Trilobite	514	1	0	0	3	3	0	63	6	0	0	0	590
Tristanb	5	7	0	0	0	0	0	0	0	0	0	0	12
Troy 07	0	0	0	0	1	0	0	0	0	0	0	0	1
Trusilver	757	11	0	0	62	1	4	1236	35	12	0	1	2119
Trödel	179	23	0	0	6	2	0	60	12	1	0	0	283
Turnstep	786	8	0	0	2	0	0	1	0	0	0	0	797
TwinsMetsFan	371	21	0	0	0	1	0	14	0	0	0	0	407
Typesships	0	0	0	0	1	0	0	0	0	0	0	0	1
Tyrenius	2598	60	0	0	65	12	7	262	31	1	0	7	3043
Tznkai	222	5	0	0	80	7	17	137	21	6	0	2	497
UberScienceNerd	165	2	0	0	0	0	0	69	0	0	0	0	236
Ucucha	789	53	0	0	32	4	12	29	0	3	0	1	923
Ugen64	1037	30	0	0	33	6	1	174	22	0	0	0	1303
UkPaolo	1439	57	0	0	15	5	0	131	3	0	0	0	1650
Ultraexactzz	3193	67	0	0	91	4	4	461	57	5	0	2	3884
Uncle G	1888	220	0	0	31	0	5	161	1	1	0	0	2307
UninvitedCompany	1626	40	0	0	59	27	0	119	33	0	16	42	1962
UpstateNYer	403	1	0	0	1	0	4	4	1	0	0	75	489
Urhixidur	386	21	0	0	2	0	0	8	0	0	0	0	417
Useight	1766	20	0	0	38	3	4	341	8	0	116	9	2305
User2004	117	2	0	0	16	6	0	124	27	0	0	0	292
Utcursch	6594	155	0	0	77	4	9	2288	18	2	0	0	9147
UtherSRG	5422	91	0	0	53	8	2	711	19	0	0	0	6306
Vague Rant	26	4	0	0	0	2	0	4	1	0	0	0	37
Valley2city	567	7	0	0	23	5	8	197	1	9	0	15	832
VampWillow	388	1	0	0	30	8	0	12	3	0	0	0	442
Vancouverguy	935	0	0	0	0	0	0	0	0	0	0	0	935
Vanished user	166	16	0	0	29	8	2	105	14	0	0	0	340
Vaoverland	43	2	0	0	0	0	0	17	0	0	0	0	62
Vary	650	55	0	0	33	4	3	202	9	1	0	0	957
Vassyana	599	15	30	0	31	4	3	120	30	0	0	0	832
VegaDark	11932	283	0	0	167	150	104	801	334	1	0	0	13772
Vegaswikian	10252	51	0	0	79	5	11	34	1	2	0	0	10435
Veinor	2215	18	0	0	36	4	1	360	24	2	0	0	2660
Verrai	748	5	0	0	14	6	0	69	2	1	0	0	845
Versageek	3303	26	0	0	105	1	17	671	16	17	0	12	4168
Viajero	52	4	0	0	10	9	0	15	4	0	0	0	94
Vianello	944	9	0	0	19	1	2	178	3	11	0	0	1167
Vicky Lee	0	0	0	0	1	0	0	0	0	0	0	0	1
Victuallers	73	5	0	0	223	3	12	13	0	1	0	0	330
Violetriga	1640	119	0	0	79	33	0	131	43	0	0	0	2045
Viridae	1042	101	0	0	86	34	26	532	88	11	0	19	1939
VirtualSteve	1822	40	0	0	404	22	37	1486	36	48	0	8	3903
Vishal	1	0	0	0	5	3	0	0	0	0	0	0	9
Visorstuff	6	1	0	0	4	1	0	0	0	0	0	0	12
Visviva	51	0	0	0	3	1	0	3	1	0	0	0	59
Voice of All	5632	83	1	0	488	2115	6	1046	107	0	0	6	9484
Vsmith	1277	4	0	0	162	11	35	4962	26	13	0	3	6493
Vulcan Hephaestus	0	0	0	0	4	0	0	0	0	0	0	0	4
WAvegetarian	270	20	0	0	8	3	0	69	6	0	0	0	376
WJBscribe	9393	221	0	0	396	497	40	2635	165	0	2689	307	16343
WODUP	2286	35	0	0	86	3	10	665	57	6	0	10	3158
Wafulz	5400	95	0	0	160	11	9	1297	44	0	0	0	7016
Waggers	893	2	0	0	47	1	2	1133	8	1	0	0	2087
Walter	0	0	0	0	0	0	0	1	0	0	0	0	1
Walton One	842	19	0	0	3	3	0	25	2	0	0	0	894
Waltpohl	29	0	0	0	2	0	0	0	0	0	0	0	31
Wangi	822	45	0	0	23	21	2	387	22	0	0	0	1322
Wapcaplet	2	0	0	0	0	0	0	0	0	0	0	0	2
Warofdreams	1004	25	0	0	5	1	1	27	1	0	257	147	1468
Wassupwestcoast	224	22	0	0	14	5	2	14	2	0	0	0	283
Water Bottle	282	22	0	0	2	0	0	30	3	0	0	0	339
Wayward	1420	1	0	0	2	2	0	695	30	0	0	0	2150
Wee Jas	0	0	0	0	1	0	0	0	0	0	0	0	1
Wehwalt	347	6	0	0	27	14	13	58	11	10	0	7	493
Werdna	363	9	1	0	35	1	4	74	24	4	0	7	522
Werdna648	0	0	0	0	1	0	0	0	0	0	0	0	1
WereSpielChequers	4681	120	0	0	96	0	1	205	1	1	0	99	5204
Wernher	49	0	0	0	0	0	0	1	0	0	0	0	50
Wesley	0	1	0	0	0	0	0	2	0	0	0	0	3
Wgfinley	159	5	0	0	9	1	0	19	10	0	0	0	203
Where	412	4	0	0	0	0	0	81	11	0	0	0	508
WhisperToMe	434	167	0	0	54	10	2	29	4	0	0	0	700
Who	1298	5	0	0	15	9	0	456	98	0	0	0	1881
Whouk	511	6	0	0	1	1	0	13	0	0	0	0	532
Wickethewok	2740	44	0	0	18	0	0	62	2	0	0	0	2866
Wiglaf	48	3	0	0	4	1	0	26	6	0	0	0	88
Wiki alf	1888	18	0	0	59	27	0	1503	32	5	0	0	3532
WikiLeon	536	18	0	0	110	20	2	545	61	10	0	5	1307
Wikiacc	780	31	0	0	7	5	0	31	8	0	0	0	862
Wikibofh	246	7	0	0	42	48	0	784	37	0	0	0	1164
Wile E. Heresiarch	619	1	0	0	1	0	0	25	0	0	0	0	646
Wilfried Derksen	75	7	0	0	13	5	0	2	0	0	0	0	102
Will Beback	895	105	0	0	436	120	31	1632	109	19	0	2	3349
William M. Connolley	510	18	0	0	173	29	25	2029	223	27	0	0	3034
William Pietri	450	4	0	0	1	0	0	10	0	0	0	0	465
WilliamH	287	4	0	0	24	2	1	121	2	3	0	16	460
Willking1979	3334	64	0	0	83	2	18	2355	12	62	0	7	5937
WilyD	1659	52	0	0	27	2	8	177	15	1	0	1	1942
Wimt	622	30	0	0	59	8	2	917	21	0	0	12	1671
Winhunter	7310	71	0	0	292	52	5	1376	252	1	0	3	9362
Wissel Wall	0	0	0	0	1	0	0	0	0	0	0	0	1
Wizardman	13782	107	59	0	516	14	25	327	12	4	0	6	14852
Wknight94	16285	384	0	0	809	195	111	8655	204	50	0	5	26698
Wneedham02	0	0	0	0	1	0	0	0	0	0	0	0	1
Woggly	167	7	0	0	12	0	0	75	14	0	0	0	275
Woody	4834	63	0	0	172	12	24	206	34	11	0	8	5364
Woohookitty	7773	162	0	0	503	474	5	1257	171	0	0	2	10347
Woooooooooop	0	0	0	0	1	0	0	0	0	0	0	0	1
Worldtraveller	215	0	0	0	4	4	0	19	2	0	0	0	244
Wouterstomp	19	0	0	0	0	0	0	0	0	0	0	0	19
Wpedzich	4	0	0	0	0	0	0	0	0	0	0	0	4
Wrp103	1	0	0	0	0	0	0	111	0	0	0	0	112
Wtmitchell	32	0	0	0	3	1	0	55	1	5	0	0	97
Wwoods	145	14	0	0	87	4	9	59	0	0	0	0	318
Wwwwolf	2625	27	0	0	39	5	0	5	1	0	0	0	2702
X!	2100	48	0	0	69	17	16	235	37	15	39	25	2601
XDanielx	65	5	0	0	0	0	0	0	0	0	0	0	70
XJamRastafire	7	0	0	0	5	3	0	0	0	0	0	0	15
Xaosflux	7808	309	0	0	612	287	251	852	83	31	0	12	10245
Xavexgoem	401	25	0	0	52	12	11	118	13	6	0	4	642
Xdamr	1039	10	0	0	2	0	0	29	1	1	0	0	1082
Xeno	10118	699	0	0	320	205	459	1221	617	193	0	286	14118
Xezbeth	8055	87	0	0	56	10	0	388	6	2	0	0	8604
Xiner	210	4	0	0	10	1	0	72	4	0	0	0	301
Xnuala	62	0	0	0	0	0	0	3	1	0	0	0	66
Xoloz	7424	810	0	0	211	56	1	70	6	0	0	0	8578
Xy7	2053	45	0	0	149	42	9	2330	203	0	0	0	4831
Xymmax	895	67	0	0	176	17	47	95	4	6	0	5	1312
Y	2430	49	0	0	51	11	8	92	5	0	0	0	2646
Y0u	345	0	0	0	0	0	0	13	2	0	0	0	360
Yamamoto Ichiro	1123	19	0	0	218	21	17	1565	35	9	0	67	3074
Yamla	3572	27	0	0	1223	59	16	4159	980	0	0	0	10036
Yandman	304	3	0	0	16	1	2	135	8	0	0	0	469
Yanksox	2711	57	0	0	113	30	0	228	20	0	0	0	3159
Yann	2	0	0	0	0	0	0	0	0	0	0	0	2
Yannismarou	296	2	0	0	19	6	1	48	1	0	0	1	374
YellowMonkey	8843	225	1	0	845	96	71	2145	161	21	0	5	12413
Yelyos	43	0	0	0	1	1	0	8	1	0	0	0	54
Yet Another Redirect Cleanup Bot	3905	0	0	0	0	0	0	0	0	0	0	0	3905
Ynhockey	193	3	0	0	5	1	0	5	0	0	0	0	207
Yomangani	1125	9	0	0	36	8	0	31	2	0	0	0	1211
Yonatan	255	54	0	0	10	9	6	85	9	0	0	2	430
Youngamerican	1271	52	0	0	56	23	3	33	2	0	0	0	1440
Zanimum	1370	61	0	0	56	17	0	119	12	0	0	0	1635
Zedla	873	6	0	0	32	2	2	122	9	0	0	0	1046
Zemaiteska	0	0	0	0	1	0	0	0	0	0	0	0	1
Zero0000	108	4	0	0	16	6	2	43	2	1	0	0	182
ZimZalaBim	2604	19	0	0	58	8	0	139	2	0	0	0	2830
Zippy	13	8	0	0	5	2	4	35	6	0	0	0	73
Zocky	262	18	0	0	21	8	0	21	8	0	0	0	338
Zoe	5859	83	0	0	244	12	0	1240	99	0	0	0	7537
Zoicon5	33	0	0	0	0	0	0	0	0	0	0	0	33
Zoney	20	11	0	0	3	2	0	1	1	0	0	0	38
Zscout370	11532	274	0	0	316	66	27	607	95	3	0	7	12927
Zsinj	2556	13	0	0	38	2	0	442	39	0	0	0	3090
Zzuuzz	5498	207	0	0	1081	1222	585	9395	742	286	0	22	19038
Zzyzx11	9361	304	0	0	1215	563	19	376	53	6	0	2	11899
^demon	28642	182	0	0	40	7	3	76	12	1	0	1	28964
Ævar Arnfjörð Bjarmason	213	3	0	0	1	0	0	7	2	0	0	0	226
Ø	0	0	0	0	2	0	0	0	0	0	0	0	2
èªç±åå¤	0	0	0	0	1	0	0	0	0	0	0	0	1
ï¾	0	0	0	0	2	0	0	0	0	0	0	0	2
Totals	6469094	132073	1535	1482	201078	41187	19627	1064388	79312	19214	16138	11039	8056167
