User	DL	UD	RD	PT	UP	PM	BL	UB	BM	UR	RM	Total
(aeropagitica)	11928	38	0	50	2	0	1733	42	0	0	0	13793
172	16	0	0	23	7	0	52	40	0	0	0	138
17Drew	317	1	0	2	0	0	37	1	0	0	0	358
23skidoo	537	8	0	31	6	0	131	13	0	0	0	726
52 Pickup	104	3	0	6	1	0	73	6	0	0	0	193
@pple	527	51	0	4	1	0	66	9	0	0	0	658
A Man In Black	3052	63	0	164	24	1	179	34	0	0	0	3517
A Train	237	6	0	19	4	0	51	2	2	0	0	321
A. B.	121	576	0	100	2	4	238	32	6	0	0	1079
AA	492	5	0	2	1	0	10	2	0	0	0	512
ABCD	3138	29	0	432	27	0	62	41	0	0	2	3731
AGK	1722	121	0	242	60	56	570	82	3	0	61	2917
AKeen	7	5	0	3	0	2	0	0	0	0	0	17
AQu01rius	298	2	0	12	5	0	41	0	0	0	0	358
AZT2008	0	0	0	1	0	0	0	0	0	0	0	1
Aarktica	207	2	0	1	0	0	2	1	0	0	0	213
Aaron Brenneman	1030	25	0	41	81	1	136	13	0	0	0	1327
Academic Challenger	19670	38	0	182	34	0	2532	19	5	0	0	22480
Acalamari	5515	69	0	2848	71	178	1201	112	11	0	751	10756
Accounting4Taste	20814	46	0	283	12	2	80	0	0	0	2	21239
Acetic Acid	65	3	0	7	2	0	66	9	0	0	0	152
Acropolis now	0	0	0	3	0	0	0	0	0	0	0	3
Acroterion	19801	42	0	418	10	17	1823	44	50	0	10	22215
Adam Bishop	3633	17	0	45	12	1	121	22	0	0	1	3852
Adambiswanger1	75	0	0	15	4	0	48	1	0	0	0	143
Adambro	1596	15	0	32	1	3	142	6	1	0	4	1800
Adashiel	362	51	0	51	33	1	369	29	0	0	0	896
Addshore	526	5	0	3	1	2	166	7	3	0	5	718
AdjustShift	86	0	0	10	1	1	128	2	22	0	1	251
Admiral Norton	380	6	0	6	0	0	6	0	0	0	2	400
Admrboltz	2711	1	0	26	15	0	29	8	0	0	2	2792
Aecis	3805	39	0	91	5	0	163	3	0	0	0	4106
Aervanath	1887	301	0	43	5	6	51	10	2	0	0	2305
After Midnight	31698	186	0	32	6	0	57	6	0	0	0	31985
Agathoclea	1126	48	0	51	5	4	167	16	1	0	1	1419
Ahoerstemeier	13550	107	0	43	5	1	1995	11	0	0	0	15712
Ais523	299	16	0	16	3	0	8	6	0	0	0	348
Aitias	3412	67	0	224	18	297	1221	78	51	0	73	5441
Akhilleus	856	4	0	41	3	4	426	30	1	0	0	1365
Akradecki	5185	53	0	168	3	3	304	22	31	0	0	5769
Aksi great	1926	12	0	26	8	1	591	30	0	0	0	2594
Al Ameer son	12	1	0	3	2	2	2	0	0	0	1	23
Alai	1393	17	0	10	3	0	42	3	0	0	0	1468
AlainV	1	0	0	0	0	0	0	0	0	0	0	1
Alasdair	539	3	0	11	1	0	226	11	1	0	0	792
Aldux	109	1	0	170	35	0	201	18	0	0	0	534
Ale jrb	1146	4	0	1	0	0	152	1	1	0	1	1306
Alex Bakharev	1724	146	0	467	44	41	1745	178	5	0	0	4350
Alex S	34	4	0	0	0	0	0	0	0	0	0	38
Alex.muller	548	22	0	22	1	1	305	15	0	0	11	925
Alex756	2	0	0	0	0	0	0	0	0	0	0	2
Alexf	12223	87	0	271	10	55	4118	37	7	0	0	16808
AlexiusHoratius	5	0	0	39	3	15	5	0	0	0	0	67
Alhutch	621	3	0	15	6	0	175	9	0	0	0	829
Alison	2355	122	93	1073	199	113	4734	334	13	0	59	9095
AlisonW	469	11	0	54	3	1	120	10	0	0	0	668
AlistairMcMillan	203	15	0	15	1	0	59	3	0	0	0	296
AliveFreeHappy	192	1	0	2	0	0	2	0	0	0	0	197
Alkivar	2396	136	0	252	27	9	470	41	0	0	0	3331
Allen3	10568	45	0	143	46	11	131	5	0	0	1	10950
AllyUnion	1913	26	0	98	11	0	38	11	0	0	0	2097
Alphachimp	6537	108	0	292	146	1	3922	117	2	0	0	11125
Altenmann	4969	252	0	269	63	16	1226	99	1	0	0	6895
Alteripse	2	0	0	2	1	0	13	1	0	0	0	19
Alvestrand	440	29	0	4	2	0	51	4	1	0	0	531
Amalas	1220	2	0	4	52	0	0	0	0	0	0	1278
Amalthea	2078	45	0	39	5	4	54	8	12	0	4	2249
Amberrock	544	7	0	19	3	0	115	9	0	0	0	697
Amcaja	54	3	0	0	1	0	58	2	0	0	0	118
Ameliorate!	317	3	0	46	3	2	120	8	0	0	0	499
AmiDaniel	2801	138	0	165	44	2	749	126	1	0	1	4027
Amire80	271	38	0	5	2	1	30	4	0	0	1	352
Amophar	0	0	0	1	0	0	0	0	0	0	0	1
Ams80	12	0	0	0	0	0	0	0	0	0	0	12
Anas Salloum	665	5	0	1	0	0	351	2	0	0	0	1024
Ancheta Wis	15	2	0	1	0	0	5	0	0	0	0	23
AndonicO	374	28	0	291	30	45	1347	51	0	0	0	2166
Andre Engels	2	0	0	0	0	0	1	0	0	0	0	3
Andres	3	3	0	1	0	0	0	0	0	0	0	7
Andrevan	657	87	0	20	11	0	85	28	0	1201	28	2117
Andrew Levine	718	15	0	19	2	0	33	6	0	0	0	793
Andrew Norman	48	1	0	27	2	0	75	7	0	0	0	160
Andrew Yong	16	1	0	0	0	0	0	0	0	0	0	17
Andrew c	1352	53	0	33	2	1	116	8	1	0	0	1566
Andrewa	85	6	0	0	0	0	0	0	0	0	0	91
Andris	17	0	0	0	0	0	0	0	0	0	0	17
Android79	3349	27	0	56	13	0	260	29	0	0	0	3734
Andrwsc	7514	88	0	58	53	7	97	1	0	0	0	7818
AndyZ	911	12	0	0	0	0	113	4	0	0	0	1040
AnemoneProjectors	496	62	0	81	47	2	118	1	2	0	0	809
Anetode	9125	316	0	250	13	7	1241	57	0	0	8	11017
AngelOfSadness	1026	2	0	44	2	5	131	14	1	0	0	1225
Angela	2305	43	0	5	2	0	59	30	0	153	6	2603
Angelo.romano	860	115	0	115	14	6	74	2	0	0	0	1186
Angr	34259	205	0	199	52	24	762	29	2	0	0	35532
Angusmclellan	13785	133	0	11	2	1	60	6	0	0	17	14015
AniMate	140	4	0	7	2	0	50	1	3	0	1	208
Animum	1924	276	0	223	29	53	1697	308	4	0	28	4542
AnonEMouse	146	23	0	30	4	2	122	9	0	0	0	336
Anonymous Dissident	1244	21	0	373	32	55	484	13	1	316	40	2579
Anonymous editor	481	1	0	57	16	0	431	32	0	0	0	1018
Antandrus	7391	26	0	414	56	26	5329	354	44	0	1	13641
Anthere	38	1	0	4	4	0	4	1	0	0	2	54
Anthony Appleyard	23542	3023	0	54	3	13	1	0	0	0	0	26636
Anthony.bradbury	12078	63	0	54	2	2	1542	35	21	0	0	13797
AntiAbuseBot	50	0	0	0	0	46	1011	1	17	0	0	1125
AntonioMartin	9	3	0	5	3	0	4	18	0	0	0	42
Apokryltaros	0	0	0	1	0	0	0	0	0	0	0	1
Appraiser	323	6	0	5	0	0	1	0	0	0	0	335
Aqwis	178	6	0	27	4	6	39	1	0	0	2	263
Aranel	1087	18	0	13	0	0	24	3	0	0	0	1145
Arcadian	195	18	0	31	1	0	74	4	0	0	0	323
Archtransit	5	2	0	13	2	1	17	15	0	0	0	55
Arctic.gnome	206	5	0	18	2	1	25	1	0	0	1	259
Aris Katsaris	6	0	0	1	0	0	0	0	0	0	0	7
Arjun01	517	5	0	116	23	0	375	14	0	0	0	1050
Arminius	130	1	0	7	3	0	14	2	0	0	0	157
ArnoldReinhold	220	2	0	3	1	2	2	1	0	0	0	231
Art LaPella	36	1	0	0	0	0	0	0	0	0	0	37
Arthur Rubin	438	40	0	38	5	4	330	42	11	0	2	910
Aruk Besadii Aora	0	0	0	2	0	0	0	0	0	0	0	2
Arvindn	13	0	0	1	1	0	0	0	0	0	0	15
Arwel Parry	148	8	0	39	8	0	649	38	1	0	0	891
Asbestos	72	2	0	0	0	0	25	3	0	0	0	102
Asterion	95	7	0	69	8	3	121	15	0	0	0	318
AstroNomer	0	0	0	0	0	0	1	0	0	0	0	1
Athaenara	20246	129	0	11	2	1	26	5	0	0	0	20420
Atlant	92	1	0	11	0	0	572	20	2	0	0	698
AuburnPilot	2948	223	0	505	68	51	1116	139	24	0	19	5093
Audacity	20	2	0	1	1	0	1	1	0	0	0	26
Aude	1172	39	0	47	11	5	514	17	0	0	2	1807
Ausir	23	2	0	0	0	0	1	0	0	0	0	26
Avraham	1259	144	0	171	34	15	866	103	31	179	74	2876
Awiseman	19	2	0	14	0	0	9	0	0	0	0	44
Awolf002	13	0	0	0	0	0	2	0	0	0	0	15
AxelBoldt	39	6	0	8	1	0	0	0	0	0	0	54
AzaToth	1648	122	0	118	38	30	158	22	1	0	8	2145
B	13318	194	0	293	28	26	807	100	5	0	11	14782
BD2412	2434	1138	0	45	12	1	211	24	1	0	0	3866
BOZ	7	72	0	20	1	4	1	0	0	0	0	105
Babajobu	297	2	0	1	1	0	19	3	0	0	0	323
Baboon Faceless	0	0	0	2	0	0	0	0	0	0	0	2
Backslash Forwardslash	2452	43	0	51	1	5	215	4	48	0	5	2824
Balloonman	268	12	0	13	2	1	49	8	4	0	2	359
Banes	62	7	0	2	0	0	158	2	0	0	0	231
Banno	10	5	0	9	2	0	50	2	0	0	0	78
BanyanTree	1822	63	0	202	245	4	395	11	0	0	0	2742
Barneca	1231	47	0	110	11	14	1013	46	19	0	1	2492
Barneca sock 1	0	0	0	1	0	0	0	0	0	0	0	1
BaronLarf	180	18	0	4	1	0	97	1	0	0	0	301
Bastique	353	92	0	48	8	4	121	51	0	4	51	732
Bazonka	0	0	0	1	0	0	0	0	0	0	0	1
Bbatsell	391	9	0	18	2	0	350	18	0	0	0	788
Bcorr	129	6	0	8	1	0	67	10	0	2	1	224
Bdesham	25	0	0	3	0	0	0	0	0	0	0	28
Bduke	254	18	0	22	7	2	24	0	0	0	0	327
Bearcat	3436	193	0	72	6	3	75	8	2	0	0	3795
Bearian	855	16	0	184	4	2	647	33	2	0	1	1744
Bedford	9	3	0	50	0	4	5	2	0	0	0	73
Beetstra	639	24	0	91	18	6	370	27	3	0	1	1179
Bel123456	0	0	0	1	0	0	0	0	0	0	0	1
Beland	192	1	0	13	12	1	10	0	0	0	0	229
Ben MacDui	276	1	0	1	0	0	8	0	0	0	0	286
Bencherlite	3760	81	0	173	4	13	511	8	8	0	8	4566
Berig	26	0	0	2	0	2	10	0	0	0	1	41
Betacommand	7463	46	0	76	379	0	3297	120	0	0	0	11381
Bettia	220	1	0	6	0	0	3	1	1	0	0	232
Bhadani	1301	7	0	95	19	1	478	10	0	0	0	1911
Bibliomaniac15	3912	26	0	216	31	17	1325	23	4	750	47	6351
BigHaz	3152	2	0	8	6	0	33	2	0	0	0	3203
BigrTex	960	10	0	2	0	0	1	0	0	0	0	973
Bigtimepeace	365	5	0	2	1	0	55	4	1	0	0	433
Bill	0	0	0	1	0	0	0	0	0	0	0	1
Billinghurst	761	0	0	1	0	0	1	0	0	0	0	763
BillyH	47	2	0	0	1	0	1	0	0	0	0	51
BirgitteSB	167	7	0	0	0	0	1	1	0	0	1	177
Bishonen	573	74	0	196	46	7	569	209	1	0	0	1675
Bishzilla	53	11	0	16	2	2	24	6	0	0	5	119
Bjarki S	91	0	0	2	1	0	41	4	0	0	0	139
Bjelleklang	642	7	0	4	0	3	8	2	0	0	0	666
Bjweeks	3565	66	0	102	37	26	487	21	17	0	8	4329
Bkell	1165	13	0	0	0	0	1	0	0	0	0	1179
Bkonrad	632	89	0	3	0	0	140	2	0	0	0	866
Black Falcon	4048	62	0	3	1	0	26	1	0	0	0	4141
Black Kite	4280	129	0	346	44	44	1166	98	26	0	14	6147
Blankfaze	386	1	0	3	2	0	7	1	0	0	0	400
Blood Red Sandman	660	5	0	5	0	0	242	10	2	0	1	925
Blubberboy92	0	0	0	1	0	0	0	0	0	0	0	1
Blueboy96	1169	18	0	199	5	30	2205	121	55	0	0	3802
Bluemoose	10610	47	0	27	10	0	93	18	0	0	0	10805
Bmicomp	404	2	0	6	4	0	38	11	0	0	0	465
Bobak	228	12	0	144	6	8	714	11	10	0	0	1133
Bobet	4956	181	0	55	18	1	223	10	0	0	0	5444
Bobo192	4940	3	0	2	3	0	2	0	0	0	0	4950
Bogdangiusca	3136	65	0	28	10	1	107	13	0	0	0	3360
Bongwarrior	8568	58	0	433	8	101	3513	34	68	0	2	12785
Bonkers Bobcat	0	0	0	1	0	0	0	0	0	0	0	1
Bookofjude	650	27	0	29	5	0	85	9	0	0	0	805
Bopped Kia	0	0	0	1	0	0	0	0	0	0	0	1
BorgHunter	597	25	0	54	19	1	117	28	0	0	0	841
BorgQueen	3945	31	0	1082	118	36	3382	168	18	0	0	8780
Borisblue	248	1	0	14	39	0	92	8	0	0	0	402
Bovlb	23	2	0	14	1	0	28	2	0	0	0	70
BozMo	285	6	0	13	3	0	114	13	0	0	0	434
BradBeattie	294	0	0	6	0	0	118	3	0	0	0	421
BradPatrick	17	0	0	4	0	0	5	0	0	0	0	26
Bradeos Graphon	4877	19	0	65	19	3	1211	79	0	0	0	6273
Bratsche	568	16	0	18	46	0	145	19	0	0	0	812
Brendanconway	955	23	0	26	8	0	87	14	0	0	0	1113
BrendelSignature	3	0	0	74	5	4	105	8	0	0	0	199
Brian	6	2	0	3	0	1	2	1	0	0	0	15
Brian Kendig	26	3	0	5	6	0	2	0	0	0	0	42
Brian0918	931	79	0	258	47	4	2140	109	0	0	0	3568
Brianga	2281	9	0	1	1	1	440	7	5	0	0	2745
Briangotts	138	7	0	1	0	0	7	0	0	0	0	153
Brighterorange	181	11	0	1	0	0	21	1	0	0	0	215
Brion VIBBER	191	9	0	12	0	1	27	11	0	0	4	255
Brockert	189	51	0	3	3	0	31	30	0	0	0	307
BrokenSegue	1363	11	0	62	67	0	153	40	0	0	0	1696
Brookie	3997	53	0	212	3	0	229	4	0	0	0	4498
BrownHairedGirl	782	114	0	138	5	9	125	14	0	0	0	1187
Bryan Derksen	828	324	0	5	7	0	10	0	0	0	2	1176
Bubba hotep	2272	58	0	28	0	0	580	11	13	0	2	2964
Buchanan-Hermit	514	18	0	28	6	0	452	20	0	0	0	1038
Bucketsofg	643	22	0	66	6	0	224	8	0	0	0	969
Buckshot06	151	3	0	1	0	0	4	0	1	0	0	160
Bumm13	842	39	0	6	1	0	31	4	0	0	5	928
Bunchofgrapes	738	10	0	62	44	0	203	37	0	0	0	1094
Burgundavia	1105	0	0	4	0	0	1	0	0	0	0	1110
Burstorder	0	0	0	2	0	0	0	0	0	0	0	2
Butseriouslyfolks	5143	83	0	36	3	1	137	15	0	0	0	5418
C-3PO	0	0	0	3	0	0	0	0	0	0	0	3
C.Fred	7009	55	0	204	5	5	1502	31	9	0	0	8820
C12H22O11	1351	5	0	49	8	0	47	7	0	0	0	1467
CALR	29	0	0	0	0	0	1	0	0	0	0	30
CAT:TEMP deletion bot	2120	0	0	0	0	0	0	0	0	0	0	2120
CBDunkerson	3497	64	0	683	49	0	30	22	0	0	1	4346
CBM	4313	112	0	236	96	22	56	18	1	0	3	4857
CIreland	982	31	0	168	12	23	347	18	8	0	1	1590
CJ	1927	79	0	112	22	3	277	18	0	0	1	2439
CJCurrie	389	19	0	126	8	2	117	13	0	0	0	674
CJLL Wright	1805	29	0	58	3	6	233	3	0	0	0	2137
CLW	13900	54	0	3	0	0	26	0	0	0	0	13983
CMBJ	0	0	0	1	0	0	0	0	0	0	0	1
COGDEN	53	14	0	2	0	0	4	0	1	0	0	74
CRGreathouse	5	0	0	0	0	0	1	1	1	0	0	8
CSTAR	58	4	0	6	3	0	93	3	0	0	0	167
CYD	1	0	0	1	0	0	0	0	0	0	0	2
Cactus.man	592	16	0	61	34	0	178	10	0	0	0	891
CactusWriter	221	28	0	5	2	0	10	3	1	0	2	272
Cacycle	173	11	0	24	2	1	11	0	0	0	1	223
Cailil	116	3	0	33	0	2	50	12	0	0	0	216
Caknuck	1943	8	0	185	30	32	706	11	6	0	0	2921
Calliopejen1	2729	80	0	11	2	0	5	0	0	0	0	2827
Caltrop	57	22	0	0	0	0	6	3	0	0	0	88
Camaron	713	244	0	273	44	71	272	27	18	0	13	1675
CambridgeBayWeather	13900	237	0	203	18	133	960	22	0	0	0	15473
Camembert	11	2	0	0	1	0	0	0	0	0	0	14
Camw	273	5	0	2	0	0	163	0	7	0	0	450
Can't sleep, clown will eat me	9514	230	0	3000	125	133	32088	586	0	0	0	45676
Canadian Paul	892	27	0	13	5	0	21	2	0	0	0	960
Canadian-Bacon	426	2	0	16	3	0	232	5	0	0	0	684
CanadianCaesar	3505	62	0	53	14	0	1084	85	0	0	0	4803
Canderson7	1183	11	0	18	13	1	220	2	0	0	0	1448
Canley	732	6	0	0	1	0	3	0	0	0	0	742
Canterbury Tail	1191	7	0	57	7	8	364	13	8	0	0	1655
Cantthinkofagoodname	2	0	0	0	0	0	2	0	0	0	0	4
CapitalR	356	2	0	3	5	0	49	1	1	0	1	418
Capitalistroadster	620	1	0	3	0	0	23	3	0	0	0	650
Carabinieri	413	7	0	4	3	0	3	2	0	0	0	432
Carbonite	188	3	0	28	10	0	226	22	0	0	0	477
Carcharoth	30	75	0	2	1	0	1	2	0	0	0	111
Caribbean H.Q.	327	11	0	53	10	6	222	18	0	0	0	647
Carioca	2301	8	0	5	1	0	9	0	0	0	0	2324
Carlosguitar	2924	20	0	30	1	3	166	11	0	0	0	3155
Carlossuarez46	10520	128	0	27	2	0	66	6	1	0	0	10750
Carnildo	2373	95	0	88	17	1	58	21	0	0	3	2656
Cary Bass	1	2	14	5	1	1	1	2	0	2	0	29
Casliber	91	45	7	121	4	18	110	4	0	0	2	402
Catbar	28	0	0	2	1	0	11	0	0	0	0	42
CatherineMunro	69	13	0	0	0	0	3	3	0	0	0	88
CattleGirl	908	12	0	19	3	1	42	7	0	0	0	992
Caulde	2522	84	0	423	28	54	892	36	0	0	78	4117
Causa sui	1688	40	0	85	53	18	254	17	2	0	1	2158
Cbl62	9	0	0	2	0	0	0	0	0	0	0	11
Cbrown1023	3423	75	0	399	72	7	205	32	0	0	8	4221
Cburnett	48	18	0	6	2	0	14	5	0	0	0	93
Cdc	2188	10	0	10	9	0	21	2	0	0	0	2240
Cecropia	39	3	0	36	5	0	6	6	0	215	328	638
Cedrus-Libani	101	4	0	1	0	0	0	0	0	0	0	106
Celestianpower	734	9	0	19	3	0	170	70	0	0	0	1005
Cenarium	1405	60	0	343	134	144	124	4	6	0	17	2237
Centrx	17202	402	0	1002	947	13	1333	212	0	0	0	21111
CesarB	3606	141	0	123	49	0	942	212	0	0	0	5073
Ceyockey	1778	47	0	4	0	0	15	2	0	0	0	1846
Chadloder	0	0	0	0	0	0	6	0	0	0	0	6
Chairboy	5156	13	0	69	8	0	187	14	0	0	0	5447
Chancemill	0	0	0	1	1	0	2	0	0	0	0	4
Charles Matthews	1188	30	0	3	1	0	125	20	0	0	0	1367
Chase me ladies, I'm the Cavalry	2150	35	0	421	25	48	807	31	12	0	1	3530
Chaser	1986	86	0	279	41	34	839	111	5	0	8	3389
Ched Davis	108	2	0	2	0	0	4	1	0	0	4	121
Chell and the cake	0	0	0	2	0	0	0	0	0	0	0	2
Chessnotator1967	0	0	0	1	0	0	0	0	0	0	0	1
Chick Bowen	4637	194	0	69	14	1	135	30	0	0	1	5081
Chillum	1440	25	0	42	11	7	581	39	40	0	7	2192
Chmod007	13	2	0	2	0	0	1	1	0	0	0	19
Chochopk	27	37	0	1	0	0	2	1	0	0	0	68
Choess	7	4	0	0	0	0	0	0	0	0	0	11
Cholmes75	4580	10	0	26	0	0	112	3	0	0	0	4731
Chris 73	1929	15	0	46	8	0	697	30	3	0	0	2728
Chris G	6858	154	0	247	15	38	2838	70	223	0	8	10451
Chris Roy	3	0	0	0	0	0	1	0	0	0	0	4
ChrisGriswold	1126	16	0	51	8	0	210	21	0	0	0	1432
ChrisO	2405	22	0	337	63	35	757	39	3	0	1	3662
ChrisTheDude	675	16	0	6	0	0	13	2	0	0	0	712
Chrislk02	4099	61	0	134	21	8	1632	91	12	0	5	6063
Christopher Mahan	38	5	0	0	0	0	0	0	0	0	0	43
Christopher Parham	495	6	0	4	2	0	24	1	0	0	0	532
Christopher Sundita	61	38	0	7	4	0	17	2	0	0	0	129
Chuck SMITH	0	1	0	0	0	0	0	0	0	0	0	1
Chunky Rice	342	1	0	4	3	0	31	2	0	0	0	383
Chuq	214	19	0	13	2	1	93	6	0	0	0	348
CieloEstrellado	0	0	0	1	0	0	0	0	0	0	0	1
Cimon Avaro	211	10	0	2	5	1	4	0	0	6	2	241
Circeus	1711	8	0	50	27	0	155	13	0	0	0	1964
Cirt	5174	50	0	317	9	41	2159	15	10	0	2	7777
Citicat	685	14	0	20	1	0	33	4	0	0	0	757
Ck lostsword	308	4	0	13	1	5	308	16	0	0	0	655
Ckatz	1271	47	0	166	5	28	703	18	10	0	1	2249
Clarkk	23	0	0	0	1	0	0	0	0	0	0	24
Cleared as filed	1346	19	0	0	0	0	53	2	0	0	0	1420
Climie.ca	0	0	0	1	0	0	11	1	1	0	1	15
ClockworkLunch	20	4	0	11	1	0	4	0	0	0	0	40
ClockworkSoul	755	46	0	36	7	4	212	19	3	0	0	1082
Closedmouth	5414	75	0	38	1	0	433	8	13	0	4	5986
CloudNine	422	15	0	24	1	2	32	2	0	0	0	498
ClueBot	0	0	0	1	0	0	0	0	0	0	0	1
Cnwb	661	11	0	0	0	0	23	2	0	0	0	697
Cobaltbluetony	6363	89	0	419	24	8	386	20	4	0	0	7313
Coelacan	1194	30	0	85	10	1	845	53	0	0	0	2218
Coffee	827	52	0	79	6	35	226	8	0	0	2	1235
Coffeedrinker87	0	0	0	1	0	0	0	0	0	0	0	1
Cohesion	6798	40	0	2	15	1	3	0	0	0	0	6859
Colds7ream	87	2	0	1	1	0	0	0	0	0	2	93
Commander Keane	4762	219	0	38	22	0	121	29	0	0	0	5191
Conscious	13444	65	0	2	2	0	56	0	0	0	0	13569
Consumed Crustacean	732	22	0	42	3	1	354	36	1	0	0	1191
Conti	457	41	0	12	38	1	73	3	0	0	1	626
Cool Hand Luke	932	570	0	61	12	20	70	16	0	0	0	1681
Cool3	23	0	0	2	2	0	9	1	0	0	3	40
Coralmizu	168	2	0	23	1	2	47	2	1	0	0	246
Coredesat	11148	136	0	235	25	11	494	60	0	0	0	12109
Coren	847	22	37	54	7	5	177	34	3	0	1	1187
Cowman109	431	36	0	101	43	4	360	44	0	0	0	1019
Craigy144	3095	11	0	8	3	1	38	0	0	0	0	3156
Crazycomputers	439	8	0	54	15	5	681	40	0	0	2	1244
Crazytales	156	15	0	18	1	2	117	18	0	0	0	327
Cremepuff222	175	6	0	3	2	1	96	4	0	0	0	287
Croat Canuck	83	3	0	1	1	0	5	1	0	0	0	94
Crum375	176	18	0	87	6	6	218	12	0	0	0	523
Cryptic	9383	238	0	136	15	1	322	21	0	0	0	10116
CryptoDerk	1091	1	0	67	9	0	1014	45	0	0	0	2227
Crzrussian	5139	133	0	156	28	0	150	13	0	0	0	5619
Cuchullain	269	43	0	8	0	2	37	0	0	0	0	359
Curps	5148	166	0	461	101	0	26558	1065	0	0	0	33499
Cutler	69	0	0	0	0	0	7	0	0	0	0	76
CyborgTosser	2	0	0	0	0	0	0	0	0	0	0	2
Cyde	19066	106	0	258	32	2	829	168	0	0	0	20461
Cydebot	7261	0	0	0	0	0	0	0	0	0	0	7261
Cyp	3	0	0	0	0	0	0	0	0	0	0	3
Cyrius	1619	99	0	26	13	0	68	8	0	0	0	1833
D. Recorder	172	18	0	2	0	0	34	2	0	0	0	228
DDima	523	9	0	1	0	0	1	0	0	0	0	534
DESiegel	892	112	0	9	2	0	40	29	0	0	0	1084
DGG	8032	197	0	152	4	10	108	10	6	0	1	8520
DJ Clayworth	5404	29	0	37	11	0	289	18	2	0	0	5790
DMacks	4166	43	0	273	10	34	647	11	40	0	0	5224
DO11.10	417	28	0	2	0	0	2	1	0	0	2	452
DVD R W	6097	53	0	54	17	7	962	21	0	0	3	7214
DaGizza	837	1	0	8	4	1	53	3	0	0	0	907
Dale Arnett	67	1	0	2	0	0	4	0	0	0	0	74
Dan100	294	16	0	18	12	0	186	44	0	0	0	570
DanKeshet	104	1	0	6	0	0	2	0	0	0	0	113
DanMS	65	0	0	2	1	0	0	0	0	0	0	68
Danaman5	281	4	0	6	0	0	4	4	0	0	1	300
Daniel	4835	260	0	625	40	64	560	74	4	0	13	6475
Daniel Case	2291	32	19	252	16	8	4358	147	26	0	3	7152
Daniel J. Leivick	692	7	0	18	1	0	73	5	0	0	0	796
Daniel Olsen	711	1	0	10	0	0	84	2	0	0	0	808
Daniel Quinlan	54	2	0	0	2	0	2	0	0	0	0	60
DanielCD	243	1	0	15	11	0	37	2	0	0	0	309
Dank	8996	81	0	120	7	1	1557	11	4	0	1	10778
Danny	1072	126	0	26	9	0	105	29	0	4	6	1377
Dannyisme	5	0	0	4	0	0	2	2	0	0	0	13
Dante Alighieri	651	18	0	20	17	3	175	29	0	0	0	913
DarkFalls	2609	140	0	294	37	70	704	41	3	0	5	3903
Darkoneko	2	0	0	0	0	0	1	0	0	1	0	4
Darthgriz98	249	4	0	5	0	0	115	2	0	0	0	375
Darwinek	2156	13	0	68	5	0	190	6	0	0	0	2438
Dave souza	77	3	0	14	2	0	523	20	2	0	0	641
Davemeistermoab	4	0	0	0	0	0	0	0	0	0	0	4
Davewild	2860	39	0	3	3	0	372	1	0	0	0	3278
Daveydweeb	134	1	0	2	0	0	4	1	0	0	0	142
David D.	26	4	0	12	1	5	11	2	1	0	0	62
David Eppstein	2211	27	0	31	7	0	42	1	1	0	0	2320
David Fuchs	896	24	0	60	4	11	83	8	0	0	0	1086
David Gerard	526	43	0	69	7	1	1439	357	0	0	1	2443
David Kernow	635	5	0	45	0	0	0	0	0	0	0	685
David Levy	890	114	0	217	58	3	138	10	1	0	6	1437
David Newton	54	3	0	4	0	0	12	12	0	0	0	85
David.Monniaux	515	60	0	99	13	0	219	28	2	0	0	936
DavidLevinson	35	51	0	9	0	0	9	0	0	0	0	104
DavidWBrooks	1203	1	0	13	2	1	94	0	0	0	0	1314
Davidcannon	155	57	0	30	4	0	137	26	1	0	0	410
Davidgothberg	67	55	0	84	6	28	19	6	0	0	0	265
Davidruben	35	0	0	7	1	1	78	2	0	0	0	124
Davodd	191	29	0	3	3	1	23	1	0	0	0	251
Dbachmann	396	28	0	127	40	16	198	19	1	0	0	825
Dbenbenn	6085	109	0	260	583	0	26	7	0	0	0	7070
Dcoetzee	324	46	0	10	4	0	51	11	0	0	1	447
Ddstretch	13	0	0	20	5	6	207	20	6	0	0	277
Deacon of Pndapetzim	554	21	0	28	2	3	161	11	12	0	34	826
DeadEyeArrow	934	14	0	26	5	0	199	6	0	0	0	1184
Deathphoenix	1168	49	0	17	5	0	420	80	0	0	0	1739
Deb	12796	46	0	22	1	0	301	4	1	0	0	13171
Deckiller	1228	35	0	80	14	2	300	46	0	0	0	1705
Decltype	349	4	0	2	0	0	22	5	2	0	3	387
Decumanus	42	0	0	3	0	0	12	0	0	0	0	57
Deiz	951	15	0	162	8	3	392	20	0	0	0	1551
Dekimasu	1014	59	0	13	1	0	15	0	0	0	1	1103
Delirium	3467	23	0	20	11	0	305	18	0	0	0	3844
Delldot	1584	23	0	15	6	1	606	9	0	0	0	2244
Deltabeignet	836	1	0	5	6	0	130	2	0	0	0	980
Demi	151	32	0	2	1	0	51	17	0	0	0	254
Denelson83	1135	18	0	57	12	11	39	6	0	0	0	1278
Denni	2324	30	0	23	3	0	5	0	0	0	0	2385
DerHexer	134623	44	0	91	3	8	5842	38	3	0	20	140672
Derek Ross	523	11	0	11	3	3	1	0	0	0	0	552
Deryck Chan	1	1	0	0	2	0	1	0	0	0	0	5
Deskana	1351	86	51	216	77	16	989	109	31	326	146	3398
Deville	995	6	0	16	1	0	154	3	2	0	0	1177
Dfrg.msc	35	1	0	0	0	0	7	0	0	0	0	43
Dgies	575	29	0	27	4	3	223	18	0	0	2	881
Dgrant	0	0	0	1	0	0	0	0	0	0	0	1
Diberri	125	3	0	3	1	0	5	0	0	0	0	137
Dieter Simon	3	0	0	19	0	1	0	0	0	0	0	23
Dijxtra	135	6	0	13	6	0	36	4	0	0	0	200
Dina	3371	18	0	49	1	0	273	5	0	0	0	3717
Dino	22	0	0	0	0	0	0	0	0	0	0	22
Dinoguy1000	27	2	0	17	0	1	4	0	0	0	1	52
Discospinster	15114	359	0	128	8	12	1101	6	6	0	0	16734
Djsasso	967	179	0	34	5	2	344	10	1	0	8	1550
Dlohcierekim	5186	114	0	150	7	12	413	36	9	0	1	5928
Dmn	35	1	0	10	4	0	12	15	0	0	0	77
Doc glasgow	4087	123	0	370	42	11	1060	83	0	0	42	5818
Docu	1162	59	0	122	2	5	11	5	0	0	2	1368
Doczilla	73	5	0	9	6	0	86	8	0	0	0	187
Dominic	13254	59	32	81	186	1	3221	631	21	0	34	17520
Donald Albury	1044	3	0	7	2	2	110	4	0	0	0	1172
DoomsDay349	222	4	0	2	0	0	0	0	0	0	0	228
Dori	11	0	0	0	0	0	2	2	0	0	0	15
Doug	256	13	0	9	8	0	15	3	0	0	3	307
Doug Bell	2427	36	0	29	12	0	25	3	0	0	0	2532
Dougweller	250	2	0	96	9	21	664	16	24	0	0	1082
Dpbsmith	132	4	0	3	2	0	17	0	0	0	0	158
Dppowell	4	0	0	5	0	0	112	6	0	0	0	127
DrBob	17	1	0	0	0	0	7	0	0	0	0	25
DrKiernan	1277	21	0	35	5	3	125	7	0	0	0	1473
DragonflySixtyseven	20971	317	0	329	34	9	4077	180	143	0	60	26120
Dragons flight	612	65	0	115	35	1	117	28	0	0	1	974
Dravecky	414	3	0	77	5	0	0	0	0	0	0	499
Dreadstar	925	66	0	222	11	14	1782	96	2	0	0	3118
Drilnoth	8263	33	0	41	2	13	0	0	0	0	2	8354
Drini	9598	93	0	178	38	1	4455	233	1	0	8	14605
DropDeadGorgias	340	3	0	24	1	0	90	5	0	0	0	463
Dsmdgold	819	11	0	3	0	0	3	0	0	0	0	836
Duja	875	136	0	20	9	2	72	9	0	0	0	1123
Duk	3834	30	0	61	15	2	129	25	0	0	1	4097
Duncharris	986	57	0	47	10	0	92	20	0	0	0	1212
Durin	2448	7	0	28	13	0	168	15	0	0	0	2679
Durova	24	1	0	211	37	11	388	66	0	0	0	738
Dustimagic	215	2	0	4	2	0	50	8	1	0	0	282
Dvyost	56	0	0	0	0	0	11	1	0	0	0	68
Dweller	1580	23	0	102	2	4	278	9	0	257	9	2264
Dysprosia	154	6	0	3	1	0	97	11	0	0	0	272
ERcheck	2944	9	0	66	10	0	999	29	1	0	0	4058
ESkog	10655	76	0	115	22	4	864	108	2	0	0	11846
EVula	2345	95	3	151	20	12	905	27	0	406	27	3991
EWS23	643	3	0	7	2	0	136	11	0	0	0	802
Earl Andrew	109	35	0	26	6	0	67	12	0	0	0	255
Earle Martin	264	11	0	6	2	1	30	2	0	0	0	316
East718	226033	1908	0	5423	1632	286	3522	1007	15	0	30	239856
Ed Poor	73	13	0	35	32	0	71	28	0	10	16	278
Ed g2s	3047	69	0	30	27	2	49	5	0	0	0	3229
EdJohnston	849	22	0	426	23	47	669	39	6	0	1	2082
Edcolins	32	4	0	2	2	0	2	0	0	0	0	42
Edgar181	29639	205	0	411	17	15	12576	175	83	0	18	43139
Edison	744	16	0	2	1	0	170	3	0	0	0	936
Edokter	1270	31	0	32	14	20	41	5	0	0	1	1414
Edward	366	0	0	1	0	0	21	3	0	0	0	391
Edward Z. Yang	12	0	0	3	0	0	8	1	0	0	0	24
EdwinHJ	564	4	0	14	4	1	23	7	0	0	0	617
Efe	1453	5	0	11	1	3	163	0	2	0	1	1639
Egil	61	0	0	1	0	0	214	3	0	0	0	279
Either way	5458	36	0	156	10	9	871	43	7	0	7	6597
El C	1717	52	0	637	58	24	2996	116	0	0	3	5603
Eleassar	93	16	0	2	0	0	3	0	0	0	0	114
Electionworld	1285	33	0	1	0	0	0	0	0	0	0	1319
Elf	138	14	0	0	0	0	0	0	0	0	0	152
Elf-friend	465	1	0	17	0	0	15	0	0	0	0	498
ElinorD	7274	69	0	60	1	5	254	15	0	0	0	7678
Eliz81	958	48	0	93	0	19	229	4	0	0	1	1352
Elkman	5946	12	0	45	5	4	404	29	0	0	0	6445
Ellsworth	18	0	0	0	0	0	1	0	0	0	0	19
Elonka	1292	19	0	45	13	2	479	23	3	0	0	1876
Eloquence	126	5	0	7	5	0	29	10	0	0	1	183
Eluchil404	913	58	0	5	0	0	11	0	0	0	0	987
Emperor	42	32	0	0	0	0	1	1	0	0	0	76
EncMstr	567	54	0	233	115	32	863	17	15	0	1	1897
Encephalon	92	22	0	27	6	0	28	36	0	0	0	211
Enchanter	14	0	0	1	3	0	2	0	0	0	0	20
EncycloPetey	116	9	0	64	0	2	30	2	0	0	0	223
Enigmaman	484	4	0	165	2	47	261	4	84	0	0	1051
Enochlau	17605	26	0	72	20	1	56	4	0	0	0	17784
Epbr123	2230	8	0	6	0	1	609	7	3	0	1	2865
Erdem Tüzün	0	0	0	2	0	0	0	0	0	0	0	2
Ericorbit	159	5	0	155	1	5	275	0	2	0	0	602
Esanchez7587	2161	3	0	66	4	7	226	1	0	0	0	2468
Espresso Addict	284	8	0	5	1	0	2	0	0	0	0	300
Esprit15d	389	9	0	9	2	0	1	0	0	0	0	410
Essexmutant	19	0	0	1	0	0	7	1	0	0	0	28
Essjay	1806	171	0	218	23	0	1236	248	0	715	66	4483
Esteffect	788	24	0	16	6	0	95	21	0	0	0	950
Eugene van der Pijll	968	54	0	9	3	0	8	1	0	0	0	1043
EurekaLott	721	65	0	17	1	0	29	0	0	0	0	833
Euryalus	808	5	0	41	1	10	318	8	12	0	3	1206
Ev	145	14	0	6	0	0	2	0	0	0	0	167
EvanProdromou	0	0	0	0	0	0	1	0	0	0	0	1
Eventtable	0	0	0	1	0	0	0	0	0	0	0	1
Evercat	247	3	0	32	24	1	259	35	0	0	0	601
Everyking	1272	4	0	7	12	0	28	12	0	0	0	1335
Evil Monkey	1894	13	0	28	12	0	284	23	0	0	0	2254
Evil saltine	410	23	0	18	8	0	186	13	1	0	2	661
Evilphoenix	835	60	0	79	5	0	143	16	0	0	0	1138
Explicit	0	0	0	4	0	0	0	0	0	0	0	4
Exploding Boy	1418	6	0	7	3	1	399	18	5	0	0	1857
Extraordinary Machine	342	142	0	14	5	0	178	28	0	0	0	709
Extreme Unction	543	22	0	26	2	0	26	4	0	0	0	623
Eye of the Mind	16	2	0	9	2	1	9	0	0	0	0	39
EyeSerene	86	15	0	36	2	11	266	13	6	0	0	435
Eyrian	633	23	0	33	3	0	40	1	0	0	0	733
Ezeu	893	30	0	37	35	1	123	9	0	0	0	1128
Ezhiki	1070	254	0	41	13	5	64	23	0	0	0	1470
FCYTravis	3479	174	0	158	46	19	192	31	0	0	0	4099
FT2	376	25	19	72	6	5	220	37	11	0	14	785
Fabrictramp	4124	48	0	193	5	22	99	3	3	0	0	4497
Faithlessthewonderboy	3145	69	0	188	1	0	423	3	5	0	1	3835
Falco McCloud	0	0	0	1	0	0	0	0	0	0	0	1
Fang Aili	29076	83	0	118	52	0	253	12	0	0	0	29594
Fantasy	18	4	0	4	2	1	1	0	0	0	0	30
Fastfission	194	11	0	9	6	2	160	20	0	0	0	402
Fastily	437	7	0	21	0	3	49	1	4	0	0	522
Fawcett5	813	7	0	3	2	0	58	0	0	0	0	883
FayssalF	408	8	0	306	51	12	1250	81	0	0	0	2116
Feco	3	0	0	0	0	0	0	0	0	0	0	3
FeloniousMonk	17	13	0	29	4	0	143	20	0	0	0	226
Femto	370	4	0	30	7	0	288	9	0	0	0	708
Fennec	18	3	0	5	3	0	30	3	0	0	0	62
Ferkelparade	589	3	0	2	1	0	37	0	0	0	0	632
Feydey	5904	25	0	60	18	8	107	3	0	0	0	6125
Filelakeshoe	226	7	0	8	1	3	75	4	1	0	8	333
Filiocht	851	2	0	3	5	0	36	0	0	0	0	897
Finlay McWalter	326	3	0	16	5	0	408	19	0	0	0	777
Fir0002	20	0	0	0	0	0	1	0	0	0	0	21
Firefoxman	269	6	0	11	2	2	6	0	0	0	2	298
Firsfron	1534	10	0	151	6	4	276	30	0	0	1	2012
Fish and karate	9145	205	0	369	21	19	633	374	1	0	10	10777
FisherQueen	6557	18	0	285	5	11	1321	47	44	0	0	8288
Fishhead64	24	1	0	0	0	0	27	0	0	0	0	52
Fl	517	7	0	2120	3	11	126	2	4	0	16	2806
Flcelloguy	855	42	0	775	720	0	268	40	0	0	0	2700
FloNight	467	5	10	52	6	1	143	18	0	0	0	702
Flockmeal	146	1	0	1	0	0	14	0	0	0	0	162
Flowerparty	1917	59	0	18	3	0	28	0	0	0	0	2025
Flucky	0	0	0	1	0	0	0	0	0	0	0	1
Flyguy649	1312	22	0	201	8	21	742	37	1	0	0	2344
FlyingToaster	59	1	0	0	1	0	1	0	2	0	2	66
Formeruser-81	44	0	0	21	3	0	25	20	0	0	0	113
Formeruser-82	199	24	0	45	24	0	121	25	0	0	0	438
Fram	8342	127	0	183	6	31	376	8	5	0	0	9078
FrancisTyers	172	5	0	20	7	0	67	15	0	0	0	286
Francs2000	10097	74	0	122	17	0	574	21	0	0	12	10917
Frank	3066	35	0	43	2	4	180	5	3	0	5	3343
Frazzydee	363	13	0	64	32	0	12	13	0	0	0	497
Freakofnurture	9841	927	0	551	96	5	10422	1134	0	0	0	22976
Fred Bauder	167	47	45	108	29	0	308	131	35	0	9	879
Fred J	1430	16	0	12	7	0	36	1	0	0	0	1502
Fredrik	209	3	0	1	0	0	40	1	0	0	0	254
Freestylefrappe	14	0	0	4	1	0	48	1	0	0	0	68
FreplySpang	6790	37	0	35	5	0	776	47	0	0	0	7690
Friday	9546	96	0	55	22	3	384	40	0	0	12	10158
Fritzpoll	1077	25	0	42	3	7	66	11	3	0	30	1264
Fropuff	28	1	0	2	0	0	2	0	0	0	0	33
Fuhghettaboutit	6296	136	0	144	8	0	276	9	11	0	2	6882
Func	9	0	0	14	1	0	1215	124	0	0	0	1363
Furrykef	110	11	0	0	1	0	1	0	0	0	0	123
Future Perfect at Sunrise	3577	161	0	427	46	37	1618	243	18	0	7	6134
Fuzheado	886	18	0	62	13	3	574	42	0	0	0	1598
Fvasconcellos	1612	120	0	214	18	46	153	7	2	0	3	2175
Fvw	2867	41	0	28	17	0	2226	3509	31	0	0	8719
Fys	802	7	0	29	13	0	168	40	0	0	0	1059
G-Man	112	33	0	10	5	0	12	1	0	0	0	173
G.A.S	14	2	0	0	0	0	0	0	0	0	0	16
GDonato	3012	33	0	295	19	13	422	38	1	0	10	3843
GRBerry	1667	195	0	53	20	1	113	10	0	0	0	2059
GTBacchus	4052	312	0	19	13	0	174	13	0	0	0	4583
Gabbe	631	0	0	0	1	0	6	3	0	0	0	641
Gadfium	2018	31	0	56	11	3	1903	181	2	0	10	4215
Gadget850	332	23	0	3	1	0	0	0	0	0	0	359
Gaillimh	27	13	0	13	2	0	35	7	0	0	0	97
Gaius Cornelius	9	0	0	1	0	0	62	3	0	0	0	75
Galwhaa	235	6	0	2	0	0	11	3	0	0	0	257
Gamaliel	1550	108	0	172	72	8	1019	163	2	0	0	3094
Ganeshk	804	128	0	11	7	0	20	10	0	0	0	980
Garden	988	41	0	44	5	11	143	16	5	0	8	1261
Garion96	12797	330	0	64	11	7	189	9	2	0	4	13413
Garzo	351	4	0	40	5	2	444	8	0	0	0	854
Gatoclass	116	2	0	30	25	1	1	0	0	0	0	175
Gator1	172	15	0	55	3	0	183	26	0	0	0	454
Gazimoff	316	2	0	5	2	1	72	2	1	0	2	403
Gdr	337	10	0	47	45	0	5	0	0	0	0	444
Ged UK	2096	15	0	162	5	32	300	0	8	0	0	2618
GeeJo	704	8	0	63	33	0	4	0	0	0	0	812
GeneralPatton	25	0	0	3	3	0	13	3	0	0	0	47
Geni	10063	292	0	181	102	0	448	90	0	0	2	11178
Geniac	179	0	0	49	17	3	457	4	0	0	0	709
Gentgeen	99	6	0	2	0	1	35	4	0	0	0	147
Geogre	5178	12	0	21	2	0	221	16	1	0	0	5451
Geometry guy	226	24	0	1	1	3	0	0	0	0	2	257
Georgewilliamherbert	59	107	0	142	4	17	1025	101	11	0	1	1467
Gerald Farinas	65	0	0	3	4	1	4	1	0	0	0	78
Geschichte	6706	76	0	3	0	0	19	6	0	0	0	6810
Getluv	0	0	0	1	0	0	0	0	0	0	0	1
Gilliam	1019	3	0	126	23	16	6838	13	9	0	0	8047
Gimmetrow	931	67	0	163	3	57	317	25	5	0	8	1576
Ginkgo100	963	17	0	38	13	0	527	14	0	0	2	1574
Gladys j cortez	3	0	0	24	2	2	82	4	5	0	0	122
GlassCobra	2169	66	0	74	8	8	1246	13	5	0	7	3596
Glen	1609	83	0	182	17	1	4516	198	0	0	0	6606
Gnangarra	1461	33	0	177	17	6	230	40	1	0	2	1967
Gnasher29	0	0	0	1	0	0	0	0	0	0	0	1
Goatasaur	16	2	0	1	1	0	2	0	0	0	0	22
Gogo Dodo	25476	94	0	692	5	91	3529	40	61	0	1	29989
Golbez	5506	84	0	222	80	16	1296	161	2	0	0	7367
Goldom	1899	7	0	8	0	0	50	4	0	0	0	1968
Gonzo fan2007	3778	80	0	405	38	66	240	21	0	0	9	4637
Good Olfactory	3950	113	0	43	15	3	51	4	4	0	0	4183
Goodnightmush	614	1	0	13	1	3	99	1	0	0	0	732
Goodoldpolonius2	1	0	0	4	2	0	27	0	0	0	0	34
Graeme Bartlett	2742	48	0	29	1	5	175	0	10	0	0	3010
GraemeL	971	6	0	59	28	2	1177	87	3	0	0	2333
Graft	3	1	0	1	1	2	0	0	0	0	0	8
Graham87	4009	7151	0	86	6	18	103	7	3	0	2	11385
GrahamColm	23	0	0	10	2	1	12	3	0	0	0	51
Grandmasterka	3055	35	0	118	11	2	528	30	1	0	3	3783
Grant65	6	5	0	2	1	0	3	0	0	0	0	17
Greeves	323	5	0	6	2	0	26	0	0	0	7	369
GregAsche	239	1	0	13	17	0	152	9	0	0	0	431
GregRobson	1	0	0	0	0	0	0	0	0	0	0	1
Grenavitar	864	32	0	3	2	0	41	7	0	0	1	950
Grendelkhan	38	2	0	0	0	0	4	0	0	0	0	44
Grm wnr	533	6	0	4	2	0	38	5	0	0	0	588
Grossmünster	0	0	0	1	0	0	0	0	0	0	0	1
Ground Zero	61	0	0	29	6	4	28	0	3	0	0	131
Grue	198	103	0	10	18	0	25	7	0	0	0	361
Grunt	86	5	0	4	2	0	10	2	0	0	0	109
Grutness	2337	103	0	84	8	3	24	16	0	0	0	2575
Gryffindor	106	8	0	5	0	0	1	1	0	0	0	121
Gtrmp	403	12	0	3	0	0	1	0	0	0	0	419
Guanaco	513	188	0	40	42	0	387	257	0	0	0	1427
Guettarda	201	73	0	40	27	5	67	18	0	0	0	431
Gurch	36411	1467	0	76	22	0	695	17	0	0	0	38688
Gurubrahma	309	6	0	144	93	0	39	2	0	0	0	593
Gutza	12	1	0	2	1	2	5	3	0	0	0	26
Gwalla	921	10	0	2	1	0	68	8	0	0	0	1010
Gwen Gale	7176	237	0	484	38	31	986	147	39	0	3	9141
Gwernol	3832	26	0	344	45	11	4359	157	0	0	0	8774
Gyrofrog	145	11	0	12	2	2	248	14	2	0	0	436
H	6668	26	0	96	39	0	1080	129	0	0	0	8038
Hadal	1484	0	0	6	7	0	316	3	0	0	0	1816
Haemo	2305	14	0	69	7	18	226	43	0	0	0	2682
Hajor	163	7	0	13	12	0	16	1	0	0	0	212
Hall Monitor	460	12	0	270	32	1	2962	235	0	0	0	3972
Hamster Sandwich	3	1	0	0	0	0	18	3	0	0	0	25
Happy-melon	2506	50	0	194	52	19	0	0	0	0	2	2823
HappyCamper	4330	105	0	121	87	0	586	458	0	0	0	5687
Happyme22	571	9	0	44	1	7	11	0	0	0	0	643
Harej	2294	67	0	125	45	7	35	17	1	0	5	2596
Harold Oxley	0	0	0	2	0	0	0	0	0	0	0	2
Harro5	4810	33	0	72	4	0	167	10	0	0	0	5096
Harryboyles	2379	2	0	10	1	0	4	1	0	0	0	2397
Hashar	19	0	0	0	0	0	0	0	0	0	0	19
Hatricide	0	0	0	1	0	0	0	0	0	0	0	1
Haukurth	1196	68	0	15	34	0	78	13	0	0	3	1407
Hawstom	3	0	0	5	1	0	6	1	0	0	0	16
Hbdragon88	668	7	0	7	1	2	1	0	0	0	0	686
Hcheney	20	0	0	0	0	0	15	0	0	0	0	35
Hdt83	16	0	0	9	2	0	73	2	0	0	0	102
Heah	782	14	0	17	6	0	92	9	0	0	0	920
Heimstern	442	19	0	97	8	5	919	38	6	0	0	1534
Hemanshu	447	5	0	0	0	0	5	0	0	0	0	457
Hemlock Martinis	805	44	0	28	2	5	84	8	0	0	0	976
Henrik	454	25	0	32	13	4	156	22	1	0	4	711
Henry Flower	125	1	0	18	10	0	213	8	0	0	0	375
Henrygb	1491	36	0	6	3	0	21	0	0	0	0	1557
Hephaestos	1	2	0	3	2	0	0	0	0	0	0	8
Herbythyme	2726	11	0	45	2	6	463	25	4	0	0	3282
HereToHelp	137	3	0	37	11	3	16	3	0	0	0	210
Hermione1980	501	4	0	4	3	1	11	2	0	0	0	526
Hernando Magallanes	0	0	0	4	0	0	0	0	0	0	0	4
Heron	24	2	0	0	0	0	54	4	0	0	0	84
Herostratus	5268	77	0	14	4	0	65	5	0	0	0	5433
Hersfold	2977	57	0	964	18	357	872	197	104	0	35	5581
Hesperian	2220	199	0	84	15	2	353	55	1	0	0	2929
Hiberniantears	753	4	0	61	3	20	993	23	8	0	2	1867
Hiding	1727	120	0	33	24	1	50	14	0	0	4	1973
Hit bull, win steak	163	4	0	2	0	0	32	0	1	0	0	202
Hmhur	0	0	0	1	0	0	0	0	0	0	0	1
Hmwith	5427	48	0	33	2	1	68	4	3	0	1	5587
Hoary	412	13	0	60	5	6	204	7	1	0	0	708
Horologium	451	3	0	109	4	26	62	0	4	0	0	659
HorsePunchKid	189	0	0	0	0	0	0	0	0	0	0	189
HowDumbAreYou	0	0	0	1	0	0	0	0	0	0	0	1
Howcheng	18955	177	0	68	100	1	75	11	0	0	1	19388
Hu12	1382	49	0	337	13	1	928	35	0	0	1	2746
Humblefool	596	11	0	3	2	0	4	2	0	0	0	618
Humus sapiens	73	2	0	64	4	0	124	12	0	0	0	279
Huntster	377	24	0	23	4	2	22	0	0	0	0	452
Hurricanehink	214	2	0	0	0	0	7	0	0	0	0	223
Husnock	59	1	0	22	8	0	27	9	0	0	0	126
Husond	1240	11	0	422	39	22	1139	39	0	0	1	2913
Hut 8.5	5483	53	0	627	17	37	1119	17	2	0	19	7374
Hyacinth	404	12	0	0	1	0	6	1	0	0	0	424
IMatthew	0	0	0	1	0	0	0	0	0	0	0	1
Ian Dalziel	0	0	0	1	0	0	0	0	0	0	0	1
Ian13	1871	51	0	29	8	2	64	21	0	0	0	2046
IanManka	1212	236	0	73	11	6	225	26	2	0	0	1791
Ianblair23	130	39	0	1	2	0	0	0	0	0	0	172
Icairns	244	7	0	1	1	0	3664	64	1	0	0	3982
Ice Cold Beer	1456	11	0	10	3	1	319	11	6	0	0	1817
IceKarma	1742	8	0	2	2	0	0	1	0	0	0	1755
Icestorm815	1542	29	0	93	7	24	403	11	19	0	5	2133
Icewedge	485	2	0	4	0	1	104	1	1	0	1	599
Idont Havaname	159	5	0	3	2	0	48	0	0	0	0	217
Ihcoyc	234	4	0	14	0	0	1	0	0	0	0	253
Ike9898	303	3	0	5	1	1	30	3	0	0	0	346
Ikiroid	61	5	0	1	0	0	20	1	0	0	0	88
Ilmari Karonen	1078	641	0	32	2	1	210	32	0	0	1	1997
Ilyanep	153	2	0	6	2	0	32	7	0	15	18	235
Improv	1233	9	0	188	11	0	79	15	0	0	0	1535
Imran	1	0	0	0	0	0	1	0	0	0	0	2
InShaneee	3951	20	0	91	5	0	528	56	0	0	0	4651
Infrogmation	4635	77	0	126	8	3	5678	116	6	2	1	10652
Inter	649	4	0	6	1	0	181	10	0	0	0	851
Interiot	1319	23	0	14	8	0	11	1	0	0	0	1376
Ioeth	2520	52	0	123	30	15	1464	38	4	0	11	4257
Iridescent	3370	81	0	124	10	37	839	44	8	0	8	4521
Irina Spalko	0	0	0	1	0	0	0	0	0	0	0	1
Irishguy	11708	25	0	107	3	0	1413	14	0	0	0	13270
IronGargoyle	3039	215	0	49	16	5	119	2	0	0	0	3445
Ish ishwar	46	3	0	1	0	0	11	1	0	0	0	62
Islander	587	21	0	105	1	6	78	5	1	0	3	807
Isomorphic	213	0	0	1	0	0	14	1	0	0	0	229
Isotope23	2009	23	0	124	33	10	490	59	0	0	0	2748
It Is Me Here	194	3	0	10	2	0	6	3	1	0	3	222
Ixfd64	3533	80	0	62	273	1	1317	3739	9	0	1	9015
Izehar	148	3	0	18	21	0	89	20	0	0	0	299
J Di	1548	57	0	75	32	0	581	44	0	0	0	2337
J Greb	1186	55	0	70	2	15	26	2	1	0	0	1357
J Milburn	7737	122	0	45	7	15	78	0	0	0	3	8007
J-stan	178	7	0	7	3	4	76	6	0	0	24	305
J.J.	1	2	0	0	0	0	1	0	0	0	0	4
J.delanoy	6888	224	0	663	30	187	11091	204	486	0	52	19825
J.smith	1172	46	0	26	7	2	240	41	0	0	0	1534
JCarriker	122	29	0	9	4	0	61	13	0	0	0	238
JDoorjam	1760	44	0	98	18	3	121	21	0	0	0	2065
JForget	4467	88	0	409	505	166	1486	12	11	0	0	7144
JGHowes	237	16	0	27	0	2	59	1	3	0	0	345
JHunterJ	814	67	0	9	1	1	10	2	0	0	0	904
JIP	6482	65	0	22	4	0	143	3	0	0	0	6719
JLaTondre	13919	69	0	33	4	0	1293	15	0	0	0	15333
JPD	622	5	0	2	2	0	19	1	0	0	0	651
JPG-GR	5980	54	0	13	1	0	14	0	0	0	0	6062
JRM	174	9	0	11	17	0	15	28	0	0	0	254
JWSchmidt	43	2	0	13	5	0	58	1	0	0	1	123
JYolkowski	2375	20	0	11	27	0	139	9	1	0	0	2582
JaGa	0	0	0	1	0	0	0	0	0	0	0	1
Jac16888	12450	53	0	49	3	8	152	9	58	0	1	12783
Jacoplane	324	33	0	92	45	3	159	11	0	0	0	667
Jake Nelson	21	1	0	0	0	0	1	0	0	0	0	23
James086	3983	26	0	17	1	2	336	12	0	0	1	4378
JamesR	1059	8	0	42	4	10	102	10	1	0	3	1239
JamesTeterenko	222	2	0	27	18	0	160	4	0	0	0	433
Jamesday	6	7	0	2	0	0	6	1	0	0	0	22
JamieS93	2565	15	0	29	5	5	5	1	1	0	0	2626
Jaranda	17921	149	0	323	98	2	1208	229	0	0	0	19930
Jarry1250	460	4	0	11	1	2	27	0	3	0	2	510
Jasonbres	0	0	0	1	0	0	0	0	0	0	0	1
Jauerback	1207	8	0	54	8	4	728	55	6	0	3	2073
Jaxl	1604	10	0	3	1	0	36	0	0	0	0	1654
Jay	18	8	0	0	0	0	0	0	0	0	0	26
Jayjg	463	155	3	423	68	1	1978	228	0	0	0	3319
Jayron32	1387	22	0	286	9	29	1515	199	56	0	14	3517
Jbmurray	87	5	0	6	6	0	18	1	0	0	0	123
Jc37	1453	101	0	40	9	9	60	7	1	0	1	1681
Jclemens	8637	66	0	175	1	0	479	2	22	0	6	9388
Jcw69	67	1	0	0	0	0	108	3	0	0	0	179
Jdavidb	81	0	0	13	2	0	48	2	0	0	0	146
Jdforrester	388	53	0	23	7	0	48	12	0	0	0	531
JeLuF	146	3	0	2	0	0	2	1	0	0	4	158
Jedi6	14	0	0	2	3	0	10	1	0	0	0	30
Jeepday	511	9	0	15	1	0	469	8	3	0	0	1016
Jeffrey O. Gustafson	14386	197	0	469	28	37	727	107	0	0	1	15952
Jehochman	141	22	0	90	11	11	467	83	4	0	1	830
Jengod	125	0	0	7	0	0	0	0	0	0	0	132
Jennavecia	3516	499	0	278	28	55	437	49	1	0	12	4875
JeremyA	1995	16	0	36	16	0	265	13	0	0	0	2341
Jerry	3514	198	0	99	14	1	72	9	0	0	3	3910
Jersey Devil	554	10	0	28	6	2	188	18	0	0	0	806
Jersyko	578	1	0	52	10	5	116	6	0	0	0	768
Jerzy	283	151	0	4	0	0	110	5	2	0	0	555
Jesse Viviano	1689	65	0	11	5	2	321	57	0	0	0	2150
JesseW	29028	126	0	36	8	0	77	21	0	0	1	29297
Jfdwolff	439	39	0	99	15	7	262	19	0	0	0	880
Jiang	371	18	0	17	5	0	89	3	0	0	0	503
Jimbo Wales	299	16	0	42	13	3	79	41	0	0	9	502
Jimfbleak	30599	130	0	749	28	4	1416	234	1	0	0	33161
Jimregan	3	0	0	0	0	0	0	0	0	0	0	3
Jimtinman3909	0	0	0	1	0	0	0	0	0	0	0	1
Jingiby	0	0	0	1	0	0	0	0	0	0	0	1
Jinian	1740	5	0	9	3	0	0	0	0	0	0	1757
Jitse Niesen	627	24	0	14	9	2	35	4	0	0	0	715
Jj137	5098	59	0	285	30	49	875	20	0	0	33	6449
Jkelly	3628	61	0	35	17	0	188	12	0	0	0	3941
Jmabel	162	32	0	7	7	0	126	5	0	0	0	339
Jmlk17	11140	72	0	942	48	79	2032	52	0	0	0	14365
Jnc	1906	158	0	114	34	0	46	20	0	0	0	2278
Jni	19112	26	0	24	4	0	199	2	0	0	0	19367
Jnothman	60	1	0	1	0	0	1	1	0	0	0	64
JoJan	6163	29	0	116	2	5	1249	9	1	0	0	7574
JoanneB	1180	48	0	51	22	0	816	105	0	0	0	2222
JodyB	1848	38	0	21	4	4	305	22	0	0	0	2242
Joe Beaudoin Jr.	544	1	0	17	3	0	68	2	0	0	0	635
Joelr31	661	12	0	9	8	0	83	1	0	0	0	774
Jogers	91	0	0	0	0	0	0	0	0	0	0	91
Johan Elisson	352	14	0	11	4	0	42	5	0	0	0	428
Johann Wolfgang	54	2	0	2	1	0	57	1	0	0	0	117
John	2529	17	0	85	3	6	1157	25	1	0	0	3823
John Carter	317	2	0	17	1	1	33	4	15	0	2	392
John Kenney	181	31	0	4	3	0	8	4	0	0	0	231
John Reaves	11900	175	0	413	161	41	2254	228	1	0	49	15222
John Vandenberg	819	163	91	80	9	12	135	23	0	0	5	1337
JohnOwens	6	0	0	0	1	0	0	0	0	0	0	7
Johnleemk	1751	20	0	6	3	0	240	20	0	0	0	2040
Johntex	131	28	0	27	4	1	180	11	0	0	0	382
Joke137	15	0	0	1	1	0	29	3	0	0	0	49
Jon513	1323	19	0	3	0	0	43	1	0	0	2	1391
JonMoore	39	1	0	2	2	0	0	0	0	0	0	44
Jonathunder	126	13	0	8	1	0	64	3	0	0	0	215
Jondel	243	1	0	31	8	0	66	1	0	0	0	350
Jonny-mt	1026	40	0	67	5	10	217	15	0	0	8	1388
Joolz	244	3	0	0	1	0	0	1	0	0	0	249
Josephjames21	0	0	0	1	0	0	0	0	0	0	0	1
Josh Grosse	38	2	0	0	0	0	0	0	0	0	0	40
Joshbuddy	22	0	0	0	0	0	5	0	0	0	0	27
JoshuaZ	597	51	0	102	13	0	627	71	0	0	0	1461
Josiah Rowe	109	25	0	76	10	0	335	19	0	0	0	574
Jossi	760	34	0	356	95	28	2058	77	2	0	1	3411
Journalist	401	7	0	50	19	5	124	14	0	0	3	623
Joy	271	94	0	14	6	0	4	0	0	0	0	389
Joyous!	8431	13	0	131	50	0	442	18	0	0	0	9085
Jpgordon	952	21	0	194	17	10	2741	269	29	0	0	4233
Jrdioko	429	0	0	0	0	0	18	0	0	0	0	447
Jredmond	467	12	0	35	4	1	186	10	19	0	1	735
Jreferee	1375	49	0	144	6	27	36	4	0	0	0	1641
Jtdirl	112	30	0	118	44	0	432	29	0	0	0	765
Jtkiefer	870	100	0	53	15	0	403	85	0	0	0	1526
Judas Preist is effin awsome	0	0	0	2	0	0	0	0	0	0	0	2
Juliancolton	12983	170	0	537	32	182	2335	39	21	0	324	16623
Jusjih	1369	86	0	9	1	1	5	0	0	0	0	1471
Justinc	520	2	0	0	0	0	0	0	0	0	0	522
Jwrosenzweig	40	0	0	1	0	0	7	0	0	0	1	49
JzG	10167	254	0	644	36	20	1376	89	6	0	0	12592
Jza84	319	0	0	57	1	5	133	6	1	0	6	528
Jéské Couriano	412	86	0	739	59	107	951	89	40	0	0	2483
K1Bond007	354	8	0	3	3	0	37	4	0	0	0	409
KF	510	16	0	2	0	0	1	0	0	0	0	529
KFP	734	116	0	14	4	1	65	10	0	0	0	944
Kafziel	1977	30	0	198	22	16	1391	58	9	0	8	3709
Kaihsu	331	27	0	11	6	0	128	15	0	0	0	518
Kaiser matias	15	3	0	3	0	0	16	0	0	0	0	37
Kaisershatner	70	0	0	14	3	2	478	16	0	0	0	583
Kakofonous	66	3	0	5	1	0	4	1	0	0	1	81
Kaldari	247	26	0	67	16	11	66	11	2	0	0	446
Kane5187	241	6	0	1	0	0	1	0	0	0	0	249
Kanonkas	605	24	0	79	12	52	1135	60	467	0	15	2449
Karada	623	16	0	48	8	1	559	23	1	0	0	1279
Karanacs	638	2	0	11	0	1	9	0	0	0	0	661
Karl Dickman	2771	41	0	9	8	0	33	10	0	0	0	2872
Karmafist	165	35	0	15	5	0	160	21	0	0	0	401
Katefan0	841	20	0	212	128	0	351	52	0	0	0	1604
Kateshortforbob	36	1	0	2	2	0	5	3	1	0	2	52
Kathryn NicDhàna	27	0	0	2	1	0	4	1	0	0	0	35
Kbdank71	22274	57	0	43	2	0	357	13	7	0	1	22754
Kbh3rd	107	10	0	20	0	1	1109	47	6	0	0	1300
Kbthompson	123	23	0	21	1	1	104	2	0	0	2	277
Kcordina	1220	41	0	9	0	0	168	7	0	0	0	1445
Keegan	3706	123	0	77	19	8	244	32	3	0	14	4226
Keenan Pepper	295	1	0	3	0	0	11	0	0	0	0	310
Keeper76	3060	77	0	67	12	9	89	14	0	0	22	3350
Keilana	1635	51	0	72	12	9	614	19	0	0	11	2423
Keith D	896	381	0	107	0	6	49	1	0	0	1	1441
Kelly Martin	736	56	0	27	11	0	413	60	0	0	0	1303
Kevin	2849	40	0	126	8	16	585	27	7	0	6	3664
Khaosworks	330	12	0	10	4	0	162	80	0	0	0	598
Khendon	3	0	0	1	2	0	0	0	0	0	0	6
Khoikhoi	1196	298	0	594	223	11	1757	143	3	0	1	4226
Khukri	884	10	0	52	7	2	435	14	0	0	0	1404
Khym Chanur	0	0	0	6	0	0	0	0	0	0	0	6
Kicking222	529	1	0	0	0	0	0	0	0	0	0	530
KieferSkunk	725	11	0	2	0	3	9	3	0	0	0	753
KillerChihuahua	1167	34	0	99	12	4	386	30	7	0	0	1739
Kilo-Lima	1207	2	0	36	9	0	668	69	0	0	0	1991
Kim Bruning	49	5	0	11	3	0	33	14	0	0	0	115
Kim Dent-Brown	284	1	0	17	2	0	3	1	0	0	0	308
Kimchi.sg	43208	714	0	538	118	20	2177	211	21	0	0	47007
KimvdLinde	839	51	0	61	19	1	47	7	1	0	0	1026
King of Hearts	4842	145	0	381	72	21	1592	534	2	0	9	7598
Kingboyk	3142	316	0	103	12	0	214	24	0	0	2	3813
Kingturtle	656	25	0	170	13	28	329	10	6	1444	71	2752
Kinu	5543	33	0	420	20	7	765	62	2	0	0	6852
Kirill Lokshin	1767	50	0	22	2	5	161	15	0	0	1	2023
Kizor	57	141	0	8	8	1	24	3	0	0	0	242
Kjkolb	490	14	0	1	1	0	138	8	0	0	0	652
Kmccoy	49	4	0	8	2	1	32	2	0	0	0	98
KnightLago	1029	48	0	200	15	33	845	91	8	0	1	2270
Knowledge Seeker	115	32	0	19	19	0	110	75	0	0	0	370
KnowledgeOfSelf	1671	27	0	261	27	17	5512	114	0	0	0	7629
Konstable	1080	91	0	97	25	0	435	135	0	0	0	1863
Kosebamse	335	0	0	1	0	0	10	0	0	0	0	346
Kotra	12	1	0	1	0	0	1	0	0	0	0	15
Kpjas	121	0	0	2	0	0	1	0	0	0	0	124
KrakatoaKatie	3343	70	0	95	5	15	318	16	0	0	3	3865
Kralizec!	644	94	0	488	200	47	2945	41	17	0	8	4484
Krimpet	14857	107	0	307	26	43	3889	822	2369	0	6	22426
Ktsquare	11	0	0	0	0	0	0	1	0	0	0	12
Kubigula	7958	35	0	108	9	1	545	19	2	0	0	8677
Kukini	920	11	0	50	2	2	3481	4	2	0	0	4472
Kungfuadam	16119	264	0	186	39	0	2569	245	0	0	0	19422
Kurt Shaped Box	1627	16	0	125	5	31	1490	20	10	0	0	3324
Kuru	1748	5	0	256	10	6	3582	60	39	0	6	5712
Kurykh	6188	108	0	183	19	42	600	72	4	0	4	7220
Kusma	11219	101	0	170	36	9	918	31	5	0	7	12496
Kwamikagami	685	25	0	119	9	16	215	16	11	0	0	1096
Kwsn	1719	13	0	46	4	17	220	32	0	0	0	2051
Kyle Barbour	477	115	0	2	0	0	46	11	0	0	0	651
Kylu	1425	44	0	191	12	25	246	26	0	0	35	2004
Kyorosuke	1013	46	0	43	23	0	162	47	0	0	0	1334
Kzollman	125	34	0	1	0	0	2	1	0	0	0	163
L'Aquatique	667	10	0	21	3	13	46	8	0	0	3	771
LAX	219	3	0	3	4	1	95	1	0	0	4	330
La goutte de pluie	591	30	0	32	17	2	184	37	0	0	0	893
Lachatdelarue	237	7	0	0	1	0	6	1	0	0	0	252
Lacrimosus	222	3	0	16	1	0	44	1	0	0	0	287
LadyofShalott	1189	12	0	24	4	1	75	6	1	0	1	1313
Lankiveil	874	22	0	9	0	1	84	3	3	0	1	997
Lar	921	64	0	107	29	11	522	42	2	0	9	1707
Larry V	263	11	0	1	1	0	2	0	0	0	0	278
Laser brain	156	1	0	0	0	0	1	0	0	0	0	158
Laurascudder	848	4	0	3	2	0	9	1	0	0	0	867
Law	276	17	0	12	2	1	192	5	5	0	1	511
Lazulilasher	98	6	0	12	4	4	47	0	2	0	1	174
LeaveSleaves	0	0	0	6	0	0	0	0	0	0	0	6
Lectonar	14701	64	0	182	147	83	382	9	7	0	0	15575
Leebo	547	11	0	16	0	0	128	7	0	0	0	709
Leithp	361	21	0	6	1	0	329	12	0	0	0	730
Lenticel	227	5	0	1	0	0	0	0	0	0	0	233
LessHeard vanU	409	48	0	272	12	21	2574	66	30	0	0	3432
Lethe	35	13	0	3	2	0	34	16	0	0	0	103
Lexi Marie	605	28	0	41	25	0	157	52	0	0	0	908
Lexicon	161	23	0	10	3	1	56	5	0	0	0	259
Lexor	40	0	0	0	0	0	0	0	0	0	0	40
Lid	2325	11	0	16	0	0	47	0	0	0	0	2399
Lifebaka	2354	145	0	39	11	10	142	9	7	0	2	2719
Lightdarkness	1528	18	0	5	3	0	183	19	0	0	0	1756
Ligulem	4947	12	0	749	660	0	150	6	0	0	0	6524
LinguistAtLarge	173	2	0	1	0	0	0	0	0	0	2	178
Linuxbeak	339	5	0	64	17	0	389	34	0	20	12	880
Lipinki	0	0	0	2	0	0	0	0	0	0	0	2
LiquidGhoul	27	1	0	1	0	0	0	0	0	0	0	29
LittleDan	33	1	0	1	2	0	4	0	0	0	0	41
Llywrch	155	13	0	17	6	1	25	8	0	0	0	225
Lommer	737	2	0	1	2	0	1	0	0	0	0	743
Lomn	7	0	0	1	1	0	3	0	0	0	0	12
Longhair	5716	10	0	124	38	3	1680	41	1	0	4	7617
Lord Emsworth	2	0	0	0	0	0	0	0	0	0	0	2
Lord Voldemort	182	1	0	9	26	0	4	4	0	0	0	226
LordAmeth	52	1	0	0	0	0	0	0	0	0	0	53
Loren36	76	1	0	12	4	1	302	20	0	0	0	416
Lostintherush	792	7	0	27	6	2	112	6	0	0	0	952
LouI	35	1	0	0	0	0	0	0	0	0	0	36
Lowellian	240	65	0	5	0	0	0	0	0	0	0	310
Lquilter	22	1	0	0	0	0	6	0	0	0	0	29
Lradrama	181	2	0	0	0	0	201	15	0	0	1	400
Lucky 6.9	27946	129	0	766	50	0	1919	248	0	0	0	31058
Ludraman	16	3	0	2	2	0	4	0	0	0	0	27
Luigi30	3279	15	0	52	2	0	152	5	0	0	0	3505
Luis Hernández García	0	0	0	2	0	0	0	0	0	0	0	2
Luk	20007	212	0	620	26	123	3872	341	121	0	15	25337
Luna Santin	6231	100	10	1814	160	122	12583	1030	105	0	15	22170
Lupin	642	1	0	5	3	0	126	8	0	0	0	785
Lupo	1911	15	0	9	0	0	398	21	0	0	0	2354
Lyrl	256	1	0	0	1	0	4	0	0	0	0	262
M7	0	0	0	0	0	0	0	0	1	0	0	1
MBK004	615	10	0	125	4	18	299	17	9	0	20	1117
MBisanz	33198	413	0	489	19	78	1274	86	16	0	274	35847
MBoarSidwell	0	0	0	1	0	0	0	0	0	0	0	1
MC MasterChef	103	0	0	0	0	0	35	4	0	0	0	142
MCB	1166	17	0	33	4	3	422	17	1	0	0	1663
MECU	5322	21	0	2	0	1	7	0	0	0	0	5353
MER-C	0	0	0	15	0	0	0	0	0	0	0	15
MGodwin	3	0	0	0	0	0	0	0	0	0	0	3
MJCdetroit	104	6	0	28	3	11	5	0	0	0	0	157
MONGO	3035	27	0	116	35	0	396	39	0	0	0	3648
MPF	441	9	0	7	0	0	17	0	0	0	0	474
MPUploadBot	50	7	0	52	0	3	0	0	0	0	0	112
MSGJ	830	57	0	51	16	20	52	1	5	0	17	1049
MZMcBride	804945	571	0	7286	922	419	159	116	187	0	1	814606
MacGyverMagic	5598	108	0	193	106	2	279	33	0	0	0	6319
Mackensen	2476	106	0	68	7	1	1581	237	0	0	0	4476
Mackeriv	96	1	0	3	0	0	14	3	0	0	0	117
Madchester	513	15	0	91	18	4	240	10	0	0	0	891
Madman	849	47	0	22	4	4	139	16	3	0	0	1084
Mafia Expert	0	0	0	1	0	0	0	0	0	0	0	1
Magioladitis	1535	12	0	21	0	4	60	3	1	0	0	1636
Magnus Manske	887	4	0	1	1	0	14	0	0	0	0	907
Mahanga	883	9	0	8	1	0	56	3	0	0	0	960
Mailer diablo	49311	243	6	154	15	1	246	14	1	0	0	49991
Mairi	701	5	0	3	2	0	5	0	0	0	0	716
Majorly	15244	506	0	548	104	7	660	39	0	0	10	17118
Makemi	4809	53	0	79	13	0	378	25	0	0	0	5357
Malcolm	1284	63	0	47	17	2	274	19	0	0	0	1706
Malcolm Farmer	776	3	0	0	0	0	24	1	0	0	0	804
Malcolmxl5	5245	34	0	210	6	13	32	1	1	0	2	5544
Malinaccier	654	3	0	112	6	18	555	13	4	0	259	1624
Mallanox	1860	19	0	2	1	0	5	0	0	0	0	1887
Malo	2315	13	0	110	8	0	2234	246	0	0	0	4926
Mangojuice	4246	78	0	104	11	7	825	320	49	0	27	5667
Manning Bartlett	1362	11	0	2	0	6	14	2	0	0	0	1397
Marasmusine	4315	32	0	34	2	0	246	4	0	0	0	4633
Mardetanha	0	0	0	0	0	0	2	1	0	0	0	3
Marianocecowski	242	8	0	0	3	0	32	0	0	0	0	285
Marine 69-71	221	5	0	55	22	0	118	35	0	0	1	457
Mark	448	84	0	118	26	8	157	37	3	0	0	881
Mark Dingemanse	293	0	0	1	3	0	45	3	0	0	0	345
Mark Richards	0	0	0	0	0	0	0	5	0	0	0	5
Mark83	368	10	0	1	2	0	3	0	0	0	0	384
MarkGallagher	1931	27	0	81	61	0	116	26	0	0	0	2242
MarkSweep	1945	23	0	105	5	0	1133	41	0	0	0	3252
Markles	64	8	0	41	1	7	0	0	0	0	0	121
Marshman	25	0	0	0	0	0	30	2	0	0	0	57
Marskell	40	2	0	32	16	3	25	0	0	0	0	118
Martijn Hoekstra	1099	13	0	4	1	0	106	3	0	0	1	1227
MartinHarper	14	0	0	0	1	0	0	0	0	0	0	15
Martinp23	1387	89	0	226	31	4	358	71	2	0	4	2172
Martyman	131	2	0	2	0	0	35	1	0	0	0	171
Marudubshinki	4852	55	0	28	14	0	448	30	0	0	0	5427
Marumari	0	0	0	0	0	1	8	0	0	0	0	9
Masamage	840	16	0	16	2	3	19	1	0	0	0	897
Masem	88	8	0	8	0	1	11	0	0	0	0	116
MastCell	5571	69	0	487	21	49	950	74	3	0	1	7225
Master Jay	196	8	0	82	7	1	303	36	0	0	0	633
Master Thief Garrett	1144	6	0	7	1	0	12	2	0	0	0	1172
Master of Puppets	2200	62	0	241	30	46	723	31	1	0	5	3339
Matilda	221	20	0	33	15	1	231	10	0	0	0	531
Matt Britt	5	2	0	2	0	0	1	0	0	0	0	10
Matt Crypto	132	22	0	38	22	0	173	18	0	0	0	405
Mattbr	2549	65	0	4	0	0	9	0	0	0	0	2627
MatthewUND	53	1	0	0	0	0	5	0	0	0	0	59
Matthewedwards	2082	84	0	27	8	1	23	3	0	0	0	2228
Mattinbgn	1106	37	0	40	3	9	68	2	0	0	0	1265
Mattyb420	0	0	0	2	0	0	0	0	0	0	0	2
Maury Markowitz	153	19	0	0	0	1	47	5	0	0	0	225
Mav	453	12	0	118	2	1	17	7	0	0	0	610
MaxSem	4846	23	0	167	25	7	343	96	3	0	14	5524
Maxim	106650	919	0	2476	276	558	2479	136	84	0	199	113777
Maxim's JS test account	0	0	0	1	0	0	0	0	0	0	0	1
Maximus Rex	68	0	0	0	0	0	0	0	0	0	0	68
Mazca	466	2	0	11	1	2	112	1	1	0	1	597
Mbecker	0	0	0	1	3	0	3	1	0	0	0	8
Mdd4696	2234	8	0	31	8	0	89	4	0	0	0	2374
MediaWiki default	1310	0	0	0	0	0	0	0	0	0	0	1310
Meegs	8893	33	0	1	0	0	97	5	0	0	0	9029
Meelar	1264	7	0	2	1	0	121	1	0	0	0	1396
MegaHL90	0	0	0	1	0	0	0	0	0	0	0	1
Mel Etitis	3126	19	0	160	24	0	848	57	0	0	0	4234
Melburnian	118	2	0	4	1	0	29	0	0	0	0	154
Melchoir	723	2	0	11	1	0	79	1	1	0	0	818
Melesse	21711	54	0	3	0	0	1	0	0	0	0	21769
Menchi	20	2	0	0	0	0	0	0	0	0	0	22
Meno25	330	32	0	3	1	1	7	3	1	0	2	380
Mentifisto	3556	16	0	24	0	6	3506	12	56	0	41	7217
Mercury	314	93	0	82	34	25	137	62	0	0	0	747
Merkinsmum	0	0	0	3	0	0	0	0	0	0	0	3
Merope	11766	60	0	56	6	0	834	15	0	0	0	12737
Merovingian	1986	100	0	32	14	0	275	21	0	0	26	2454
Merphant	1	2	0	0	0	0	0	0	0	0	0	3
Metalx97856	0	0	0	1	0	0	0	0	0	0	0	1
Metamagician3000	110	4	0	11	4	0	28	5	0	0	0	162
Metropolitan90	2514	23	0	1	0	1	6	2	0	0	0	2547
Mets501	9380	98	0	207	38	0	293	22	0	0	0	10038
Mfield	820	13	0	118	6	24	538	10	20	0	1	1550
Miborovsky	46	3	0	19	13	0	30	5	0	0	0	116
Michael Greiner	660	13	0	10	7	0	10	1	5	0	0	706
Michael Hardy	272	67	0	1	0	0	16	4	1	0	0	361
Michael Snow	875	106	0	22	164	1	54	68	1	0	0	1291
MichaelBillington	507	8	0	6	0	0	4567	70	0	0	2	5160
Michaelas10	363	22	0	80	8	1	61	8	0	0	0	543
Mifter	1443	4	0	80	4	3	189	0	10	0	5	1738
Mikaey	600	498	0	8	0	1	51	0	1	0	2	1161
Mike 7	1263	16	0	39	3	0	285	6	0	0	0	1612
Mike Halterman	149	9	0	13	9	1	64	10	0	0	0	255
Mike Peel	2814	20	0	4	4	0	4	0	1	0	0	2847
Mike Rosoft	14492	403	0	427	46	18	2303	390	11	0	0	18090
Mike Selinker	2012	15	0	11	4	0	17	1	0	0	0	2060
Mike.lifeguard	1	0	0	0	0	0	0	0	0	0	0	1
Mikeblas	128	1	0	0	0	0	0	0	0	0	0	129
MilborneOne	205	0	0	1	1	0	8	0	0	0	0	215
Mindmatrix	2304	17	0	23	2	0	45	1	1	0	1	2394
Mindspillage	2299	75	0	53	27	2	91	46	0	0	0	2593
Minesweeper	13	2	0	0	0	0	1	0	0	0	0	16
Mirv	1146	28	0	38	37	0	40	46	0	0	1	1336
MisfitToys	79	8	0	0	0	0	0	0	0	0	0	87
Misza13	223395	280	0	284	21	2	4607	268	0	0	6	228863
Mitchazenia	114	3	0	2	0	0	13	2	0	0	0	134
Mkmcconn	20	0	0	3	3	0	0	0	0	0	0	26
Mkweise	30	2	0	0	1	0	1	0	0	0	0	34
Mlaffs	28	0	0	1	0	0	0	0	0	0	0	29
Mo0	3125	23	0	14	3	0	229	21	1	0	0	3416
MoRsE	57	3	0	0	0	0	25	1	0	0	0	86
Modemac	14	0	0	3	5	0	6	1	0	0	0	29
Moink	304	3	0	2	0	0	7	7	0	0	0	323
Molikroth	0	0	0	1	0	0	0	0	0	0	0	1
Moncrief	99	1	0	4	3	0	40	1	0	0	0	148
Moni3	40	3	0	26	1	11	25	0	2	0	0	108
Montrealais	22	1	0	0	0	0	0	0	0	0	0	23
Moondyne	1958	55	0	58	14	2	299	38	0	0	0	2424
Moonriddengirl	7964	1066	0	130	18	10	281	15	9	0	0	9493
Moreschi	1031	26	0	190	11	40	811	80	0	0	17	2206
Moriori	3534	3	0	0	0	0	252	5	0	0	0	3794
Morven	814	26	0	7	1	0	224	54	1	0	0	1127
Morwen	615	14	0	6	1	0	84	8	0	0	0	728
Mr. Lefty	1549	10	0	62	6	0	612	31	1	0	0	2271
Mr.Z-man	19308	238	0	479	50	285	1622	182	25	0	26	22215
MrDarcy	222	5	0	36	7	0	143	12	0	0	0	425
Mtmelendez	1041	5	0	11	0	0	2	0	0	0	0	1059
Mufka	1251	3	0	20	0	2	300	0	12	0	0	1588
Mulad	41	6	0	0	0	0	0	0	0	0	0	47
Mushroom	21974	182	0	34	9	3	442	90	0	0	0	22734
Musical Linguist	324	149	0	109	24	0	900	71	0	0	0	1577
Mustafaa	131	1	0	0	3	0	10	1	0	0	0	146
MykReeve	2	0	0	0	0	0	0	0	0	0	0	2
Myleslong	22	29	0	6	3	0	28	8	0	0	0	96
Mysekurity	728	14	0	40	21	0	81	2	0	0	0	886
Mysid	2493	2	0	2	1	0	14	5	0	0	0	2517
Mzajac	148	4	0	8	2	1	46	4	0	0	0	213
NCurse	1602	11	0	1	1	0	34	0	0	0	0	1649
NSLE	561	11	0	90	18	0	440	101	0	0	0	1221
Nabla	900	50	0	16	5	1	1	0	0	0	0	973
Nae'blis	844	53	0	28	2	0	15	2	0	0	0	944
Nagy	0	0	0	1	0	0	0	0	0	0	0	1
Nakon	34994	391	0	600	67	30	12803	6151	22	0	88	55146
Nancy	10763	75	0	340	17	11	661	11	7	0	7	11892
Nandesuka	694	29	0	96	16	2	383	27	1	0	0	1248
Nanfoodle	0	0	0	1	0	0	0	0	0	0	0	1
Nanobug	1	0	0	0	0	0	0	0	0	0	0	1
Nat	188	35	0	156	9	31	263	15	0	0	0	697
Natalie Erin	4502	23	0	68	3	0	988	27	0	0	0	5611
Natalya	325	13	0	36	7	3	109	39	0	0	0	532
NawlinWiki	152695	6479	0	8521	24	580	12085	456	276	0	5	181121
Necrothesp	319	11	0	1	0	1	105	8	0	0	0	445
Nehrams2020	4378	19	0	5	2	0	125	2	0	0	0	4531
Netsnipe	1160	60	0	605	91	10	3670	1755	12	0	1	7364
Neutrality	3819	32	0	48	10	0	175	58	0	0	0	4142
Nev1	170	9	0	22	2	10	113	3	0	0	0	329
Newyorkbrad	742	15	0	50	5	2	522	32	0	0	1	1369
Ngb	622	62	0	9	6	0	10	0	0	0	0	709
Nichalp	1191	70	0	50	16	4	72	9	0	979	123	2514
NicholasTurnbull	212	14	0	15	10	0	139	17	0	0	0	407
Nick	2792	130	0	238	23	19	659	67	9	0	2	3939
Nick-D	380	11	0	42	1	4	241	12	14	0	0	705
Nickptar	612	13	0	3	1	0	116	31	0	0	0	776
Nickshanks	53	1	0	3	0	0	0	0	0	0	0	57
Nicman911	0	0	0	2	0	0	0	0	0	0	0	2
Night Gyr	478	37	0	10	3	1	31	2	0	0	0	562
Nightmarishnight	0	0	0	1	0	0	0	0	0	0	0	1
Nightscream	23	7	0	50	3	1	108	2	2	0	0	196
Nightstallion	1768	128	0	71	7	0	29	2	0	0	0	2005
Nihiltres	7814	125	0	111	27	27	265	16	2	0	10	8397
Nihonjoe	5206	289	0	233	33	6	472	24	11	0	2	6276
Nikki311	422	2	0	24	1	2	40	1	0	0	1	493
Nilfanion	568	25	0	4	3	0	3	0	0	0	0	603
Nishkid64	7418	347	0	1430	639	117	6650	301	407	0	14	17323
Niteowlneils	4157	80	0	1	0	0	16	1	0	0	0	4255
Nixdorf	2	0	0	0	0	0	0	0	0	0	0	2
Nixeagle	10319	243	0	93	14	9	3320	84	25	0	2	14109
Nja247	1254	18	0	105	2	27	872	14	49	0	14	2355
Nlu	1594	90	0	601	226	13	3541	220	0	0	0	6285
Nmajdan	210	5	0	7	7	4	62	2	0	0	0	297
No Guru	927	11	0	33	14	0	442	8	1	0	0	1436
NoSeptember	1589	47	0	24	25	1	122	61	0	0	45	1914
NodpiW	0	0	0	1	0	0	0	0	0	0	0	1
Nohat	265	38	0	39	33	0	62	5	0	0	0	442
Noldoaran	2	0	0	0	0	0	0	0	0	0	0	2
Notheruser	70	0	0	0	0	0	0	0	0	0	0	70
Nousernamesleft	189	7	0	5	2	3	2	1	0	0	3	212
NrDg	1585	119	0	276	19	28	828	26	43	0	4	2928
NuclearWarfare	0	0	0	2	0	0	0	0	0	0	0	2
Nufy8	370	1	0	34	2	7	331	15	1	0	0	761
Number 57	5973	62	0	72	2	1	53	4	0	0	0	6167
Nunh-huh	450	29	0	27	3	1	316	11	3	0	1	841
Nv8200p	59537	181	0	25	3	0	106	3	0	0	0	59855
Nyttend	3951	110	0	21	1	0	159	1	1	0	0	4244
Oberiko	294	3	0	8	2	0	162	0	0	0	0	469
Obli	1047	6	0	28	5	0	99	7	0	0	0	1192
Ocatecir	1338	11	0	104	8	1	248	9	0	0	0	1719
Ocee	195	0	0	3	3	10	95	5	0	0	0	311
Od Mishehu	5394	174	0	171	24	24	293	52	104	0	4	6240
OhanaUnited	490	33	0	11	3	1	125	7	0	0	7	677
Ohnoitsjamie	4119	59	0	263	10	17	2351	48	20	0	0	6887
Okiefromokla	195	2	0	21	3	3	208	7	0	0	0	439
OldakQuill	325	22	0	6	2	0	2	1	0	0	0	358
Oldboy212	0	0	0	1	0	0	0	0	0	0	0	1
Oldelpaso	638	12	0	17	10	0	32	1	0	0	2	712
Oldwindybear	2	0	0	0	0	0	2	1	0	0	0	5
Oleg Alexandrov	686	57	0	14	8	0	35	10	0	0	1	811
Olessi	142	6	0	0	0	0	14	1	0	0	0	163
Oliver Pereira	2	5	0	0	1	0	0	0	0	0	0	8
Olivier	192	3	0	6	1	0	24	0	0	0	0	226
Omegatron	308	90	0	27	12	0	15	0	0	0	0	452
One	967	103	0	117	18	1	143	28	0	0	0	1377
Opabinia regalis	1410	5	0	15	2	0	3	0	0	0	0	1435
Orangemike	19621	123	0	506	24	12	3804	37	25	0	0	24152
Orderinchaos	3556	133	0	67	12	8	204	33	2	0	1	4016
Oren0	176	7	0	25	6	7	32	8	3	0	4	268
Orioane	114	1	0	4	2	0	11	0	0	0	0	132
Orlady	45	3	0	5	1	2	6	0	0	0	0	62
Orphaned talkpage deletion bot	633	58	0	0	0	0	0	0	0	0	0	691
Oscarthecat	3152	21	0	230	5	0	306	7	1	0	0	3722
OverlordQ	412	3	0	7	1	0	285	77	15	0	0	800
Owen	254	24	0	15	33	0	84	23	0	0	0	433
OwenX	2323	22	0	180	20	1	1240	82	2	0	7	3877
Oxymoron83	10845	98	0	408	9	62	5301	34	50	0	0	16807
PDH	9821	82	0	355	197	0	243	21	0	0	0	10719
PFHLai	3395	132	0	844	727	1	58	1	0	0	0	5158
PMDrive1061	16946	228	0	884	22	25	2602	86	236	0	4	21033
PS2pcGAMER	2303	23	0	25	32	0	87	18	0	0	0	2488
PZFUN	93	3	0	6	2	0	14	6	0	0	0	124
Pablo-flores	920	2	0	16	6	2	180	2	0	0	0	1128
PabsP	25	4	0	45	9	0	65	16	0	0	0	164
Paginazero	3	3	0	0	0	0	0	0	0	0	0	6
Pagrashtak	3190	13	0	3	2	0	10	1	0	0	0	3219
Pakaran	116	4	0	4	5	0	19	6	0	19	19	192
Pamri	707	1	0	0	4	0	0	0	0	0	0	712
Papa November	3107	45	0	22	6	13	231	13	1	0	0	3438
Parsecboy	2587	99	0	34	6	0	364	11	1	0	4	3106
Parthian Scribe	0	0	0	1	0	0	0	0	0	0	0	1
Pascal.Tesson	15492	87	0	79	2	1	781	20	0	0	1	16463
Pastor Theo	227	0	0	3	0	0	22	5	0	0	0	257
Pastordavid	1312	9	0	8	6	0	10	1	0	0	0	1346
Patar knight	28	1	0	2	0	0	1	0	0	0	0	32
Pathoschild	8292	149	0	151	33	0	2406	704	0	0	1	11736
Patrick	133	112	0	9	1	1	3	1	0	0	0	260
Pats1	323	50	0	130	7	12	315	7	4	0	0	848
Paul A	90	17	0	0	0	0	0	0	0	0	0	107
Paul August	1115	9	0	8	1	3	122	3	0	0	0	1261
Paul Erik	1125	52	0	9	2	0	182	4	0	0	0	1374
Pax:Vobiscum	574	38	0	182	6	13	34	1	0	0	0	848
Paxse	7	0	0	0	0	0	4	1	0	0	0	12
Pb30	858	1	0	0	0	1	275	3	0	0	0	1138
Pcb21	100	43	0	3	6	0	1	1	0	0	0	154
PeaceNT	5087	175	0	105	10	8	298	9	0	0	0	5692
PedanticallySpeaking	41	8	0	2	0	0	0	0	0	0	0	51
Pedro	8747	40	0	88	13	9	720	14	6	0	240	9877
Pedro Paulo Vasconcellos	0	0	0	2	0	0	0	0	0	0	0	2
Pegship	191	2	0	1	0	0	1	0	0	0	0	195
Penader	0	0	0	1	0	0	0	0	0	0	0	1
Pending deletion script	1210	0	0	0	0	0	0	0	0	0	0	1210
Pengo	50	14	0	2	1	0	7	0	0	0	0	74
Penwhale	145	8	0	44	6	14	50	13	1	0	0	281
Pepsidrinka	993	33	0	34	19	0	395	34	0	0	0	1508
Perceval	29	0	0	5	4	0	19	0	0	0	0	57
Peripitus	7501	36	0	80	18	11	140	9	7	0	1	7803
Persian Poet Gal	2289	95	0	998	25	39	3214	141	10	0	1	6812
Peruvianllama	624	7	0	18	4	0	366	6	0	0	0	1025
Peteforsyth	16	5	0	3	1	3	8	2	1	0	0	39
Peter	3642	47	0	74	23	0	652	39	0	0	0	4477
PeterSymonds	5241	146	0	1013	347	342	1585	90	302	0	325	9391
Pgk	3711	73	0	556	54	0	4060	2204	0	0	0	10658
Phaedriel	3551	55	0	199	30	16	308	19	0	0	0	4178
Pharos	391	68	0	589	153	0	40	6	0	0	0	1247
Phil Bordelon	0	0	0	2	1	0	0	0	0	0	0	3
Phil Boswell	532	10	0	79	1	3	19	4	0	0	0	648
Phil Sandifer	675	138	0	80	57	8	280	69	0	0	0	1307
PhilKnight	21241	399	0	755	49	31	3960	181	98	0	24	26738
Philip Baird Shearer	384	71	0	72	14	17	15	2	0	0	0	575
Philippe	4112	51	0	349	33	44	1503	66	2	0	7	6167
Philosopher	1164	17	0	28	2	5	34	2	6	0	24	1282
Phils	15	1	0	0	0	0	26	2	0	0	0	44
Philwelch	933	44	0	28	7	0	72	14	0	0	0	1098
Phuntsok2000	0	0	0	2	0	0	0	0	0	0	0	2
Physchim62	1115	41	0	34	5	0	107	17	0	0	0	1319
Piazzajordan2	0	0	0	1	0	0	0	0	0	0	0	1
Picaroon	4039	61	0	55	12	5	461	27	0	0	1	4661
PierreAbbat	0	0	0	0	0	0	5	0	0	0	0	5
Pigman	902	8	0	14	0	1	16	4	0	0	0	945
Pilotguy	7231	64	0	294	29	1	2576	685	0	0	0	10880
PinchasC	119	18	0	48	14	1	188	6	0	0	0	394
Pinkville	0	0	0	6	0	0	1	0	0	0	0	7
Piotrus	615	176	0	18	8	2	80	17	0	0	0	916
Pjacobi	230	6	0	15	3	0	99	2	0	0	0	355
Plange	123	0	0	3	1	0	32	0	0	0	0	159
Plastikspork	1099	29	0	73	2	9	8	0	1	0	0	1221
Please try again.	0	0	0	1	0	0	0	0	0	0	0	1
Poeloq	21	1	0	0	0	0	52	2	0	0	4	80
Polaron	0	0	0	1	0	0	0	0	0	0	0	1
Pollinator	35	0	0	4	0	0	146	1	0	0	0	186
Poor Yorick	93	0	0	6	3	1	0	0	0	0	0	103
Postdlf	5490	83	0	116	4	3	689	9	1	0	0	6395
Pratyeka	1	2	0	0	0	0	0	0	0	0	0	3
Premeditated Chaos	1732	18	0	3	0	0	19	1	0	0	0	1773
PrimeHunter	62	6	0	2	1	0	0	0	0	0	1	72
ProcseeBot	0	0	0	0	0	0	57024	0	0	0	0	57024
Prodego	1942	265	0	140	94	62	1201	219	62	0	36	4021
ProhibitOnions	246	1	0	0	1	0	50	0	0	0	0	298
Prolog	1229	32	0	65	5	4	508	2	2	0	0	1847
Promethean	0	0	0	1	0	0	0	0	0	0	0	1
Proteus	115	0	0	2	0	0	11	10	0	0	0	138
Protonk	2324	1168	0	70	3	8	156	21	25	0	1	3776
ProveIt	4433	7	0	3	0	0	2	0	0	0	0	4445
Pschemp	2135	247	0	169	29	0	3321	319	0	0	0	6220
Psy guy	110	0	0	10	9	0	181	17	0	0	0	327
Qaz	75	0	0	0	0	0	0	0	0	0	0	75
Quadell	95659	301	0	51	16	3	120	11	1	0	0	96162
Quarl	7973	111	0	22	10	0	37	3	0	0	0	8156
Quell	0	0	0	1	0	0	0	0	0	0	0	1
Quercusrobur	15	2	0	3	2	0	8	0	0	0	0	30
Qwghlm	592	31	0	17	1	0	17	0	0	0	0	658
R'n'B	5218	142	0	12	2	0	4	0	0	0	0	5378
R-Con 9	0	0	0	1	0	0	0	0	0	0	0	1
R. Baley	8	3	0	26	0	11	78	6	0	0	1	133
R. fiend	2822	21	0	19	4	0	56	1	0	0	0	2923
R3m0t	1340	15	0	30	0	0	4	4	0	0	0	1393
RG2	3298	61	0	18	1	0	162	8	0	0	0	3548
RHaworth	42205	2800	0	1984	37	1	453	14	1	0	0	47495
RJFJR	33	1	0	0	0	0	1	0	0	0	0	35
RN	706	132	0	17	15	0	28	7	0	0	0	905
Radiant!	2464	50	0	180	45	0	178	23	0	0	0	2940
RadicalBender	510	8	0	3	0	0	13	0	0	0	0	534
RadioKirk	2676	77	0	164	15	0	1678	74	0	0	0	4684
Ragesoss	354	42	0	5	1	1	6	0	0	0	0	409
Ragib	470	16	0	52	8	2	259	12	0	0	0	819
Raith Sienar	0	0	0	8	0	0	0	0	0	0	0	8
Ral315	2266	121	0	352	28	24	346	49	0	0	2	3188
Ram-Man	834	3	0	16	0	1	25	6	0	0	0	885
Rama	732	9	0	18	10	0	316	13	1	0	0	1099
Rama's Arrow	1202	3	0	46	9	0	200	25	0	0	0	1485
Ramallite	2	0	0	0	0	0	6	0	0	0	0	8
Rambo's Revenge	43	7	0	0	0	1	4	0	1	0	0	56
Ran	193	3	0	7	0	2	87	2	0	0	0	294
Random832	609	127	0	30	11	10	33	8	0	0	7	835
RandomXYZb	2778	36	0	242	19	24	1506	49	8	0	7	4669
Raso mk	0	0	0	1	0	0	0	0	0	0	0	1
RasputinAXP	2198	13	0	28	5	0	84	3	0	0	0	2331
Raul654	1156	104	0	1701	504	42	2492	226	4	148	61	6438
Raven4x4x	407	2	0	3	0	0	200	1	0	0	1	614
Raymolayenie	0	0	0	1	0	0	0	0	0	0	0	1
Raymond arritt	874	2	0	32	8	5	344	21	0	0	0	1286
Rbrwr	346	2	0	0	0	0	1	0	0	0	0	349
Rd232	1275	4	0	5	2	9	40	1	1	0	0	1337
Rdsmith4	3181	65	0	138	61	0	594	269	2	870	87	5267
Rebecca	2211	69	0	32	3	2	138	71	0	0	0	2526
Recurring dreams	6	0	0	1	0	0	21	1	0	0	0	29
RedWolf	14622	50	0	0	0	0	3	0	0	0	0	14675
RedWordSmith	240	11	0	13	20	0	20	1	0	0	0	305
RedirectCleanupBot	4377	0	0	0	0	0	0	0	0	0	0	4377
Redux	196	12	0	24	7	0	48	1	0	131	83	502
Redvers	16797	155	0	856	27	16	1936	201	305	0	0	20293
Redwolf24	1943	48	0	50	25	0	208	45	0	0	0	2319
Reedy	1091	30	0	36	13	13	40	11	0	0	9	1243
Refdoc	61	5	0	11	4	0	28	5	0	0	0	114
Reflex Reaction	511	14	0	1	2	0	6	0	0	0	0	534
RegentsPark	295	7	0	94	10	27	87	0	2	0	0	522
Remember the dot	814	11	0	26	2	7	17	1	0	0	13	891
Renata3	4646	31	0	14	2	0	60	4	0	0	0	4757
Renesis	148	0	0	25	1	0	19	6	0	0	0	199
Resolute	1181	18	0	21	2	1	38	1	0	0	0	1262
Retired username	12142	239	0	115	33	8	206	14	0	0	2	12759
RetiredUser2	376	88	0	25	15	0	12	6	0	0	0	522
Rettetast	20373	60	0	15	3	2	403	6	1	0	13	20876
Revolving Bugbear	102	7	0	5	1	0	25	11	0	0	0	151
RexNL	2299	11	0	153	11	9	4191	66	15	0	0	6755
ReyBrujo	951	36	0	101	29	5	138	2	0	0	0	1262
Rfl	364	39	0	0	0	0	0	0	0	0	0	403
Rhobite	719	15	0	67	26	0	617	47	0	0	0	1491
Rholton	277	3	0	8	1	0	22	3	0	0	0	314
Riana	14011	149	0	1042	108	105	2424	192	1	0	16	18048
Rich Farmbrough	2601	186	0	64	28	9	215	28	2	0	1	3134
Richardcavell	433	8	0	29	9	1	73	2	0	0	0	555
Richardshusr	922	38	0	49	23	12	14	3	0	0	0	1061
Rick Block	630	3	0	3	1	0	65	2	0	0	0	704
RickK	2466	14	0	53	5	0	651	26	0	0	0	3215
Ricky81682	4077	22	0	32	59	20	130	15	8	0	0	4363
Rifleman 82	375	39	0	30	9	5	107	6	3	0	3	577
Rigadoun	206	6	0	2	1	0	2	1	0	0	0	218
Risker	489	49	123	111	31	73	168	13	27	0	2	1086
Rjanag	425	9	0	33	2	0	53	4	7	0	1	534
Rjd0060	15031	363	0	608	41	91	1136	126	59	0	25	17480
Rje	1193	8	0	93	171	0	315	5	0	0	0	1785
Rkitko	508	45	0	11	2	1	10	1	0	0	0	578
Rklawton	875	14	0	25	2	2	477	15	10	0	0	1420
Rlandmann	1057	68	0	23	3	0	44	3	0	0	0	1198
Rlevse	1361	59	8	138	17	27	2702	157	8	544	82	5103
Rlquall	4	1	0	0	0	0	1	1	0	0	0	7
Rmhermen	2043	14	0	25	7	3	55	0	0	0	0	2147
Roadrunner	0	0	0	0	0	0	5	0	0	0	0	5
RobH	0	0	0	0	0	0	0	0	0	1	0	1
RobLa	2	1	0	0	0	0	0	0	0	0	0	3
Robchurch	714	11	0	6	4	0	83	12	0	0	0	830
Robdurbar	1591	72	0	147	84	0	112	25	0	0	0	2031
Robert Merkel	0	1	0	0	0	0	5	4	0	0	0	10
RobertG	6037	23	0	39	5	1	380	23	0	0	1	6509
Robin Patterson	0	0	0	0	0	0	1	0	0	0	0	1
Robth	3830	187	0	5	3	0	10	0	0	0	0	4035
RobyWayne	122	0	0	0	0	0	14	0	0	0	0	136
RockMFR	1960	169	0	170	36	21	292	5	0	0	1	2654
Rockero	77	1	0	5	2	0	13	0	0	0	0	98
Rockpocket	452	16	0	26	9	4	137	15	0	0	1	660
Rocky Road	0	0	0	1	0	0	0	0	0	0	0	1
Rodhullandemu	877	51	0	651	25	118	2119	99	57	0	9	4006
Roger Davies	433	21	11	8	2	3	41	14	2	0	2	537
Rogerd	578	11	0	24	5	0	138	1	0	0	0	757
Ronline	62	3	0	6	9	0	11	1	0	0	0	92
Ronnotel	18	2	0	42	9	6	86	24	1	0	1	189
Rootology	149	4	0	135	4	41	89	3	12	0	1	438
Roozbeh	152	2	0	27	7	0	8	1	0	0	0	197
Rosiestep	2	2	0	2	2	0	0	0	0	0	2	10
Rossami	1005	466	0	36	9	1	229	2	0	0	0	1748
RoyBoy	116	2	0	34	2	1	610	13	0	0	0	778
RoySmith	343	10	0	28	5	0	230	10	1	0	0	627
Royalbroil	893	21	0	66	22	5	47	3	0	0	0	1057
Royalguard11	1825	32	0	267	378	28	179	19	0	0	0	2728
Royboycrashfan	6095	107	0	73	0	0	386	22	0	0	0	6683
Rschen7754	1048	52	0	339	5	9	441	50	7	0	7	1958
Rspeer	109	3	0	15	1	0	89	11	0	0	0	228
Ruhrfisch	230	11	0	42	4	1	48	4	4	0	1	345
Runcorn	72	4	0	5	2	0	143	79	0	0	0	305
Rune.welsh	819	5	0	28	7	0	33	1	0	0	0	893
Runningonbrains	169	5	0	8	2	2	24	2	4	0	0	216
Ruslik0	1634	10	0	149	14	39	170	4	6	0	25	2051
Ruud Koot	1253	74	0	67	16	4	310	61	1	0	1	1787
Rwiggum	0	0	0	1	0	0	0	0	0	0	0	1
RxS	727	1	0	7	3	2	458	10	0	0	0	1208
Ryan Postlethwaite	1337	91	0	266	52	61	1337	148	12	0	57	3361
RyanGerbil10	3623	18	0	46	4	2	190	11	0	0	2	3896
Ryulong	10729	212	0	1213	49	77	6278	615	62	0	2	19237
S@bre	12	2	0	0	0	1	1	0	0	0	0	16
SB Johnny	34	2	0	10	0	4	9	0	0	0	0	59
SCEhardt	5235	50	0	12	0	0	304	3	0	0	0	5604
SCZenz	447	17	0	17	21	5	149	26	0	0	0	682
SD6-Agent	1	0	0	0	0	0	0	0	0	0	0	1
SGGH	1865	30	0	18	5	0	688	26	1	0	2	2635
SQL	2451	46	0	372	10	66	262	124	0	0	34	3365
ST47	37691	4965	0	229	74	89	5847	2327	2	0	3	51227
SWAdair	1600	7	0	49	1	0	38	1	0	0	0	1696
Sabine's Sunbird	19	0	0	6	0	2	0	0	0	0	0	27
Sadalmelik	0	0	0	1	0	0	0	0	0	0	0	1
Sade	148	5	0	3	0	0	1	2	0	0	0	159
Salix alba	111	7	0	7	4	4	6	0	0	0	0	139
Sam	102	21	0	22	4	0	22	0	0	0	2	173
Sam Blacketer	2387	15	0	45	8	2	193	33	1	0	1	2685
Sam Hocevar	6	7	0	0	0	0	1	2	0	0	0	16
Sam Korn	1014	21	6	65	10	13	974	76	4	0	13	2196
Sam Vimes	41	5	0	0	0	0	34	0	0	0	0	80
Samir	2481	94	0	255	132	7	444	55	0	0	2	3470
Samotnik	0	0	0	2	0	0	0	0	0	0	0	2
Samsara	36	21	0	73	4	2	63	33	0	0	0	232
Samuel Blanning	1742	97	0	157	65	0	1197	170	0	0	0	3428
Samulili	2	0	0	0	0	0	1	0	0	0	0	3
Sanchom	233	3	0	4	1	0	58	8	0	0	0	307
Sandahl	7646	90	0	351	8	8	3466	65	9	0	2	11645
Sandstein	6078	68	0	393	23	13	984	199	25	0	3	7786
Sango123	4193	11	0	41	3	0	1567	66	0	0	0	5881
Sannse	882	30	0	19	10	0	57	35	0	0	0	1033
Sarah	2552	132	0	124	38	4	443	106	0	0	37	3436
Saravask	385	15	0	27	15	10	78	13	0	0	0	543
Sardanaphalus	0	0	0	7	0	0	0	0	0	0	0	7
SarekOfVulcan	715	43	0	38	5	6	91	15	12	0	0	925
Sasquatch	1915	25	0	83	25	1	677	104	0	0	1	2831
Sassygurl192	0	0	0	2	0	0	0	0	0	0	0	2
Satori Son	1371	49	0	181	11	2	487	14	5	0	1	2121
SatyrTN	2024	17	0	18	8	4	36	7	0	0	0	2114
Savidan	58	3	0	13	5	0	2	0	0	0	0	81
Saxifrage	292	2	0	10	4	0	13	0	0	0	0	321
Scarian	650	23	0	179	3	22	1014	65	4	0	5	1965
Sceptre	1628	92	0	81	8	0	518	89	0	0	0	2416
Schissel	11	0	0	1	0	0	2	2	0	0	0	16
Schneelocke	28	3	0	15	2	0	11	2	0	0	0	61
SchuminWeb	8833	199	0	88	10	5	314	4	6	0	0	9459
Schutz	823	3	0	3	0	0	2	0	0	0	0	831
Scientizzle	2730	54	0	172	16	4	905	30	1	0	1	3913
Scimitar	192	3	0	9	3	0	97	4	0	0	0	308
Scipius	0	0	0	0	0	0	1	0	0	0	0	1
Scjessey	0	0	0	1	0	0	0	0	0	0	0	1
Scm83x	229	5	0	6	1	0	37	2	0	0	0	280
Scorpion0422	0	0	0	1	0	0	0	0	0	0	0	1
Scott Burley	842	1	0	11	1	0	33	3	0	0	0	891
Scott5114	1189	6	0	119	5	0	29	5	0	0	1	1354
ScottDavis	301	36	0	9	5	0	37	4	0	0	0	392
Seabhcan	193	3	0	5	2	0	27	2	0	0	0	232
Sean Whitton	374	16	0	18	7	0	52	3	0	0	2	472
Sean William	868	45	0	109	8	4	414	35	0	0	2	1485
Searchme	147	0	0	0	0	0	11	0	0	0	0	158
Seattle Skier	285	7	0	8	0	0	21	1	0	0	0	322
SebastianHelm	53	9	0	6	2	2	3	4	0	0	0	79
Sebastiankessel	2	2	0	8	4	0	38	1	0	0	0	55
Secret	3915	43	0	95	6	7	182	12	1	0	16	4277
Secretlondon	427	6	0	2	0	0	420	8	0	849	12	1724
Seddon	68	2	0	14	1	2	44	2	3	0	5	141
Seglea	188	3	0	1	0	0	0	0	0	0	0	192
Seicer	1867	43	0	335	37	47	707	48	12	0	0	3096
Selket	1184	8	0	19	3	2	212	16	0	0	0	1444
Sephiroth BCR	909	17	0	36	6	1	321	7	0	0	0	1297
Seraphim	404	35	0	40	9	11	135	22	1	0	3	660
Seraphimblade	2214	13	0	35	9	2	641	45	0	0	2	2961
Seresin	2453	80	0	177	8	28	159	1	3	0	5	2914
Sesel	76	4	0	19	12	0	12	0	0	0	0	123
Seth Ilys	343	2	0	7	2	0	5	3	0	0	0	362
Sethant	1	2	0	0	0	0	0	0	0	0	0	3
Sfoskett	11	1	0	1	0	0	0	0	0	0	0	13
Sgeureka	451	20	0	1	0	0	3	1	1	0	0	477
Shadow1	284	13	0	32	4	0	170	27	0	0	0	530
ShamelessAngel	0	0	0	1	0	0	0	0	0	0	0	1
Shanel	4682	76	0	71	17	0	2595	517	0	0	0	7958
Shanes	2429	19	0	89	162	3	1095	24	0	0	0	3821
Shauri	44	0	0	0	1	0	2	0	0	0	0	47
SheffieldSteel	43	5	0	28	2	10	115	17	17	0	0	237
Sheldon Rampton	2	0	0	0	0	0	1	0	0	0	0	3
Shell Kinney	10809	273	0	54	6	3	646	81	2	0	1	11875
Shereth	760	22	0	12	4	1	353	8	0	0	1	1161
Sherool	40501	65	0	18	6	0	18	1	0	0	0	40609
Shii	367	32	0	21	11	0	53	53	0	0	2	539
Shimeru	789	0	0	6	0	0	2	0	0	0	0	797
Shimgray	1211	135	0	143	4	5	31	18	0	0	1	1548
Shirahadasha	171	2	0	10	4	3	55	8	0	0	0	253
Shizhao	1	1	0	1	0	0	0	0	0	0	0	3
Shoeofdeath	841	3	0	7	0	0	98	0	1	0	0	950
Shreshth91	2323	19	0	33	12	0	390	48	0	0	0	2825
Shyam	16920	56	0	19	2	0	57	1	0	0	1	17056
Shyamal	60	3	0	18	2	5	25	2	0	0	3	118
Silence	22	0	0	0	1	0	0	0	0	0	0	23
SilkTork	197	16	0	6	2	5	1	0	0	0	0	227
Silsor	523	6	0	35	41	0	139	137	0	0	0	881
SimonP	5280	55	0	11	275	0	45	2	0	0	0	5668
Singularity	7381	115	0	61	15	2	79	7	0	0	1	7661
Sir Nicholas de Mimsy-Porpington	2143	60	0	84	11	4	814	82	0	0	0	3198
SirFozzie	342	18	0	87	8	35	277	32	0	0	0	799
Siroxo	73	4	0	0	0	0	18	0	0	0	0	95
Sitthisoneout1	0	0	0	1	0	0	0	0	0	0	0	1
Sj	114	161	0	10	9	1	56	8	0	0	0	359
Sjakkalle	4557	374	0	40	28	0	798	65	1	0	0	5863
Sjc	19	0	0	0	0	0	3	0	0	0	0	22
Sjorford	426	34	0	4	5	0	3	0	0	0	0	472
Skier Dude	45907	1990	0	314	7	22	597	1414	3	0	0	50254
Slakr	3789	61	0	272	24	83	9089	95	19	0	14	13446
Slambo	696	18	0	33	0	0	184	5	0	0	0	936
SlimVirgin	1147	285	0	750	390	14	1120	228	0	0	1	3935
Slowking Man	1350	29	0	130	25	1	859	132	0	0	0	2526
Slp1	440	13	0	17	4	1	92	3	2	0	0	572
Slrubenstein	31	1	0	28	6	2	39	10	4	0	0	121
Slumgum	154	1	0	1	0	0	0	0	0	0	0	156
Smalljim	802	7	0	13	2	0	388	7	3	0	0	1222
Smashville	972	5	0	42	2	1	333	16	24	0	0	1395
Smith03	115	4	0	5	0	1	5	68	0	0	0	198
Smith609	141	1	0	2	0	0	3	2	2	0	0	151
SmthManly	519	4	0	32	9	1	51	2	0	0	0	618
Smurrayinchester	67	3	0	10	6	0	17	6	0	0	0	109
Sn0wflake	404	3	0	14	2	0	107	2	0	0	0	532
Snowolf	693	15	0	40	6	2	603	30	2	0	3	1394
Snoyes	95	0	0	1	0	0	40	0	0	0	0	136
SoLando	276	14	0	18	7	0	191	6	0	0	0	512
SoWhy	6690	63	0	649	56	135	244	7	10	0	7	7861
Solid Falcon	0	0	0	2	0	0	0	0	0	0	0	2
Solipsist	78	1	0	136	49	0	108	12	0	0	0	384
Someguy1221	927	10	0	12	3	0	294	1	12	0	1	1260
Somno	705	11	0	13	5	2	13	0	1	0	0	750
SorryGuy	11	2	0	2	2	0	18	2	0	0	0	37
Sortior	1	0	0	0	0	0	0	0	0	0	0	1
Soumyasch	2799	54	0	74	10	3	670	32	0	0	6	3648
SouthernNights	2056	46	0	125	34	10	251	6	4	0	0	2532
Spangineer	262	10	0	16	11	0	94	8	0	0	0	401
Spartaz	2576	136	0	166	28	9	314	76	4	0	7	3316
Spebi	1545	31	0	165	9	26	493	26	0	0	10	2305
Spellcast	7906	417	0	633	7	34	9007	624	111	0	11	18750
Spencer	195	3	0	28	3	4	256	3	0	0	1	493
Spencer195	12	0	0	0	0	0	3	0	0	0	0	15
Spike Wilbury	2489	101	0	18	4	0	136	4	0	0	1	2753
Spinningspark	34	5	0	7	0	2	32	1	2	0	0	83
Splash	8127	317	0	260	758	7	414	136	0	0	1	10020
SpuriousQ	625	1	0	17	1	0	569	5	0	0	0	1218
Srikeit	1840	18	0	86	45	0	387	22	0	0	0	2398
Ssd	1699	2	0	7	1	0	14	0	0	0	0	1723
Staecker	1689	20	0	1	1	0	2	0	0	0	0	1713
Stan Shebs	2649	74	0	1	0	0	25	0	0	1	0	2750
Star Mississippi	2032	54	0	74	4	6	244	8	1	0	0	2423
Starblind	2274	13	0	79	1	1	224	6	1	0	0	2599
Staxringold	174	1	0	0	0	0	30	0	0	0	0	205
Steel	9468	74	0	968	332	23	1189	88	0	0	5	12147
Steinsky	34	0	0	7	2	0	32	1	0	0	0	76
Stemonitis	3606	125	0	9	12	2	37	2	0	0	0	3793
Stephan Schulz	2	0	0	5	1	2	60	3	1	0	0	74
Stephen	6566	81	0	74	1	0	1178	67	7	0	9	7983
Stephen Bain	1745	42	0	85	23	1	95	18	0	0	0	2009
StephenBuxton	257	12	0	28	3	3	188	8	0	0	0	499
Steve Smith	1267	77	0	94	5	15	275	29	5	0	3	1770
SteveSims	0	0	0	1	0	0	0	0	0	0	0	1
Steven Walling	587	3	0	65	1	6	60	3	0	0	0	725
Stevenfruitsmaak	95	10	0	10	0	0	11	0	0	0	0	126
Stevenj	33	1	0	23	0	0	38	1	0	0	0	96
Stevertigo	136	16	0	46	11	0	22	14	0	0	0	245
Stewartadcock	828	0	0	10	3	0	6	1	0	0	0	848
Stifle	17844	458	0	496	53	44	469	63	4	0	35	19466
Stormie	2274	62	0	46	6	3	365	11	0	0	1	2768
StuffOfInterest	173	5	0	29	2	0	104	2	0	0	0	315
Stuffdoing	0	0	0	1	0	0	0	0	0	0	0	1
Stwalkerster	2530	60	0	79	1	7	359	44	3	0	31	3114
Sub619	0	0	0	1	0	0	0	0	0	0	0	1
Sue Anne	499	9	0	0	0	0	1	0	0	0	0	509
Sugarfish	2	2	0	1	1	0	0	0	0	0	0	6
Sundar	39	13	0	0	0	1	6	3	0	0	0	62
Superm401	253	24	0	21	22	23	47	12	0	0	0	402
Sverdrup	501	4	0	1	2	0	2	2	0	0	0	512
Swatjester	946	30	0	181	16	29	375	49	0	0	5	1631
Syrthiss	2728	40	0	158	24	2	1591	72	24	0	0	4639
TFOWR	0	0	0	2	0	0	0	0	0	0	0	2
TKD	2746	150	0	75	17	19	315	30	3	0	3	3358
TPK	62	0	0	0	0	0	0	0	0	0	0	62
TSO1D	89	1	0	34	8	2	21	2	0	0	0	157
TShilo12	59	4	0	7	2	0	5	2	0	0	0	79
TUF-KAT	542	39	0	0	0	0	12	1	0	0	0	594
Ta bu shi da yu	1396	57	0	88	47	0	171	56	0	0	0	1815
Tabercil	300	14	0	50	6	1	175	4	1	0	0	551
Tadakuni	9	0	0	0	0	0	0	0	0	0	0	9
Talrias	255	8	0	23	14	0	82	17	0	0	0	399
Tango	341	2	0	4	2	0	75	4	0	0	0	428
Tangotango	1509	28	0	23	1	1	621	17	0	0	0	2200
Tanner-Christopher	9	0	0	12	0	4	1	1	0	0	0	27
Tannin	57	2	0	1	0	0	22	1	0	0	0	83
Tanthalas39	2069	22	0	924	37	133	2722	55	20	0	2	5984
Tariqabjotu	302	26	0	813	86	37	433	73	1	0	0	1771
Tassedethe	839	38	0	0	0	0	0	0	0	0	0	877
Taw	87	17	0	0	2	0	0	0	0	0	0	106
Tawker	4353	51	0	281	18	12	1753	349	0	0	9	6826
Taxman	246	18	1	15	10	0	175	12	0	33	202	712
Tbo 157	30	2	0	3	1	0	24	6	0	0	0	66
TeaDrinker	1699	18	0	16	1	2	243	4	1	0	1	1985
Tedder	28	0	0	47	5	16	12	2	0	0	1	111
TenOfAllTrades	398	14	0	62	5	6	512	40	5	0	1	1043
TerriersFan	1344	52	0	151	12	9	240	10	2	0	0	1820
Terrillja	0	0	0	1	0	0	0	0	0	0	0	1
TexasAndroid	18718	470	0	348	41	11	634	37	0	0	1	20260
Texture	450	10	0	1	1	0	34	1	0	0	0	497
ThaddeusB	93	1	0	0	0	0	0	0	0	0	0	94
Thatcher	2731	111	6	237	59	27	2933	327	21	0	30	6482
Thatcher131	0	1	0	0	0	0	0	0	0	0	0	1
Thatislifeandlove	0	0	0	2	0	0	0	0	0	0	0	2
The Anome	3119	73	0	327	33	21	3872	181	50	0	2	7678
The Cunctator	7	50	0	5	17	0	11	6	0	0	0	96
The Epopt	3283	41	0	27	2	0	44	12	0	0	0	3409
The JPS	7423	35	0	169	20	9	354	12	0	0	0	8022
The Land	454	6	0	12	5	0	96	13	0	0	0	586
The Placebo Effect	366	12	0	38	8	6	27	4	0	0	2	463
The Rambling Man	3118	8	0	61	3	4	704	6	0	198	24	4126
The Random Editor	88	0	0	21	0	0	39	1	0	0	0	149
The Singing Badger	25	0	0	0	0	0	2	0	0	0	0	27
The Tom	136	12	0	40	12	0	4	0	0	0	0	204
The Transhumanist	0	0	0	3	0	0	0	0	0	0	0	3
The undertow	809	10	0	38	9	4	112	7	0	0	4	993
The wub	6374	25	0	26	5	0	170	8	0	0	2	6610
The-G-Unit-Boss	1409	5	0	102	3	12	24	0	0	0	0	1555
TheCoffee	29290	42	0	18	13	0	26	1	1	0	0	29391
TheCustomOfLife	43	0	0	6	1	0	3	0	0	0	0	53
TheDJ	14	2	0	1	0	1	0	0	0	0	0	18
TheParanoidOne	12440	29	0	0	0	0	0	0	0	0	0	12469
TheProject	2160	13	0	21	8	0	67	3	0	0	0	2272
Thedemonhog	19	0	0	0	0	1	0	0	0	0	2	22
Thehelpfulone	628	20	0	221	8	42	133	7	15	0	7	1081
TheoClarke	269	17	0	0	1	0	17	2	0	0	0	306
Therequiembellishere	0	0	0	1	0	0	0	0	0	0	0	1
Theresa knott	1740	50	0	237	57	15	1476	231	0	0	0	3806
Thespian	2	1	0	4	0	0	2	1	0	0	0	10
Thingg	3524	42	0	58	3	10	440	7	8	0	5	4097
Thorpe	319	4	0	10	2	1	22	4	0	0	0	362
Thryduulf	765	51	0	70	41	1	54	12	1	0	0	995
Thue	8060	32	0	27	8	0	370	37	1	0	0	8535
Thunderboltz	607	28	0	13	6	0	79	0	0	0	0	733
Thunderbrand	3589	9	0	3	2	0	39	2	0	0	0	3644
TigerShark	1142	55	0	40	11	3	1019	43	0	0	0	2313
Tijuana Brass	2988	48	0	33	4	0	99	10	0	0	0	3182
Tikiwont	5467	629	0	66	14	0	415	8	10	0	0	6609
Tillwe	45	0	0	0	0	0	3	0	0	0	0	48
Tim Ivorson	8	4	0	1	0	0	0	0	0	0	0	13
Tim Starling	42	11	1	7	3	0	15	23	0	5	0	107
Tim!	849	27	0	4	3	0	46	2	0	0	0	931
TimVickers	1178	41	0	188	14	70	812	28	5	0	3	2339
Timc	35	1	0	0	1	0	2	0	0	0	0	39
Timichal	1	17	0	0	0	0	0	0	0	0	0	18
Timrollpickering	344	2	0	22	3	7	6	0	0	0	0	384
Timwi	336	17	0	3	6	0	0	0	0	0	0	362
Tinselfairy1	0	0	0	2	0	0	0	0	0	0	0	2
Tiptoety	5763	145	0	1113	990	238	4121	216	270	0	205	13061
Titoxd	2934	419	0	106	42	3	1559	366	0	0	5	5434
Tivedshambo	1816	24	0	29	2	2	572	9	11	0	18	2483
Tizio	1866	51	0	20	31	0	21	1	0	0	0	1990
Tkinias	3	0	0	0	0	0	0	0	0	0	0	3
Tnxman307	3495	22	0	69	1	2	1463	6	14	0	2	5074
Toby Bartels	20	145	0	1	3	0	0	1	0	0	0	170
Toddst1	5048	76	0	563	35	42	5032	219	81	0	15	11111
Tom	1373	30	0	33	11	5	82	1	0	0	0	1535
Tom harrison	3098	136	0	348	112	22	1773	102	2	0	0	5593
Tom-	37	3	0	8	3	0	4	0	0	0	0	55
TomStar81	269	4	0	44	6	3	39	2	0	0	0	367
TomTheHand	97	54	0	0	2	0	61	8	0	0	0	222
Tompagenet	5	0	0	0	0	0	0	0	0	0	0	5
Tone	15752	161	0	39	3	5	132	0	0	0	0	16092
Tony Fox	1257	7	0	58	2	6	496	10	6	0	0	1842
Tony Sidaway	1039	403	0	359	596	0	357	124	0	0	0	2878
Tonywalton	3121	9	0	33	4	6	325	23	15	0	2	3538
Toon05	953	51	0	42	4	4	138	5	16	0	2	1215
Topbanana	263	4	0	1	0	1	2	0	0	0	0	271
Tra	115	11	0	37	5	0	5	0	0	0	0	173
TravisTX	889	14	0	64	3	11	225	42	35	0	5	1288
Trebor	294	3	0	75	26	0	83	7	0	0	0	488
Tregoweth	4330	57	0	140	18	0	890	40	0	0	0	5475
Trevor MacInnis	1839	148	0	129	5	18	455	11	2	0	0	2607
Trevor Parscal	1	0	0	0	0	0	0	0	0	0	0	1
Trialsanderrors	652	290	0	52	60	0	20	2	0	0	0	1076
Triddle	5	0	0	3	2	0	4	0	0	0	0	14
Trilobite	514	1	0	3	3	0	63	6	0	0	0	590
Tristanb	5	7	0	0	0	0	0	0	0	0	0	12
Troy 07	0	0	0	1	0	0	0	0	0	0	0	1
Trusilver	754	11	0	52	1	4	1092	33	3	0	1	1951
Trödel	171	22	0	6	2	0	55	12	0	0	0	268
Turnstep	786	8	0	2	0	0	1	0	0	0	0	797
TwinsMetsFan	339	17	0	0	1	0	13	0	0	0	0	370
Typesships	0	0	0	1	0	0	0	0	0	0	0	1
Tyrenius	2440	58	0	49	11	2	243	31	0	0	6	2840
Tznkai	215	4	0	75	7	16	114	16	4	0	1	452
UberScienceNerd	165	2	0	0	0	0	69	0	0	0	0	236
Ugen64	1036	27	0	33	6	1	174	22	0	0	0	1299
UkPaolo	1439	57	0	15	5	0	131	3	0	0	0	1650
Ultraexactzz	2369	60	0	52	4	4	386	52	0	0	2	2929
Uncle G	1822	199	0	27	0	2	138	1	0	0	0	2189
UninvitedCompany	1541	40	0	57	27	0	119	33	0	8	39	1864
Urhixidur	386	21	0	2	0	0	8	0	0	0	0	417
Useight	1260	17	0	32	3	4	330	7	0	0	6	1659
User2004	117	2	0	16	6	0	124	27	0	0	0	292
Utcursch	6541	154	0	76	4	9	2184	18	1	0	0	8987
UtherSRG	5414	90	0	53	8	2	708	19	0	0	0	6294
Vague Rant	25	4	0	0	2	0	4	1	0	0	0	36
Valley2city	301	5	0	10	4	1	80	0	6	0	3	410
VampWillow	388	1	0	30	8	0	12	3	0	0	0	442
Vancouverguy	935	0	0	0	0	0	0	0	0	0	0	935
Vanished user	166	16	0	29	8	2	105	14	0	0	0	340
Vaoverland	43	2	0	0	0	0	17	0	0	0	0	62
Vary	641	55	0	33	4	2	197	9	1	0	0	942
Vassyana	587	14	29	24	4	2	91	29	0	0	0	780
VegaDark	10894	282	0	162	149	104	744	320	1	0	0	12656
Vegaswikian	8983	39	0	65	3	4	22	1	0	0	0	9117
Veinor	2134	18	0	33	4	1	339	24	0	0	0	2553
Verrai	748	5	0	14	6	0	69	2	1	0	0	845
Versageek	2976	24	0	98	1	14	544	13	15	0	5	3690
Viajero	52	4	0	10	9	0	15	4	0	0	0	94
Vianello	707	6	0	14	1	2	57	2	3	0	0	792
Vicky Lee	0	0	0	1	0	0	0	0	0	0	0	1
Victuallers	62	4	0	184	2	9	4	0	0	0	0	265
Violetriga	1640	119	0	79	33	0	131	43	0	0	0	2045
Viridae	963	94	0	84	34	23	521	80	9	0	17	1825
VirtualSteve	1765	40	0	360	22	33	1365	33	25	0	7	3650
Vishal	1	0	0	5	3	0	0	0	0	0	0	9
Visorstuff	6	1	0	4	1	0	0	0	0	0	0	12
Visviva	51	0	0	3	1	0	3	1	0	0	0	59
Voice of All	5632	82	1	487	2115	6	1046	107	0	0	6	9482
Vsmith	1226	3	0	99	9	14	4249	24	7	0	0	5631
Vulcan Hephaestus	0	0	0	4	0	0	0	0	0	0	0	4
WAvegetarian	270	20	0	8	3	0	69	6	0	0	0	376
WJBscribe	9240	210	0	393	495	40	2620	162	0	2503	144	15807
WODUP	2280	35	0	85	3	10	659	57	5	0	10	3144
Wadester16	229	0	0	0	0	4	3	1	0	0	15	252
Wafulz	5363	94	0	154	11	9	1297	44	0	0	0	6972
Waggers	871	2	0	46	1	2	1087	8	0	0	0	2017
Walter	0	0	0	0	0	0	1	0	0	0	0	1
Walton One	842	19	0	3	3	0	25	2	0	0	0	894
Waltpohl	29	0	0	2	0	0	0	0	0	0	0	31
Wangi	821	44	0	23	21	2	387	22	0	0	0	1320
Wapcaplet	2	0	0	0	0	0	0	0	0	0	0	2
Warofdreams	992	24	0	5	1	1	27	1	0	257	121	1429
Wassupwestcoast	219	22	0	14	5	2	14	2	0	0	0	278
Water Bottle	282	22	0	2	0	0	30	3	0	0	0	339
Wayward	1420	1	0	2	2	0	695	30	0	0	0	2150
Wee Jas	0	0	0	1	0	0	0	0	0	0	0	1
Wehwalt	339	4	0	18	8	12	48	4	5	0	4	442
Werdna	361	9	0	35	1	4	74	24	4	0	7	519
Werdna648	0	0	0	1	0	0	0	0	0	0	0	1
WereSpielChequers	2397	12	0	10	0	0	50	0	1	0	0	2470
Wernher	49	0	0	0	0	0	1	0	0	0	0	50
Wesley	0	1	0	0	0	0	2	0	0	0	0	3
Wgfinley	159	5	0	9	1	0	19	10	0	0	0	203
Where	412	4	0	0	0	0	81	11	0	0	0	508
WhisperToMe	343	163	0	51	6	2	29	4	0	0	0	598
Who	1298	5	0	15	9	0	456	98	0	0	0	1881
Whouk	511	6	0	1	1	0	13	0	0	0	0	532
Wickethewok	2732	44	0	18	0	0	61	2	0	0	0	2857
Wiglaf	48	3	0	4	1	0	26	6	0	0	0	88
Wiki alf	1876	18	0	59	27	0	1503	32	5	0	0	3520
WikiLeon	525	18	0	110	20	2	536	61	10	0	5	1287
Wikiacc	779	31	0	7	5	0	31	8	0	0	0	861
Wikibofh	246	7	0	42	48	0	784	37	0	0	0	1164
Wile E. Heresiarch	618	1	0	1	0	0	25	0	0	0	0	645
Wilfried Derksen	75	7	0	13	5	0	2	0	0	0	0	102
Will Beback	791	102	0	396	117	24	1478	105	8	0	2	3023
William M. Connolley	510	18	0	160	27	25	1962	219	23	0	0	2944
William Pietri	450	4	0	1	0	0	10	0	0	0	0	465
WilliamH	242	4	0	23	2	0	108	1	3	0	16	399
WilyD	1568	51	0	25	2	8	175	15	1	0	1	1846
Wimt	621	30	0	59	8	2	917	21	0	0	12	1670
Winhunter	7234	71	0	287	50	4	1343	252	0	0	2	9243
Wissel Wall	0	0	0	1	0	0	0	0	0	0	0	1
Wizardman	12632	104	38	510	14	20	297	11	3	0	6	13635
Wknight94	15286	341	0	701	182	79	7542	184	14	0	5	24334
Wneedham02	0	0	0	1	0	0	0	0	0	0	0	1
Woggly	167	7	0	12	0	0	75	14	0	0	0	275
Woody	4330	57	0	160	10	20	173	34	4	0	7	4795
Woohookitty	7618	150	0	502	474	5	1257	171	0	0	2	10179
Woooooooooop	0	0	0	1	0	0	0	0	0	0	0	1
Worldtraveller	215	0	0	4	4	0	19	2	0	0	0	244
Wouterstomp	18	0	0	0	0	0	0	0	0	0	0	18
Wpedzich	4	0	0	0	0	0	0	0	0	0	0	4
Wrp103	1	0	0	0	0	0	111	0	0	0	0	112
Wtmitchell	18	0	0	3	1	0	5	0	2	0	0	29
Wwoods	128	13	0	81	4	9	53	0	0	0	0	288
Wwwwolf	2622	26	0	39	5	0	5	1	0	0	0	2698
X!	1754	39	0	50	15	9	172	32	6	0	16	2093
XDanielx	65	4	0	0	0	0	0	0	0	0	0	69
XJamRastafire	7	0	0	5	3	0	0	0	0	0	0	15
Xaosflux	7808	308	0	612	287	251	852	83	31	0	12	10244
Xavexgoem	374	22	0	44	8	8	107	8	3	0	2	576
Xdamr	529	7	0	2	0	0	2	0	0	0	0	540
Xeno	8331	504	0	266	190	402	927	212	61	0	42	10935
Xezbeth	7271	82	0	53	10	0	378	6	0	0	0	7800
Xiner	210	4	0	10	1	0	72	4	0	0	0	301
Xnuala	62	0	0	0	0	0	3	1	0	0	0	66
Xoloz	7424	810	0	211	56	1	70	6	0	0	0	8578
Xy7	2053	45	0	149	42	7	2329	203	0	0	0	4828
Xymmax	667	41	0	112	11	25	70	2	3	0	4	935
Y	2284	48	0	51	10	6	90	5	0	0	0	2494
Y0u	345	0	0	0	0	0	13	2	0	0	0	360
Yamamoto Ichiro	1123	19	0	218	21	17	1563	35	9	0	67	3072
Yamla	3561	27	0	1223	59	15	4159	980	0	0	0	10024
Yandman	304	2	0	16	1	2	134	8	0	0	0	467
Yanksox	2711	57	0	113	30	0	228	20	0	0	0	3159
Yann	2	0	0	0	0	0	0	0	0	0	0	2
Yannismarou	294	2	0	18	6	1	47	1	0	0	1	370
YellowMonkey	8787	219	1	567	94	52	1909	158	14	0	5	11806
Yelyos	43	0	0	1	1	0	8	1	0	0	0	54
Yet Another Redirect Cleanup Bot	573	0	0	0	0	0	0	0	0	0	0	573
Ynhockey	139	3	0	5	1	0	4	0	0	0	0	152
Yomangani	1125	9	0	36	8	0	31	2	0	0	0	1211
Yonatan	255	54	0	10	9	6	85	9	0	0	2	430
Youngamerican	1184	46	0	55	23	2	33	2	0	0	0	1345
Zanimum	1370	59	0	56	17	0	119	12	0	0	0	1633
Zedla	873	6	0	32	2	2	122	9	0	0	0	1046
Zemaiteska	0	0	0	1	0	0	0	0	0	0	0	1
Zero0000	100	3	0	9	3	0	27	2	0	0	0	144
ZimZalaBim	2604	19	0	58	8	0	139	2	0	0	0	2830
Zippy	13	8	0	5	2	4	35	6	0	0	0	73
Zocky	259	17	0	21	8	0	21	8	0	0	0	334
Zoe	5859	83	0	244	12	0	1240	99	0	0	0	7537
Zoicon5	33	0	0	0	0	0	0	0	0	0	0	33
Zoney	20	11	0	3	2	0	1	1	0	0	0	38
Zscout370	10329	244	0	305	59	21	588	92	0	0	2	11640
Zsinj	2375	11	0	38	2	0	440	39	0	0	0	2905
Zzuuzz	4878	174	0	954	1174	540	7603	525	164	0	14	16026
Zzyzx11	9068	301	0	1202	562	12	369	53	5	0	2	11574
^demon	28607	181	0	40	7	3	74	11	1	0	1	28925
Ævar Arnfjörð Bjarmason	213	3	0	1	0	0	7	2	0	0	0	226
Ø	0	0	0	2	0	0	0	0	0	0	0	2
èªç±åå¤	0	0	0	1	0	0	0	0	0	0	0	1
ï¾	0	0	0	2	0	0	0	0	0	0	0	2
Totals	5842834	113023	665	179642	39330	15672	885070	76350	10854	12574	7787	7183801
