User	DL	UD	RD	PT	UP	PM	BL	UB	BM	UR	RM	Total
(aeropagitica)	11928	38	0	50	2	0	1733	42	0	0	0	13793
172	16	0	0	23	7	0	52	40	0	0	0	138
17Drew	317	1	0	2	0	0	37	1	0	0	0	358
23skidoo	537	8	0	32	6	0	131	13	0	0	0	727
2over0	28	2	0	3	0	2	1	0	0	0	0	36
52 Pickup	104	3	0	6	1	0	73	6	0	0	0	193
@pple	527	51	0	4	1	0	66	9	0	0	0	658
A Man In Black	3052	63	0	164	24	1	179	34	0	0	0	3517
A Train	237	6	0	19	4	0	51	2	2	0	0	321
A. B.	121	587	0	100	2	4	238	32	6	0	0	1090
AA	494	5	0	2	1	0	11	2	0	0	0	515
ABCD	3138	29	0	432	27	0	62	41	0	0	2	3731
AGK	1728	121	0	244	60	56	576	83	3	0	63	2934
AKeen	9	5	0	8	0	2	0	0	0	0	0	24
AQu01rius	298	2	0	12	5	0	41	0	0	0	0	358
AZT2008	0	0	0	1	0	0	0	0	0	0	0	1
Aarktica	207	2	0	1	0	0	2	1	0	0	0	213
Aaron Brenneman	1030	25	0	41	81	1	136	13	0	0	0	1327
Abecedare	169	4	0	30	1	9	120	4	8	0	1	346
Academic Challenger	19760	38	0	183	34	0	2663	21	5	0	0	22704
Acalamari	5880	69	0	2867	71	187	1275	112	13	0	822	11296
Accounting4Taste	23460	52	0	331	12	2	84	0	1	0	3	23945
Acetic Acid	65	3	0	7	2	0	66	9	0	0	0	152
Acropolis now	0	0	0	3	0	0	0	0	0	0	0	3
Acroterion	24198	55	0	500	18	18	1990	44	61	0	12	26896
Adam Bishop	3638	17	0	45	13	2	121	22	0	0	1	3859
Adambiswanger1	75	0	0	15	4	0	48	1	0	0	0	143
Adambro	1629	15	0	35	1	3	151	6	3	0	4	1847
Adashiel	362	51	0	51	33	1	369	29	0	0	0	896
Addshore	556	7	0	3	1	2	183	7	4	0	5	768
AdjustShift	164	0	0	17	1	1	551	2	29	0	2	767
Admiral Norton	380	6	0	6	0	0	6	0	0	0	2	400
Admrboltz	2754	4	0	27	15	0	101	11	0	0	2	2914
Aecis	3805	39	0	91	5	0	163	3	0	0	0	4106
Aervanath	1890	301	0	43	5	6	51	10	2	0	0	2308
After Midnight	31768	186	0	32	6	0	58	6	0	0	0	32056
Agathoclea	1130	52	0	51	5	4	167	16	1	0	1	1427
Ahoerstemeier	13552	107	0	43	5	1	1999	11	2	0	0	15720
Ais523	299	16	0	16	3	0	8	6	0	0	0	348
Aitias	3438	68	0	224	18	298	1224	78	51	0	74	5473
Akhilleus	856	4	0	43	3	4	427	30	1	0	0	1368
Akradecki	5185	53	0	168	3	3	304	22	31	0	0	5769
Aksi great	1926	12	0	26	8	1	591	30	0	0	0	2594
Al Ameer son	28	3	0	7	2	3	6	1	0	0	1	51
Alai	1393	17	0	10	3	0	42	3	0	0	0	1468
AlainV	1	0	0	0	0	0	0	0	0	0	0	1
Alasdair	547	3	0	11	1	0	226	11	1	0	0	800
Aldux	109	1	0	170	35	0	201	18	0	0	0	534
Ale jrb	1249	5	0	3	1	0	215	1	1	0	2	1477
Alex Bakharev	1732	152	0	482	46	49	1779	181	5	0	0	4426
Alex S	34	4	0	0	0	0	0	0	0	0	0	38
Alex.muller	549	24	0	22	1	1	306	15	0	0	11	929
Alex756	2	0	0	0	0	0	0	0	0	0	0	2
Alexf	15246	93	0	288	10	60	4396	39	7	0	0	20139
AlexiusHoratius	6	0	0	112	5	37	176	0	2	0	0	338
Alhutch	621	3	0	15	6	0	175	9	0	0	0	829
Alison	2403	129	132	1126	199	134	4843	339	20	0	64	9389
AlisonW	488	11	0	56	5	2	125	10	0	0	0	697
AlistairMcMillan	208	16	0	16	1	0	61	3	0	0	0	305
AliveFreeHappy	192	1	0	2	0	0	2	0	0	0	0	197
Alkivar	2396	136	0	252	27	9	470	41	0	0	0	3331
Allen3	11003	52	0	195	51	13	131	5	0	0	1	11451
AllyUnion	1913	26	0	98	11	0	38	11	0	0	0	2097
Alphachimp	6552	108	0	292	146	1	3924	117	2	0	0	11142
Altenmann	5020	260	0	274	63	16	1251	99	4	0	0	6987
Alteripse	2	0	0	2	1	0	13	1	0	0	0	19
Alvestrand	456	29	0	6	4	0	53	4	1	0	0	553
Amalas	1220	2	0	4	52	0	0	0	0	0	0	1278
Amalthea	2434	66	0	55	12	5	75	12	13	0	13	2685
Amberrock	545	7	0	19	3	0	115	9	0	0	0	698
Amcaja	54	3	0	0	1	0	58	2	0	0	0	118
Ameliorate!	390	6	0	46	3	2	126	8	1	0	2	584
AmiDaniel	2801	138	0	165	44	2	749	126	1	0	1	4027
Amire80	290	39	0	5	2	1	30	4	0	0	1	372
Amophar	0	0	0	1	0	0	0	0	0	0	0	1
Amorymeltzer	217	2	0	3	2	1	1	1	0	0	3	230
Ams80	12	0	0	0	0	0	0	0	0	0	0	12
Anas Salloum	665	5	0	1	0	0	351	2	0	0	0	1024
Ancheta Wis	15	2	0	1	0	0	5	0	0	0	0	23
AndonicO	374	28	0	291	30	45	1347	51	0	0	0	2166
Andre Engels	2	0	0	0	0	0	1	0	0	0	0	3
Andres	3	3	0	1	0	0	0	0	0	0	0	7
Andrevan	704	88	0	21	11	0	86	28	1	1203	63	2205
Andrew Levine	718	15	0	19	2	0	34	6	0	0	0	794
Andrew Norman	48	1	0	27	2	0	75	7	0	0	0	160
Andrew Yong	16	1	0	0	0	0	0	0	0	0	0	17
Andrew c	1401	55	0	33	2	1	120	8	1	0	0	1621
Andrewa	85	6	0	0	0	0	0	0	0	0	0	91
Andris	17	0	0	0	0	0	0	0	0	0	0	17
Android79	3349	27	0	56	13	0	260	29	0	0	0	3734
Andrwsc	7717	91	0	65	54	9	112	1	0	0	0	8049
AndyZ	911	12	0	0	0	0	113	4	0	0	0	1040
AnemoneProjectors	861	77	0	95	49	3	153	1	5	0	0	1244
Anetode	9178	328	0	253	13	7	1254	59	0	0	8	11100
AngelOfSadness	1029	2	0	44	2	5	133	14	1	0	0	1230
Angela	2316	43	0	5	2	0	59	30	0	157	7	2619
Angelo.romano	946	116	0	122	15	9	80	2	1	0	0	1291
Angr	34370	209	0	203	52	27	778	29	2	0	0	35670
Angusmclellan	14289	139	0	11	2	1	62	7	1	0	17	14529
AniMate	190	5	0	10	2	0	80	5	3	0	1	296
Animum	1925	276	0	225	29	54	1711	319	4	0	28	4571
AnonEMouse	146	25	0	30	4	2	122	9	0	0	0	338
Anonymous Dissident	1390	24	0	377	33	56	485	14	1	550	51	2981
Anonymous editor	481	1	0	57	16	0	431	32	0	0	0	1018
Antandrus	7424	26	0	420	56	30	5374	354	47	0	1	13732
Anthere	38	1	0	4	4	0	4	2	0	0	2	55
Anthony Appleyard	24921	3489	0	61	6	14	1	0	0	0	0	28492
Anthony.bradbury	13976	67	0	63	2	3	1635	37	28	0	1	15812
AntiAbuseBot	50	0	0	0	0	46	1033	2	18	0	0	1149
AntonioMartin	9	5	0	6	3	0	5	18	0	0	0	46
Apokryltaros	0	0	0	1	0	0	0	0	0	0	0	1
Appraiser	323	6	0	5	0	0	1	0	0	0	0	335
Aqwis	209	9	0	72	6	26	54	2	0	0	5	383
Aranel	1087	18	0	13	0	0	24	3	0	0	0	1145
Arbitrarily0	296	1	0	2	0	0	0	0	0	0	6	305
Arcadian	216	23	0	31	1	0	74	4	0	0	0	349
Archtransit	5	2	0	13	2	1	17	15	0	0	0	55
Arctic.gnome	206	5	0	18	2	1	25	1	0	0	1	259
Aris Katsaris	6	0	0	1	0	0	0	0	0	0	0	7
Arjun01	557	6	0	117	23	0	402	14	1	0	0	1120
Arminius	130	1	0	7	3	0	14	2	0	0	0	157
ArnoldReinhold	221	2	0	6	2	2	5	1	1	0	0	240
Art LaPella	71	2	0	0	0	0	0	0	0	0	0	73
Arthur Rubin	462	44	0	44	10	5	350	47	11	0	2	975
Aruk Besadii Aora	0	0	0	2	0	0	0	0	0	0	0	2
Arvindn	13	0	0	1	1	0	0	0	0	0	0	15
Arwel Parry	148	8	0	39	8	0	660	39	1	0	0	903
Asbestos	72	2	0	0	0	0	25	3	0	0	0	102
Asterion	95	7	0	69	8	3	121	15	0	0	0	318
AstroNomer	0	0	0	0	0	0	1	0	0	0	0	1
Atama	53	0	0	0	0	0	0	0	0	0	0	53
Athaenara	24147	137	0	15	2	1	27	5	0	0	0	24334
Atlant	92	1	0	11	0	0	573	20	2	0	0	699
AuburnPilot	2962	223	0	508	68	51	1122	139	24	0	19	5116
Audacity	20	2	0	2	1	0	1	1	0	0	0	27
Aude	1173	39	0	47	11	5	516	17	0	0	2	1810
Ausir	23	2	0	0	0	0	1	0	0	0	0	26
Avraham	1343	146	22	174	35	16	968	108	33	315	84	3244
Awiseman	19	2	0	14	0	0	9	0	0	0	0	44
Awolf002	13	0	0	0	0	0	2	0	0	0	0	15
AxelBoldt	42	6	0	8	1	0	0	0	0	0	0	57
AzaToth	1679	122	0	118	39	30	159	22	1	0	8	2178
B	14206	199	0	299	28	29	810	100	6	0	11	15688
BD2412	3429	1678	0	47	14	1	215	24	1	0	0	5409
BOZ	13	92	0	28	3	5	1	0	0	0	0	142
Babajobu	297	2	0	1	1	0	19	3	0	0	0	323
Baboon Faceless	0	0	0	2	0	0	0	0	0	0	0	2
Backslash Forwardslash	4305	92	0	88	4	12	399	6	60	0	7	4973
Balloonman	272	13	0	13	2	1	50	8	4	0	2	365
Banes	62	7	0	2	0	0	158	2	0	0	0	231
Banno	10	5	0	9	2	0	50	2	0	0	0	78
BanyanTree	1868	63	0	202	245	4	398	11	0	0	0	2791
Barneca	1231	47	0	110	11	14	1013	46	19	0	1	2492
Barneca sock 1	0	0	0	1	0	0	0	0	0	0	0	1
BaronLarf	180	18	0	4	1	0	97	1	0	0	0	301
Bastique	354	92	0	48	8	4	121	51	0	7	51	736
Bazonka	0	0	0	1	0	0	0	0	0	0	0	1
Bbatsell	391	9	0	18	2	0	350	18	0	0	0	788
Bcorr	131	7	0	9	1	0	67	10	0	2	1	228
Bdesham	25	0	0	3	0	0	0	0	0	0	0	28
Bduke	259	18	0	24	7	3	24	0	0	0	0	335
Bearcat	4028	212	0	100	6	5	75	8	2	0	0	4436
Bearian	1058	19	0	215	4	2	673	34	2	0	1	2008
Bedford	9	3	0	50	0	4	5	2	0	0	0	73
Beeblebrox	1188	1	0	300	8	44	435	21	42	0	1	2040
Beetstra	698	65	0	99	19	12	419	31	8	0	1	1352
Bel123456	0	0	0	1	0	0	0	0	0	0	0	1
Beland	195	1	0	14	12	1	11	0	0	0	0	234
Bellhalla	16	2	0	0	0	0	0	0	0	0	0	18
Ben MacDui	379	3	0	2	0	0	9	0	0	0	0	393
Bencherlite	4122	105	0	185	5	14	558	8	11	0	11	5019
Berig	28	0	0	2	0	2	10	0	0	0	1	43
Betacommand	7463	46	0	76	379	0	3297	120	0	0	0	11381
Bettia	418	9	0	14	1	0	6	1	1	0	0	450
Bhadani	1301	7	0	95	19	1	478	10	0	0	0	1911
Bibliomaniac15	3974	26	0	221	31	19	1397	23	5	831	55	6582
BigHaz	3152	2	0	8	6	0	33	2	0	0	0	3203
BigrTex	960	10	0	2	0	0	1	0	0	0	0	973
Bigtimepeace	436	7	0	2	1	1	72	4	1	0	0	524
Bill	0	0	0	1	0	0	0	0	0	0	0	1
Billinghurst	1001	3	0	2	0	0	4	0	3	0	0	1013
BillyH	48	2	0	0	1	0	1	0	0	0	0	52
BirgitteSB	173	7	0	0	0	0	1	1	0	0	1	183
Bishonen	575	76	0	197	47	8	571	209	1	0	0	1684
Bishzilla	53	11	0	16	2	2	24	6	0	0	5	119
Bjarki S	91	0	0	2	1	0	41	4	0	0	0	139
Bjelleklang	642	7	0	4	0	3	12	2	0	0	0	670
Bkell	1166	13	0	0	0	0	1	0	0	0	0	1180
Bkonrad	718	104	0	3	0	0	145	2	0	0	0	972
Black Falcon	4301	66	0	3	1	0	27	1	0	0	0	4399
Black Kite	5186	145	0	406	50	53	1313	102	30	0	15	7300
Blankfaze	386	1	0	3	2	0	7	1	0	0	0	400
Blood Red Sandman	664	5	0	5	0	0	243	11	2	0	1	931
Blubberboy92	0	0	0	1	0	0	0	0	0	0	0	1
Blueboy96	1331	23	0	220	5	31	2610	126	106	0	0	4452
Bluemoose	10610	47	0	27	10	0	93	18	0	0	0	10805
Bmicomp	404	2	0	6	4	0	38	11	0	0	0	465
Bobak	230	12	0	160	6	9	751	11	11	0	0	1190
Bobet	4965	181	0	56	18	1	224	10	0	0	0	5455
Bobo192	4957	3	0	2	3	0	2	0	0	0	0	4967
Bogdangiusca	3140	66	0	28	10	1	107	13	0	0	0	3365
Bongwarrior	8779	59	0	440	8	108	3691	34	111	0	2	13232
Bonkers Bobcat	0	0	0	1	0	0	0	0	0	0	0	1
Bookofjude	650	27	0	29	5	0	85	9	0	0	0	805
Bopped Kia	0	0	0	1	0	0	0	0	0	0	0	1
BorgHunter	598	25	0	54	19	1	117	28	0	0	0	842
BorgQueen	4018	40	0	1177	123	44	3468	168	19	0	0	9057
Borisblue	248	1	0	14	39	0	92	8	0	0	0	402
Bovlb	23	2	0	14	1	0	28	2	0	0	0	70
BozMo	287	6	0	15	3	0	131	14	0	0	0	456
BradBeattie	294	0	0	6	0	0	118	3	0	0	0	421
BradPatrick	17	0	0	4	0	0	5	0	0	0	0	26
Bradeos Graphon	4877	19	0	65	19	3	1211	79	0	0	0	6273
Brandon	3789	76	0	107	39	26	691	32	35	0	16	4811
Bratsche	568	16	0	18	46	0	145	19	0	0	0	812
Brendanconway	955	23	0	26	8	0	87	14	0	0	0	1113
BrendelSignature	3	0	0	74	5	4	105	8	0	0	0	199
Brian	6	2	0	3	0	1	2	1	0	0	0	15
Brian Kendig	28	3	0	5	6	0	2	0	0	0	0	44
Brian0918	931	79	0	258	47	4	2143	109	0	0	0	3571
Brianga	2285	9	0	1	1	1	450	7	5	0	0	2759
Briangotts	138	7	0	1	0	0	7	0	0	0	0	153
Brighterorange	181	12	0	1	0	0	21	1	0	0	0	216
Brion VIBBER	192	9	0	12	0	1	27	11	0	0	4	256
Brockert	189	51	0	3	3	0	31	30	0	0	0	307
BrokenSegue	1363	11	0	62	67	0	153	40	0	0	0	1696
Brookie	3998	53	0	212	3	0	229	4	0	0	0	4499
BrownHairedGirl	803	117	0	139	6	9	126	16	1	0	0	1217
Bryan Derksen	828	324	0	5	7	0	10	0	0	0	2	1176
Bubba hotep	2638	69	0	38	3	2	779	12	18	0	4	3563
Buchanan-Hermit	514	18	0	28	6	0	452	20	0	0	0	1038
Bucketsofg	645	22	0	66	6	0	224	8	0	0	0	971
Buckshot06	307	4	0	2	0	0	7	0	1	0	0	321
Bumm13	842	39	0	6	1	0	31	4	0	0	5	928
Bunchofgrapes	738	10	0	62	44	0	203	37	0	0	0	1094
Burgundavia	1105	0	0	4	0	0	1	0	0	0	0	1110
Burstorder	0	0	0	2	0	0	0	0	0	0	0	2
Butseriouslyfolks	5143	83	0	36	3	1	137	15	0	0	0	5418
C-3PO	0	0	0	3	0	0	0	0	0	0	0	3
C.Fred	8019	64	0	216	5	6	1577	33	20	0	0	9940
C12H22O11	1351	5	0	49	8	0	47	7	0	0	0	1467
CALR	29	0	0	0	0	0	1	0	0	0	0	30
CAT:TEMP deletion bot	2120	0	0	0	0	0	0	0	0	0	0	2120
CBDunkerson	3497	64	0	683	49	0	30	22	0	0	1	4346
CBM	4348	142	0	236	96	22	58	20	2	0	3	4927
CIreland	1103	32	0	172	12	24	369	18	9	0	1	1740
CJ	1927	79	0	112	22	3	277	18	0	0	1	2439
CJCurrie	398	19	0	126	8	2	127	13	0	0	0	693
CJLL Wright	1850	30	0	58	3	7	243	4	0	0	0	2195
CLW	13900	54	0	3	0	0	26	0	0	0	0	13983
CMBJ	0	0	0	1	0	0	0	0	0	0	0	1
COGDEN	57	14	0	2	0	0	4	0	1	0	0	78
CRGreathouse	7	0	0	0	0	0	1	1	1	0	0	10
CSTAR	58	5	0	6	3	0	93	3	0	0	0	168
CYD	1	0	0	1	0	0	0	0	0	0	0	2
Cactus.man	592	16	0	61	34	0	178	10	0	0	0	891
CactusWriter	790	104	0	13	2	0	34	3	5	0	3	954
Cacycle	180	11	0	26	2	1	12	1	0	0	1	234
Cailil	116	3	0	33	0	2	50	12	0	0	0	216
Caknuck	1943	8	0	185	30	32	706	11	6	0	0	2921
Calliopejen1	2730	80	0	11	2	0	5	0	0	0	0	2828
Caltrop	58	22	0	0	0	0	6	3	0	0	0	89
Camaron	756	291	0	312	51	76	285	27	22	0	20	1840
CambridgeBayWeather	14665	260	0	213	18	136	987	23	5	0	0	16307
Camembert	11	2	0	0	1	0	0	0	0	0	0	14
Camw	314	7	0	5	0	0	171	0	7	0	0	504
Can't sleep, clown will eat me	9514	230	0	3000	125	133	32088	586	0	0	0	45676
Canadian Paul	1001	31	0	14	5	0	21	2	0	0	0	1074
Canadian-Bacon	426	2	0	16	3	0	232	5	0	0	0	684
CanadianCaesar	3505	62	0	53	14	0	1084	85	0	0	0	4803
Canderson7	1183	11	0	18	13	1	220	2	0	0	0	1448
Canley	877	8	0	0	1	0	4	0	0	0	0	890
Canterbury Tail	1363	7	0	73	8	8	392	20	11	0	0	1882
Cantthinkofagoodname	2	0	0	0	0	0	2	0	0	0	0	4
CapitalR	356	2	0	3	5	0	49	1	1	0	1	418
Capitalistroadster	620	1	0	3	0	0	23	3	0	0	0	650
Carabinieri	415	7	0	4	3	0	3	2	0	0	0	434
Carbonite	188	3	0	28	10	0	226	22	0	0	0	477
Carcharoth	33	75	0	2	1	0	1	2	0	0	0	114
Caribbean H.Q.	361	14	0	68	10	8	246	19	0	0	0	726
Carioca	2481	10	0	6	1	1	9	0	0	0	0	2508
Carlosguitar	2924	20	0	30	1	3	166	11	0	0	0	3155
Carlossuarez46	10571	129	0	27	2	0	66	6	1	0	0	10802
Carnildo	2388	98	0	90	17	2	60	21	0	0	3	2679
Cary Bass	2	2	14	5	1	1	1	2	0	2	0	30
Casliber	102	54	7	139	7	26	110	6	0	0	2	453
Catbar	28	0	0	2	1	0	11	0	0	0	0	42
CatherineMunro	69	13	0	0	0	0	3	3	0	0	0	88
CattleGirl	908	12	0	19	3	1	42	7	0	0	0	992
Caulde	2522	84	0	423	28	54	892	36	0	0	78	4117
Causa sui	1691	40	0	88	53	19	255	17	3	0	1	2167
Cbl62	12	0	0	6	0	0	0	0	0	0	0	18
Cbrown1023	3423	75	0	401	72	7	205	32	0	0	8	4223
Cburnett	48	18	0	6	2	0	14	5	0	0	0	93
Cdc	2188	10	0	10	9	0	21	2	0	0	0	2240
Cecropia	39	3	0	36	5	0	6	6	0	215	334	644
Cedrus-Libani	101	4	0	1	0	0	0	0	0	0	0	106
Celestianpower	735	9	0	19	3	0	170	70	0	0	0	1006
Cenarium	1696	69	0	360	140	175	131	4	6	0	25	2606
Centrx	17220	404	0	1005	947	13	1334	212	0	0	0	21135
CesarB	3606	141	0	123	49	0	942	212	0	0	0	5073
Ceyockey	1778	47	0	4	0	0	15	2	0	0	0	1846
Chadloder	0	0	0	0	0	0	6	0	0	0	0	6
Chairboy	5156	13	0	69	8	0	187	14	0	0	0	5447
Chamal N	108	4	0	33	3	9	61	2	1	0	1	222
Chancemill	0	0	0	1	1	0	2	0	0	0	0	4
Charles Matthews	1938	36	0	5	1	0	130	20	0	0	0	2130
Chase me ladies, I'm the Cavalry	2529	49	0	443	26	49	856	32	16	0	1	4001
Chaser	2017	96	0	292	45	35	854	113	7	0	10	3469
Ched Davis	117	9	0	4	0	0	10	4	0	0	4	148
Chell and the cake	0	0	0	2	0	0	0	0	0	0	0	2
Chessnotator1967	0	0	0	1	0	0	0	0	0	0	0	1
Chick Bowen	4679	202	0	74	14	2	135	30	0	0	1	5137
Chillum	1473	27	0	56	11	7	689	47	74	0	8	2392
Chmod007	13	2	0	2	0	0	1	1	0	0	0	19
Chochopk	27	37	0	1	0	0	2	1	0	0	0	68
Choess	9	7	0	0	0	0	0	0	0	0	0	16
Cholmes75	4601	10	0	26	0	0	112	3	0	0	0	4752
Chris 73	1933	15	0	59	8	1	709	30	3	0	0	2758
Chris G	6901	157	0	249	15	38	2915	70	225	0	11	10581
Chris Roy	3	0	0	0	0	0	1	0	0	0	0	4
ChrisGriswold	1126	16	0	51	8	0	210	21	0	0	0	1432
ChrisO	2405	22	0	337	63	35	757	39	3	0	1	3662
ChrisTheDude	689	18	0	6	1	0	16	2	0	0	0	732
Chrislk02	4100	61	0	134	21	8	1632	91	12	0	5	6064
Christopher Mahan	38	5	0	0	0	0	0	0	0	0	0	43
Christopher Parham	637	8	0	4	2	0	24	1	0	0	0	676
Christopher Sundita	62	39	0	8	4	0	17	2	0	0	0	132
Chuck SMITH	0	1	0	0	0	0	0	0	0	0	0	1
Chunky Rice	342	1	0	4	3	0	31	2	0	0	0	383
Chuq	216	19	0	13	2	1	93	6	0	0	0	350
CieloEstrellado	0	0	0	1	0	0	0	0	0	0	0	1
Cimon Avaro	214	10	0	2	5	1	4	0	0	6	3	245
Circeus	1737	8	0	50	27	0	155	13	0	0	0	1990
Cirt	8047	67	0	412	19	62	4005	33	15	0	2	12662
Citicat	690	15	0	21	1	0	34	4	0	0	0	765
Ck lostsword	308	4	0	13	1	5	308	16	0	0	0	655
Ckatz	1356	53	0	187	5	40	792	18	18	0	1	2470
Clarkk	23	0	0	0	1	0	0	0	0	0	0	24
Cleared as filed	1346	19	0	0	0	0	53	2	0	0	0	1420
Climie.ca	0	0	0	2	1	0	12	1	1	0	1	18
ClockworkLunch	20	4	0	11	1	0	4	0	0	0	0	40
ClockworkSoul	758	46	0	38	7	4	214	19	3	0	0	1089
Closedmouth	18043	118	0	72	2	2	1033	31	48	0	32	19381
CloudNine	422	15	0	24	1	2	32	2	0	0	0	498
ClueBot	0	0	0	1	0	0	0	0	0	0	0	1
Cnwb	661	11	0	0	0	0	23	2	0	0	0	697
Cobaltbluetony	6526	91	0	421	24	8	392	20	4	0	0	7486
Cobi	50	0	0	1	0	0	3	1	0	0	1	56
Coelacan	1194	30	0	85	10	1	845	53	0	0	0	2218
Coffee	1005	65	0	101	7	37	261	9	4	0	6	1495
Coffeedrinker87	0	0	0	1	0	0	0	0	0	0	0	1
Cohesion	6798	46	0	2	18	1	3	0	0	0	0	6868
Colds7ream	128	5	0	1	1	0	2	0	0	0	2	139
Commander Keane	4769	219	0	39	22	0	144	29	0	0	1	5223
Conscious	13449	65	0	2	2	0	56	0	0	0	0	13574
Consumed Crustacean	732	22	0	42	3	1	354	36	1	0	0	1191
Conti	463	41	0	12	38	2	73	3	0	0	1	633
Cool Hand Luke	938	573	0	61	12	20	71	16	0	0	0	1691
Cool3	35	0	0	3	2	0	22	1	2	0	3	68
Coralmizu	168	2	0	23	1	2	47	2	1	0	0	246
Coredesat	11148	136	0	235	25	11	494	60	0	0	0	12109
Coren	857	22	38	55	7	6	183	35	3	0	1	1207
Cowman109	431	36	0	101	43	4	360	44	0	0	0	1019
Craigy144	3099	11	0	8	3	1	38	0	0	0	0	3160
Crazycomputers	443	8	0	54	15	6	716	40	2	0	3	1287
Crazytales	157	15	0	18	1	2	117	18	0	0	0	328
Cremepuff222	176	6	0	3	2	1	96	4	0	0	0	288
Croat Canuck	83	3	0	1	1	0	5	1	0	0	0	94
Crum375	181	18	0	89	6	12	227	12	0	0	0	545
Cryptic	9383	238	0	136	15	1	322	21	0	0	0	10116
CryptoDerk	1091	1	0	67	9	0	1014	45	0	0	0	2227
Crzrussian	5139	133	0	156	28	0	150	13	0	0	0	5619
Cuchullain	319	57	0	12	0	3	39	0	0	0	0	430
Curps	5148	166	0	461	101	0	26558	1065	0	0	0	33499
Cutler	69	0	0	0	0	0	7	0	0	0	0	76
CyborgTosser	2	0	0	0	0	0	0	0	0	0	0	2
Cyde	19095	107	0	258	32	2	829	168	0	0	0	20491
Cydebot	12836	0	0	0	0	0	0	0	0	0	0	12836
Cyp	3	0	0	0	0	0	0	0	0	0	0	3
Cyrius	1621	101	0	26	13	0	69	8	0	0	0	1838
D. Recorder	172	18	0	2	0	0	34	2	0	0	0	228
DDima	527	9	0	1	0	0	1	0	0	0	0	538
DESiegel	892	112	0	9	2	0	40	29	0	0	0	1084
DGG	9064	212	0	194	7	11	112	10	6	0	1	9617
DJ Clayworth	6164	31	0	39	11	0	333	18	3	0	0	6599
DMacks	5345	54	0	310	13	48	840	11	65	0	0	6686
DO11.10	417	28	0	2	0	0	4	1	0	0	2	454
DVD R W	6129	53	0	54	17	7	962	21	0	0	3	7246
DaGizza	941	1	0	8	4	1	54	3	0	0	0	1012
Dale Arnett	69	1	0	2	0	0	4	0	0	0	0	76
Dan100	294	16	0	18	12	0	186	44	0	0	0	570
DanKeshet	104	1	0	6	0	0	2	0	0	0	0	113
DanMS	65	0	0	2	1	0	0	0	0	0	0	68
Danaman5	284	4	0	6	0	0	4	4	0	0	1	303
Daniel	4953	266	0	632	41	65	566	76	4	0	13	6616
Daniel Case	2370	34	22	289	16	8	4761	166	32	0	9	7707
Daniel J. Leivick	732	7	0	19	1	0	76	5	1	0	0	841
Daniel Olsen	711	1	0	10	0	0	84	2	0	0	0	808
Daniel Quinlan	54	3	0	0	2	0	2	0	0	0	0	61
DanielCD	243	1	0	15	11	0	37	2	0	0	0	309
Dank	10194	86	0	124	7	1	2177	13	17	0	1	12620
Danny	1072	126	0	26	9	0	105	29	0	4	7	1378
Dannyisme	5	0	0	4	0	0	2	2	0	0	0	13
Dante Alighieri	683	18	0	20	17	3	180	29	0	0	0	950
DarkFalls	2667	143	0	301	37	76	765	44	6	0	7	4046
Darkoneko	2	0	3	0	0	0	1	0	0	1	0	7
Darthgriz98	250	4	0	5	0	0	115	2	0	0	0	376
Darwinek	2183	13	0	69	5	0	191	6	0	0	0	2467
Dave souza	79	3	0	14	2	0	554	20	5	0	0	677
Davemeistermoab	4	0	0	1	0	1	3	1	0	0	1	11
Davewild	3078	40	0	3	3	0	386	1	0	0	0	3511
Daveydweeb	134	1	0	2	0	0	4	1	0	0	0	142
David D.	26	4	0	12	1	5	11	2	1	0	0	62
David Eppstein	2235	29	0	35	7	1	46	2	1	0	0	2356
David Fuchs	986	33	0	66	5	12	87	8	0	0	0	1197
David Gerard	527	43	1	70	7	1	1478	357	0	0	2	2486
David Kernow	635	5	0	45	0	0	0	0	0	0	0	685
David Levy	937	122	0	228	58	3	142	10	2	0	7	1509
David Newton	54	3	0	4	0	0	12	12	0	0	0	85
David.Monniaux	523	60	0	100	13	0	222	30	3	0	0	951
DavidLevinson	35	52	0	9	0	0	9	0	0	0	0	105
DavidWBrooks	1204	1	0	13	2	1	94	0	0	0	0	1315
Davidcannon	155	57	0	30	4	0	137	26	1	0	0	410
Davidgothberg	75	59	0	99	6	34	19	6	0	0	0	298
Davidruben	35	0	0	7	1	1	79	2	0	0	0	125
Davodd	191	29	0	3	3	1	23	1	0	0	0	251
Dbachmann	429	30	0	137	41	20	206	20	1	0	0	884
Dbenbenn	6085	109	0	260	583	0	26	7	0	0	0	7070
Dcoetzee	341	46	0	10	4	0	51	11	0	0	1	464
Ddstretch	13	0	0	20	5	6	207	20	6	0	0	277
Deacon of Pndapetzim	593	23	0	31	3	3	169	13	13	0	34	882
DeadEyeArrow	934	14	0	26	5	0	199	6	0	0	0	1184
Deathphoenix	1168	49	0	17	5	0	420	80	0	0	0	1739
Deb	13170	55	0	26	2	0	316	4	1	0	0	13574
Deckiller	1228	35	0	80	14	2	300	46	0	0	0	1705
Decltype	1022	43	0	5	0	0	96	5	9	0	14	1194
Decumanus	42	0	0	3	0	0	12	0	0	0	0	57
Deiz	953	16	0	163	8	3	392	20	0	0	0	1555
Dekimasu	1127	63	0	16	1	0	17	6	5	0	1	1236
Delirium	3469	23	0	20	11	0	305	18	0	0	0	3846
Delldot	1829	26	0	15	6	1	606	9	0	0	0	2492
Deltabeignet	836	1	0	5	6	0	130	2	0	0	0	980
Demi	151	32	0	2	1	0	51	17	0	0	0	254
Denelson83	1136	18	0	57	12	11	39	6	0	0	0	1279
Denni	2324	30	0	23	3	0	5	0	0	0	0	2385
DerHexer	134628	44	0	93	3	9	5844	39	4	0	20	140684
Derek Ross	523	11	0	14	4	3	2	0	0	0	0	557
Deryck Chan	1	1	0	0	2	0	1	0	0	0	0	5
Deskana	1383	86	70	216	77	19	1003	111	35	335	183	3518
Deville	1015	6	0	16	1	0	193	4	3	0	0	1238
Dfrg.msc	35	1	0	0	0	0	7	0	0	0	0	43
Dgies	575	29	0	27	4	3	223	18	0	0	2	881
Dgrant	0	0	0	1	0	0	0	0	0	0	0	1
Diberri	127	3	0	3	1	0	5	0	0	0	0	139
Dieter Simon	3	0	0	28	0	2	0	0	0	0	0	33
Dijxtra	135	6	0	13	6	0	36	4	0	0	0	200
Dina	3371	18	0	49	1	0	273	5	0	0	0	3717
Dino	24	0	0	0	0	0	0	0	0	0	0	24
Dinoguy1000	103	5	0	40	1	3	7	0	0	0	1	160
Discospinster	16657	372	0	138	8	12	1125	6	6	0	0	18324
Djsasso	1009	186	0	37	5	2	350	10	1	0	8	1608
Dlohcierekim	5325	115	0	151	7	12	422	36	9	0	1	6078
Dmn	35	1	0	10	4	0	12	15	0	0	0	77
Doc glasgow	4087	123	0	370	42	11	1060	83	0	0	42	5818
Docu	1164	59	0	123	2	6	11	5	0	0	2	1372
Doczilla	73	5	0	9	6	0	87	8	0	0	0	188
Dominic	13274	60	40	81	186	2	3278	635	26	0	34	17616
DonCalo	0	0	0	1	0	0	0	0	0	0	0	1
Donald Albury	1157	3	0	7	2	2	118	4	0	0	0	1293
DoomsDay349	222	4	0	2	0	0	0	0	0	0	0	228
Dori	11	0	0	0	0	0	2	2	0	0	0	15
Doug	421	50	0	20	135	8	24	3	11	0	4	676
Doug Bell	2427	36	0	29	12	0	25	3	0	0	0	2532
Dougweller	272	5	0	129	16	32	799	16	30	0	0	1299
Dpbsmith	133	4	0	3	2	0	17	0	0	0	0	159
Dppowell	4	0	0	5	0	0	112	6	0	0	0	127
DrBob	17	1	0	0	0	0	7	0	0	0	0	25
DrKiernan	1331	26	0	44	5	3	138	8	0	0	0	1555
DragonflySixtyseven	24044	328	0	338	35	9	4265	180	175	0	149	29523
Dragons flight	613	65	0	115	35	1	117	28	0	0	1	975
Dravecky	698	6	0	89	5	1	0	0	0	0	0	799
Dreadstar	968	75	0	243	12	14	1870	96	2	0	0	3280
Drilnoth	15939	57	0	53	2	13	0	0	0	0	6	16070
Drini	9599	93	0	178	38	1	4455	233	1	0	8	14606
DropDeadGorgias	340	3	0	24	1	0	90	5	0	0	0	463
Dsmdgold	819	11	0	3	0	0	3	0	0	0	0	836
Duja	875	136	0	20	9	2	72	9	0	0	0	1123
Duk	3834	30	0	61	15	2	129	25	0	0	1	4097
Dumelow	8	1	0	2	0	0	0	0	0	0	0	11
Duncharris	986	57	0	47	10	0	92	20	0	0	0	1212
Durin	2448	7	0	28	13	0	168	15	0	0	0	2679
Durova	24	1	0	211	37	11	388	66	0	0	0	738
Dustimagic	216	2	0	4	2	0	50	8	1	0	0	283
Dvyost	56	0	0	0	0	0	11	1	0	0	0	68
Dweller	1600	25	1	104	2	4	283	9	0	283	10	2321
Dysprosia	154	6	0	3	1	0	97	11	0	0	0	272
ERcheck	2944	9	0	66	10	0	1002	29	1	0	0	4061
ESkog	10987	76	0	122	22	4	892	108	2	0	0	12213
EVula	2359	95	3	153	20	12	912	27	1	452	40	4074
EWS23	643	3	0	7	2	0	136	11	0	0	0	802
Earl Andrew	110	36	0	26	6	0	69	12	0	0	0	259
Earle Martin	264	11	0	7	2	1	31	2	0	0	0	318
East718	226042	1910	0	5532	1632	290	3528	1007	15	0	31	239987
Ed Poor	73	13	0	35	32	0	71	28	0	10	16	278
Ed g2s	3050	69	0	30	27	2	50	5	0	0	0	3233
EdJohnston	894	25	0	479	23	53	735	45	9	0	2	2265
Edcolins	32	4	0	2	2	0	2	0	0	0	0	42
Edgar181	34779	222	0	458	18	17	14017	175	132	0	19	49837
Edison	802	20	0	3	1	1	181	3	0	0	0	1011
Edokter	1323	34	0	32	14	20	46	5	1	0	1	1476
Edward	368	0	0	1	0	0	21	3	0	0	0	393
Edward Z. Yang	12	0	0	3	0	0	8	1	0	0	0	24
EdwinHJ	564	4	0	14	4	1	23	7	0	0	0	617
Efe	1593	5	0	11	1	3	164	0	2	0	1	1780
Egil	61	0	0	1	0	0	214	3	0	0	0	279
Either way	5469	37	0	161	10	9	879	43	9	0	7	6624
El C	1717	52	0	637	58	24	2996	116	0	0	3	5603
Eleassar	145	32	0	6	0	0	3	0	0	0	0	186
Electionworld	1285	33	0	1	0	0	0	0	0	0	0	1319
Elf	138	14	0	0	0	0	0	0	0	0	0	152
Elf-friend	465	1	0	17	0	0	15	0	0	0	0	498
ElinorD	7274	69	0	60	1	5	254	15	0	0	0	7678
Eliz81	960	48	0	93	0	19	229	4	0	0	1	1354
Elkman	5946	12	0	45	5	4	404	29	0	0	0	6445
Ellsworth	18	0	0	0	0	0	1	0	0	0	0	19
Elonka	1305	21	0	46	13	2	513	26	5	0	0	1931
Eloquence	126	5	0	8	5	0	29	10	0	0	1	184
Eluchil404	941	61	0	5	0	0	11	0	0	0	0	1018
Emperor	49	35	0	0	0	0	1	1	0	0	0	86
EncMstr	575	56	0	235	115	32	952	19	17	0	1	2002
Encephalon	92	22	0	27	6	0	28	36	0	0	0	211
Enchanter	14	0	0	1	3	0	2	0	0	0	0	20
EncycloPetey	122	15	0	66	0	3	30	2	0	0	0	238
Enigmaman	749	10	0	354	5	94	750	10	189	0	0	2161
Enochlau	17605	26	0	72	20	1	56	4	0	0	0	17784
Epbr123	2464	8	0	9	0	1	633	7	3	0	1	3126
Erdem Tüzün	0	0	0	2	0	0	0	0	0	0	0	2
Ericorbit	179	5	0	175	5	8	303	0	3	0	0	678
Esanchez7587	2348	3	0	69	4	7	249	1	0	0	0	2681
Espresso Addict	284	8	0	5	1	0	2	0	0	0	0	300
Esprit15d	389	9	0	9	2	0	1	0	0	0	0	410
Essexmutant	19	0	0	1	0	0	7	1	0	0	0	28
Essjay	1806	171	0	218	23	0	1236	248	0	715	102	4519
Esteffect	788	24	0	16	6	0	95	21	0	0	0	950
Eugene van der Pijll	969	54	0	9	3	0	8	1	0	0	0	1044
EurekaLott	742	67	0	18	1	0	34	0	0	0	0	862
Euryalus	969	8	0	48	1	10	345	8	15	0	3	1407
Ev	145	14	0	6	0	0	2	0	0	0	0	167
EvanProdromou	0	0	0	0	0	0	1	0	0	0	0	1
Eventtable	0	0	0	1	0	0	0	0	0	0	0	1
Evercat	338	5	0	32	24	1	259	35	0	0	0	694
Everyking	1272	4	0	7	12	0	28	12	0	0	0	1335
Evil Monkey	1894	13	0	28	12	0	284	23	0	0	0	2254
Evil saltine	965	39	0	21	9	0	488	22	9	0	3	1556
Evilphoenix	835	60	0	79	5	0	143	16	0	0	0	1138
Explicit	1808	6	0	41	2	9	31	1	1	0	0	1899
Exploding Boy	1419	6	0	7	3	1	403	21	7	0	0	1867
Extraordinary Machine	342	142	0	14	5	0	178	28	0	0	0	709
Extreme Unction	543	22	0	26	2	0	26	4	0	0	0	623
Eye of the Mind	16	2	0	9	2	1	9	0	0	0	0	39
EyeSerene	109	15	0	56	2	16	413	26	12	0	0	649
Eyrian	633	23	0	33	3	0	40	1	0	0	0	733
Ezeu	896	30	0	37	35	3	123	9	0	0	0	1133
Ezhiki	1102	259	0	42	13	6	65	23	0	0	1	1511
FCYTravis	3479	174	0	158	46	19	192	31	0	0	0	4099
FT2	407	31	37	73	6	5	226	37	13	0	17	852
Fabrictramp	4490	102	0	210	5	22	114	3	4	0	0	4950
Faithlessthewonderboy	3317	69	0	200	1	1	453	3	5	0	1	4050
Falco McCloud	0	0	0	1	0	0	0	0	0	0	0	1
Fang Aili	29076	83	0	118	52	0	253	12	0	0	0	29594
Fantasy	18	4	0	4	2	1	1	0	0	0	0	30
Fastfission	194	11	0	9	6	2	160	20	0	0	0	402
Fastily	4700	63	0	52	1	8	428	4	17	0	11	5284
Fawcett5	813	8	0	3	2	0	58	0	0	0	0	884
FayssalF	409	8	0	309	52	13	1308	84	0	0	0	2183
Feco	3	0	0	0	0	0	0	0	0	0	0	3
FeloniousMonk	17	13	0	29	4	0	143	20	0	0	0	226
Femto	370	4	0	30	7	0	288	9	0	0	0	708
Fences and windows	12	0	0	0	0	0	1	0	0	0	0	13
Fennec	18	3	0	5	3	0	30	3	0	0	0	62
Ferkelparade	589	3	0	2	1	0	37	0	0	0	0	632
Feydey	6659	38	0	68	18	9	140	3	0	0	0	6935
Filelakeshoe	227	7	0	8	1	3	75	4	1	0	8	334
Filiocht	851	2	0	3	5	0	36	0	0	0	0	897
Finlay McWalter	335	3	0	19	5	0	427	19	0	0	0	808
Fir0002	21	0	0	0	0	0	1	0	0	0	0	22
Firefoxman	270	7	0	11	2	2	6	0	0	0	2	300
Firsfron	1554	10	0	156	6	6	287	31	0	0	1	2051
Fish and karate	9146	208	0	371	21	20	633	374	1	0	11	10785
FisherQueen	6991	18	0	302	7	12	1513	47	96	0	0	8986
Fishhead64	24	1	0	0	0	0	27	0	0	0	0	52
Fl	519	7	0	2149	3	21	129	2	4	0	16	2850
Flcelloguy	855	42	0	775	720	0	268	40	0	0	0	2700
FloNight	468	5	12	52	6	2	144	18	0	0	0	707
Flockmeal	146	1	0	1	0	0	14	0	0	0	0	162
Flowerparty	1957	59	0	19	3	0	29	0	0	0	0	2067
Flucky	0	0	0	1	0	0	0	0	0	0	0	1
Flyguy649	1339	22	0	201	8	21	742	37	1	0	0	2371
FlyingToaster	59	1	0	0	1	0	1	0	2	0	2	66
Formeruser-81	44	0	0	21	3	0	25	20	0	0	0	113
Formeruser-82	199	24	0	45	24	0	121	25	0	0	0	438
Fram	8729	136	0	196	6	33	398	8	5	0	0	9511
Fran Rogers	14857	108	0	309	26	43	3889	822	2369	0	7	22430
FrancisTyers	172	5	0	20	7	0	67	15	0	0	0	286
Francs2000	10097	74	0	122	17	0	574	21	0	0	12	10917
Frank	4095	42	0	44	2	4	207	9	3	0	6	4412
Frazzydee	363	13	0	64	32	0	12	13	0	0	0	497
Freakofnurture	9841	927	0	551	96	5	10422	1134	0	0	0	22976
Fred Bauder	180	47	259	114	31	1	323	193	51	0	35	1234
Fred J	1430	16	0	12	7	0	36	1	0	0	0	1502
Fredrik	209	3	0	1	0	0	40	1	0	0	0	254
Freestylefrappe	14	0	0	4	1	0	48	1	0	0	0	68
FreplySpang	6790	37	0	35	5	0	776	47	0	0	0	7690
Fribbler	495	4	0	9	0	1	3	2	1	0	2	517
Fribbulus Xax	48	0	0	0	0	0	3	0	0	0	0	51
Friday	9681	96	0	55	22	3	392	40	0	0	12	10301
Fritzpoll	1118	28	0	42	3	7	67	11	4	0	31	1311
Fropuff	28	1	0	2	0	0	2	0	0	0	0	33
Fuhghettaboutit	6639	149	0	188	8	0	312	9	14	0	2	7321
Func	9	0	0	14	1	0	1215	124	0	0	0	1363
Furrykef	110	11	0	0	1	0	1	0	0	0	0	123
Future Perfect at Sunrise	3706	168	0	457	48	39	1764	289	26	0	8	6505
Fuzheado	886	20	0	62	13	3	574	42	0	0	0	1600
Fvasconcellos	1678	121	0	221	18	49	164	7	2	0	3	2263
Fvw	2867	41	0	28	17	0	2226	3509	31	0	0	8719
Fys	802	7	0	29	13	0	168	40	0	0	0	1059
G-Man	112	33	0	10	5	0	12	1	0	0	0	173
G.A.S	52	3	0	1	0	0	0	0	0	0	0	56
GDonato	3019	33	0	296	19	13	426	38	1	0	10	3855
GRBerry	1667	195	0	53	20	1	113	10	0	0	0	2059
GTBacchus	4079	315	0	19	13	0	176	13	0	0	0	4615
Gabbe	636	0	0	0	1	0	13	3	0	0	0	653
Gadfium	2078	33	0	59	12	3	2416	182	3	0	10	4796
Gadget850	345	27	0	3	1	0	0	0	0	0	0	376
Gaillimh	27	13	0	13	2	0	35	7	0	0	0	97
Gaius Cornelius	9	0	0	1	0	0	62	3	0	0	0	75
Galwhaa	235	6	0	2	0	0	11	3	0	0	0	257
Gamaliel	1554	109	0	182	72	11	1078	166	6	0	0	3178
Ganeshk	810	132	0	11	7	0	20	10	0	0	0	990
Garden	1037	41	0	44	5	11	151	16	5	0	8	1318
Garion96	13129	335	0	67	11	7	216	9	2	0	6	13782
Garzo	351	4	0	40	5	2	444	8	0	0	0	854
Gatoclass	125	2	0	48	28	1	1	0	0	0	0	205
Gator1	172	15	0	55	3	0	183	26	0	0	0	454
Gazimoff	327	3	0	5	2	1	73	2	1	0	2	416
Gdr	337	10	0	47	45	0	5	0	0	0	0	444
Ged UK	2884	20	0	234	5	37	350	0	12	0	0	3542
GeeJo	707	8	0	63	33	0	4	0	0	0	0	815
GeneralPatton	25	0	0	3	3	0	13	3	0	0	0	47
Geni	10168	297	0	181	102	0	449	90	0	0	4	11291
Geniac	186	0	0	50	17	3	461	4	0	0	0	721
Gentgeen	99	6	0	2	0	1	35	4	0	0	0	147
Geogre	5178	12	0	21	2	0	221	16	1	0	0	5451
Geometry guy	234	24	0	1	1	3	2	0	1	0	3	269
Georgewilliamherbert	61	109	0	168	4	18	1104	105	12	0	1	1582
Gerald Farinas	65	0	0	3	4	1	4	1	0	0	0	78
Geschichte	6774	77	0	3	0	0	19	6	0	0	0	6879
Getluv	0	0	0	1	0	0	0	0	0	0	0	1
Gilliam	1026	4	0	128	24	16	6976	14	9	0	0	8197
Gimmetrow	937	69	0	168	3	63	371	28	7	0	10	1656
Ginkgo100	963	17	0	38	13	0	527	14	0	0	2	1574
Gladys j cortez	4	0	0	24	2	2	85	4	6	0	0	127
GlassCobra	2269	66	0	76	8	8	1311	13	6	0	9	3766
Glen	1626	83	0	182	17	1	4516	198	0	0	0	6623
Gnangarra	1602	33	0	191	17	6	236	40	1	0	2	2128
Gnasher29	0	0	0	1	0	0	0	0	0	0	0	1
Goatasaur	16	2	0	1	1	0	2	0	0	0	0	22
Gogo Dodo	29474	105	0	757	5	101	3970	40	99	0	1	34552
Golbez	5525	84	0	223	80	17	1323	165	6	0	0	7423
Goldom	1899	7	0	8	0	0	50	4	0	0	0	1968
GoneAwayNowAndRetired	149	4	0	135	4	41	89	3	12	0	2	439
Gonzo fan2007	3778	80	0	405	38	66	240	21	0	0	9	4637
Good Olfactory	6560	387	0	50	16	3	77	7	5	0	0	7105
Goodnightmush	626	1	0	13	1	4	105	1	0	0	0	751
Goodoldpolonius2	1	0	0	4	2	0	27	0	0	0	0	34
Graeme Bartlett	5266	79	0	51	2	6	361	0	19	0	1	5785
GraemeL	971	6	0	59	28	2	1177	87	3	0	0	2333
Graft	3	1	0	1	1	2	0	0	0	0	0	8
Graham87	4958	9080	0	94	6	20	114	7	6	0	2	14287
GrahamColm	28	0	0	11	2	2	18	4	0	0	0	65
Grandmasterka	3058	35	0	118	12	2	528	30	1	0	3	3787
Grant65	6	5	0	2	1	0	3	0	0	0	0	17
Greeves	323	5	0	6	2	0	26	0	0	0	7	369
GregAsche	239	1	0	13	17	0	152	9	0	0	0	431
GregRobson	1	0	0	0	0	0	0	0	0	0	0	1
Grenavitar	864	32	0	3	2	0	41	7	0	0	1	950
Grendelkhan	38	2	0	0	0	0	4	0	0	0	0	44
Grm wnr	533	6	0	4	2	0	38	5	0	0	0	588
Grossmünster	0	0	0	1	0	0	0	0	0	0	0	1
Ground Zero	63	0	0	29	6	4	30	0	3	0	0	135
Grue	199	103	0	10	18	0	25	7	0	0	0	362
Grunt	86	5	0	4	2	0	10	2	0	0	0	109
Grutness	2463	103	0	87	8	3	24	16	0	0	0	2704
Gryffindor	109	8	0	5	0	0	1	1	0	0	0	124
Gtrmp	403	12	0	3	0	0	1	0	0	0	0	419
Guanaco	513	188	0	40	42	0	387	257	0	0	0	1427
Guettarda	201	73	0	41	27	5	67	18	0	0	0	432
Gurch	36411	1467	0	76	22	0	695	17	0	0	0	38688
Gurubrahma	309	6	0	144	93	0	39	2	0	0	0	593
Gutza	12	1	0	2	1	2	5	3	0	0	0	26
Gwalla	925	10	0	2	1	0	69	8	0	0	0	1015
Gwen Gale	7202	238	0	506	40	37	1060	152	52	0	8	9295
Gwernol	3832	26	0	344	45	11	4359	157	0	0	0	8774
Gyrofrog	154	11	0	12	2	2	264	14	2	0	0	461
H	6668	26	0	96	39	0	1080	129	0	0	0	8038
Hadal	1484	0	0	6	7	0	316	3	0	0	0	1816
Haemo	2305	14	0	69	7	18	226	43	0	0	0	2682
Hajor	163	7	0	13	12	0	16	1	0	0	0	212
Hall Monitor	460	12	0	270	32	1	2964	235	0	0	0	3974
Hamster Sandwich	3	1	0	1	0	0	26	3	3	0	0	37
Happy-melon	2519	52	15	197	52	19	0	0	0	0	3	2857
HappyCamper	4332	105	0	121	87	0	586	458	0	0	0	5689
Happyme22	571	9	0	44	1	7	11	0	0	0	0	643
Harej	2648	76	0	132	46	7	38	21	2	0	9	2979
Harold Oxley	0	0	0	2	0	0	0	0	0	0	0	2
Harro5	4810	33	0	72	4	0	167	10	0	0	0	5096
Harryboyles	2379	2	0	10	1	0	4	1	0	0	0	2397
Hashar	19	0	0	0	0	0	0	0	0	0	0	19
Hatricide	0	0	0	1	0	0	0	0	0	0	0	1
Haukurth	1198	68	0	15	34	0	78	13	0	0	3	1409
Hawstom	3	0	0	5	1	0	6	1	0	0	0	16
Hbdragon88	669	7	0	7	1	2	1	0	0	0	0	687
Hcheney	20	0	0	0	0	0	15	0	0	0	0	35
Hdt83	25	1	0	9	2	0	76	2	0	0	1	116
Heah	782	14	0	17	6	0	92	9	0	0	0	920
Heimstern	446	19	0	97	8	7	929	38	6	0	0	1550
Hemanshu	447	5	0	0	0	0	5	0	0	0	0	457
Hemlock Martinis	816	44	0	28	2	5	84	8	0	0	0	987
Henrik	481	29	0	34	13	5	182	23	1	0	4	772
Henry Flower	125	3	0	18	10	0	213	8	0	0	0	377
Henrygb	1491	36	0	6	3	0	21	0	0	0	0	1557
Hephaestos	1	2	0	3	2	0	0	0	0	0	0	8
Herbythyme	3022	11	0	45	2	6	515	25	7	0	1	3634
HereToHelp	140	3	0	37	11	3	17	3	0	0	0	214
Hermione1980	501	4	0	4	3	1	11	2	0	0	0	526
Hernando Magallanes	0	0	0	4	0	0	0	0	0	0	0	4
Heron	24	2	0	0	0	0	54	4	0	0	0	84
Herostratus	5268	77	0	14	4	0	65	5	0	0	0	5433
Hersfold	3212	65	0	986	19	361	1084	214	129	0	41	6111
Hesperian	2270	201	0	93	16	4	355	55	1	0	0	2995
Hiberniantears	930	7	0	64	3	20	1013	23	8	0	2	2070
Hiding	1868	134	0	33	25	1	50	14	0	0	4	2129
Hit bull, win steak	167	5	0	2	0	0	32	0	1	0	0	207
Hmhur	0	0	0	1	0	0	0	0	0	0	0	1
Hmwith	5442	52	3	37	2	1	69	4	3	0	1	5614
Hoary	434	15	0	75	5	7	236	8	2	0	0	782
Horologium	508	3	0	120	4	31	77	2	6	0	1	752
HorsePunchKid	189	0	0	0	0	0	0	0	0	0	0	189
HowDumbAreYou	0	0	0	1	0	0	0	0	0	0	0	1
Howcheng	18982	179	3	68	101	1	75	11	0	0	1	19421
Hu12	1443	53	0	360	14	3	1025	37	1	0	2	2938
Humblefool	596	11	0	3	2	0	4	2	0	0	0	618
Humus sapiens	73	2	0	64	4	0	124	12	0	0	0	279
Huntster	450	26	0	26	4	2	25	0	0	0	0	533
Hurricanehink	214	2	0	0	0	0	7	0	0	0	0	223
Husnock	59	1	0	22	8	0	27	9	0	0	0	126
Husond	1241	11	0	422	39	22	1139	39	0	0	1	2914
Hut 8.5	5759	57	0	627	17	37	1146	17	4	0	19	7683
Hyacinth	427	12	0	0	1	0	6	1	0	0	0	447
IMatthew	0	0	0	1	0	0	0	0	0	0	0	1
Ian Dalziel	0	0	0	1	0	0	0	0	0	0	0	1
Ian13	1926	51	0	30	8	2	65	21	0	0	0	2103
IanManka	1212	236	0	73	11	7	225	26	2	0	0	1792
Ianblair23	130	39	0	1	2	0	0	0	0	0	0	172
Icairns	262	7	0	1	1	0	3862	65	1	0	0	4199
Ice Cold Beer	1457	11	0	10	3	2	320	11	6	0	0	1820
IceKarma	1743	8	0	2	2	0	0	1	0	0	0	1756
Icestorm815	1542	29	0	93	7	24	403	11	19	0	5	2133
Icewedge	650	5	0	4	0	1	146	1	4	0	3	814
Idont Havaname	159	5	0	3	2	0	48	0	0	0	0	217
Ihcoyc	270	4	0	20	0	0	1	0	0	0	0	295
Ike9898	303	3	0	5	1	1	30	3	0	0	0	346
Ikiroid	61	5	0	1	0	0	20	1	0	0	0	88
Ilmari Karonen	1080	641	0	32	2	1	210	32	0	0	1	1999
Ilyanep	153	2	0	6	2	0	32	7	0	15	18	235
Improv	1233	9	0	188	11	0	79	15	0	0	0	1535
Imran	1	0	0	0	0	0	1	0	0	0	0	2
InShaneee	3951	20	0	91	5	0	528	56	0	0	0	4651
Infrogmation	4668	79	0	131	8	3	5960	116	9	2	1	10977
Inter	649	4	0	6	1	0	181	10	0	0	0	851
Interiot	1319	23	0	14	8	0	11	1	0	0	0	1376
Ioeth	2623	53	0	123	30	15	1561	40	5	0	12	4462
Iridescent	3376	81	0	124	10	37	839	44	8	0	8	4527
Irina Spalko	0	0	0	1	0	0	0	0	0	0	0	1
Irishguy	11708	25	0	107	3	0	1413	14	0	0	0	13270
IronGargoyle	3554	247	0	59	21	6	128	2	0	0	0	4017
Ish ishwar	46	3	0	1	0	0	11	1	0	0	0	62
Islander	678	22	0	109	1	6	79	5	1	0	4	905
Isomorphic	213	0	0	1	0	0	14	1	0	0	0	229
Isotope23	2009	23	0	124	33	10	490	59	0	0	0	2748
It Is Me Here	220	3	0	12	2	0	8	3	1	0	3	252
Ixfd64	3602	98	0	74	313	5	1339	3741	11	0	4	9187
Izehar	148	3	0	18	21	0	89	20	0	0	0	299
J Di	1548	57	0	75	32	0	581	44	0	0	0	2337
J Greb	1537	63	0	83	2	16	35	2	1	0	0	1739
J Milburn	7932	126	0	50	7	18	83	0	0	0	8	8224
J-stan	178	7	0	7	3	4	76	6	0	0	24	305
J.J.	1	2	0	0	0	0	1	0	0	0	0	4
J.delanoy	8195	254	0	741	32	228	14773	234	765	0	77	25299
J.smith	1172	48	0	26	7	2	240	42	0	0	0	1537
JCarriker	122	29	0	9	4	0	61	13	0	0	0	238
JDoorjam	1760	44	0	100	18	3	121	21	0	0	0	2067
JForget	6271	96	0	439	506	170	1563	13	13	0	0	9071
JGHowes	262	16	0	27	0	2	80	1	5	0	0	393
JHunterJ	1021	96	0	9	2	2	12	2	0	0	0	1144
JIP	7079	67	0	25	4	1	145	3	0	0	0	7324
JLaTondre	14017	69	0	33	4	0	1293	15	0	0	0	15431
JPD	622	5	0	2	2	0	19	1	0	0	0	651
JPG-GR	6710	69	0	14	2	0	17	0	0	0	0	6812
JRM	174	9	0	11	17	0	15	28	0	0	0	254
JWSchmidt	43	2	0	13	5	0	58	1	0	0	1	123
JYolkowski	2375	20	0	11	27	0	139	9	1	0	0	2582
JaGa	0	0	0	1	0	0	0	0	0	0	0	1
Jac16888	15067	59	0	58	3	8	200	13	77	0	1	15486
Jacoplane	325	33	0	92	47	3	159	11	0	0	0	670
Jafeluv	711	51	0	4	1	0	4	0	0	0	0	771
Jake Nelson	21	1	0	0	0	0	1	0	0	0	0	23
Jake Wartenberg	1955	90	0	82	3	9	433	29	27	0	34	2662
James086	4107	26	0	17	1	2	342	12	0	0	1	4508
JamesR	1090	8	0	42	4	10	104	10	1	0	3	1272
JamesTeterenko	222	2	0	27	18	0	160	4	0	0	0	433
Jamesday	6	7	0	2	0	0	6	1	0	0	0	22
JamieS93	6192	53	0	71	12	21	65	1	4	0	21	6440
Jaranda	17921	149	0	323	98	2	1208	229	0	0	0	19930
Jarry1250	619	10	0	11	1	2	29	1	3	0	3	679
Jasonbres	0	0	0	1	0	0	0	0	0	0	0	1
Jauerback	1250	8	0	54	8	6	777	55	7	0	4	2169
Jaxl	1604	10	0	3	1	0	36	0	0	0	0	1654
Jay	18	8	0	0	0	0	0	0	0	0	0	26
Jayjg	809	156	3	423	68	1	1983	228	1	0	0	3672
Jayron32	1454	24	0	306	9	36	1574	213	63	0	17	3696
Jbmurray	87	8	0	7	6	0	18	1	0	0	0	127
Jc37	1453	101	0	41	9	9	60	7	1	0	1	1682
Jclemens	11379	89	0	189	2	1	619	3	26	0	8	12316
Jcw69	67	1	0	0	0	0	108	3	0	0	0	179
Jdavidb	81	0	0	13	2	0	48	2	0	0	0	146
Jdforrester	389	53	0	23	7	0	48	12	0	0	0	532
JeLuF	146	3	0	2	0	0	2	1	0	0	4	158
Jedi6	14	0	0	2	3	0	10	1	0	0	0	30
Jeepday	523	9	0	16	1	0	563	8	5	0	0	1125
Jeffrey O. Gustafson	14386	197	0	469	28	37	727	107	0	0	1	15952
Jehochman	147	22	0	94	12	12	494	84	8	0	1	874
Jengod	125	0	0	7	0	0	0	0	0	0	0	132
Jennavecia	4317	517	0	284	29	58	438	49	1	0	13	5706
JeremyA	1998	16	0	37	16	0	267	14	0	0	0	2348
Jerry	3516	200	0	99	14	1	73	10	0	0	3	3916
Jersey Devil	554	10	0	28	6	2	190	18	0	0	0	808
Jersyko	578	1	0	52	10	5	116	6	0	0	0	768
Jerzy	295	157	0	4	0	0	111	5	3	0	0	575
Jesse Viviano	1704	70	0	11	5	2	326	57	3	0	0	2178
JesseW	29055	126	0	37	8	0	78	21	0	0	1	29326
Jfdwolff	441	40	0	104	16	7	267	19	0	0	0	894
Jiang	371	18	0	17	5	0	89	3	0	0	0	503
Jimbo Wales	299	16	0	42	13	3	79	41	0	0	9	502
Jimfbleak	31285	131	0	771	32	4	1436	234	1	0	0	33894
Jimregan	3	0	0	0	0	0	0	0	0	0	0	3
Jimtinman3909	0	0	0	1	0	0	0	0	0	0	0	1
Jingiby	0	0	0	1	0	0	0	0	0	0	0	1
Jinian	1800	5	0	9	3	0	0	0	0	0	0	1817
Jitse Niesen	627	24	0	14	9	2	35	4	0	0	0	715
Jj137	5099	59	0	286	30	49	875	20	0	0	33	6451
Jkelly	3628	61	0	35	17	0	188	12	0	0	0	3941
Jmabel	170	33	0	7	7	0	127	5	0	0	0	349
Jmlk17	11140	72	0	942	48	79	2032	52	0	0	0	14365
Jnc	1906	158	0	114	34	0	46	20	0	0	0	2278
Jni	19112	26	0	24	4	0	199	2	0	0	0	19367
Jnothman	62	1	0	1	0	0	1	1	0	0	0	66
JoJan	6414	31	0	117	2	6	1271	9	1	0	0	7851
JoanneB	1180	48	0	51	22	0	816	105	0	0	0	2222
JodyB	1848	38	0	21	4	4	305	22	0	0	0	2242
Joe Beaudoin Jr.	544	1	0	17	3	0	68	2	0	0	0	635
Joelr31	661	12	0	9	8	0	83	1	0	0	0	774
Jogers	91	0	0	0	0	0	0	0	0	0	0	91
Johan Elisson	352	14	0	11	4	0	42	5	0	0	0	428
Johann Wolfgang	54	2	0	2	1	0	57	1	0	0	0	117
John	2588	19	0	94	4	6	1221	25	1	0	0	3958
John Carter	331	3	0	22	2	2	42	4	18	0	3	427
John Kenney	190	33	0	4	3	0	8	4	0	0	0	242
John Reaves	11925	176	0	418	161	42	2262	228	1	0	49	15262
John Vandenberg	841	189	106	90	17	24	143	32	1	0	15	1458
JohnCD	1010	12	0	7	0	1	67	0	6	0	0	1103
JohnOwens	6	0	0	0	1	0	0	0	0	0	0	7
Johnleemk	1751	20	0	6	3	0	240	20	0	0	0	2040
Johntex	131	28	0	27	4	1	180	11	0	0	0	382
Joke137	15	0	0	1	1	0	29	3	0	0	0	49
Jon513	1325	20	0	3	0	0	43	1	0	0	2	1394
JonMoore	39	1	0	2	2	0	0	0	0	0	0	44
Jonathunder	135	13	0	8	1	0	65	3	0	0	0	225
Jondel	243	1	0	31	8	0	72	1	0	0	0	356
Jonny-mt	1027	40	0	67	5	10	217	15	0	0	8	1389
Joolz	244	3	0	0	1	0	0	1	0	0	0	249
Josephjames21	0	0	0	1	0	0	0	0	0	0	0	1
Josh Grosse	38	2	0	0	0	0	0	0	0	0	0	40
Joshbuddy	22	0	0	0	0	0	5	0	0	0	0	27
JoshuaZ	597	51	0	102	13	0	627	71	0	0	0	1461
Josiah Rowe	109	25	0	76	10	0	335	19	0	0	0	574
Jossi	760	34	0	356	95	28	2058	77	2	0	1	3411
Journalist	403	7	0	53	19	7	125	14	0	0	4	632
Joy	283	99	0	15	6	0	4	0	0	0	0	407
Joyous!	8434	13	0	132	50	0	450	18	0	0	0	9097
Jpgordon	968	22	1	201	17	10	3042	292	57	0	2	4612
Jrdioko	429	0	0	0	0	0	18	0	0	0	0	447
Jredmond	582	12	0	37	4	1	203	10	19	0	1	869
Jreferee	1375	49	0	144	6	27	36	4	0	0	0	1641
Jtdirl	112	30	0	118	44	0	432	29	0	0	0	765
Jtkiefer	870	100	0	53	15	0	403	85	0	0	0	1526
Judas Preist is effin awsome	0	0	0	2	0	0	0	0	0	0	0	2
Juliancolton	16268	273	0	614	33	216	2801	47	35	0	372	20659
Jusjih	1416	88	0	9	1	1	5	0	0	0	0	1520
Justinc	520	2	0	0	0	0	0	0	0	0	0	522
Jwrosenzweig	40	0	0	1	0	0	7	0	0	0	1	49
JzG	10196	258	0	645	36	20	1381	90	6	0	0	12632
Jza84	340	0	0	61	1	5	147	6	1	0	6	567
Jéské Couriano	535	119	0	759	62	122	1017	109	68	0	4	2795
K1Bond007	354	8	0	3	3	0	37	4	0	0	0	409
KF	511	16	0	2	0	0	1	0	0	0	0	530
KFP	736	116	0	14	4	1	65	10	0	0	0	946
Kafziel	1992	32	0	208	23	20	1426	58	10	0	8	3777
Kaihsu	337	27	0	11	6	0	128	15	0	0	0	524
Kaiser matias	17	3	0	4	0	0	16	0	0	0	0	40
Kaisershatner	70	0	0	14	3	2	480	16	0	0	0	585
Kakofonous	66	3	0	5	1	0	4	1	0	0	1	81
Kaldari	263	28	0	67	17	12	70	11	3	0	0	471
Kane5187	241	6	0	1	0	0	1	0	0	0	0	249
Kanonkas	612	26	0	81	12	55	1264	66	502	0	19	2637
Karada	624	16	0	48	8	1	561	23	1	0	0	1282
Karanacs	669	3	0	13	0	2	13	0	2	0	5	707
Karl Dickman	2771	41	0	9	8	0	33	10	0	0	0	2872
Karmafist	165	35	0	15	5	0	160	21	0	0	0	401
Katefan0	841	20	0	212	128	0	351	52	0	0	0	1604
Kateshortforbob	434	3	0	9	2	0	28	3	1	0	2	482
Kathryn NicDhàna	59	0	0	11	1	0	6	1	0	0	0	78
Kbdank71	22379	57	0	43	2	0	357	13	7	0	1	22859
Kbh3rd	111	10	0	23	0	1	1150	47	10	0	0	1352
Kbthompson	141	26	0	24	1	1	125	2	0	0	2	322
Kcordina	1220	41	0	9	0	0	168	7	0	0	0	1445
Keegan	3811	135	32	90	20	11	259	34	6	0	16	4414
Keenan Pepper	296	1	0	3	0	0	11	0	0	0	0	311
Keeper76	3086	78	0	67	12	10	89	14	0	0	22	3378
Keilana	1635	51	0	72	12	9	615	19	0	0	11	2424
Keith D	1076	557	0	126	0	9	52	1	0	0	1	1822
Kelly Martin	736	56	0	27	11	0	413	60	0	0	0	1303
Kevin	3477	59	0	165	9	36	595	27	7	0	6	4381
Khaosworks	330	12	0	10	4	0	162	80	0	0	0	598
Khendon	3	0	0	1	2	0	0	0	0	0	0	6
Khoikhoi	1196	298	0	594	223	11	1757	143	3	0	1	4226
Khukri	1056	12	0	60	7	2	444	14	1	0	0	1596
Khym Chanur	0	0	0	6	0	0	0	0	0	0	0	6
Kicking222	529	1	0	0	0	0	0	0	0	0	0	530
KieferSkunk	725	11	0	3	0	3	15	3	0	0	0	760
KillerChihuahua	1219	35	0	105	12	7	398	30	7	0	0	1813
Killiondude	2154	33	0	35	3	11	126	0	8	0	13	2383
Kilo-Lima	1207	2	0	36	9	0	668	69	0	0	0	1991
Kim Bruning	49	5	0	11	3	0	33	14	0	0	0	115
Kim Dent-Brown	284	1	0	17	2	0	3	1	0	0	0	308
Kimchi.sg	43255	715	0	538	118	20	2185	211	21	0	0	47063
KimvdLinde	888	55	0	61	19	1	47	7	1	0	0	1079
King of Hearts	5497	164	0	459	80	35	1736	551	14	0	14	8550
Kingboyk	3142	316	0	103	12	0	214	24	0	0	2	3813
Kingturtle	744	26	0	172	14	28	338	10	7	1489	77	2905
Kinu	7578	43	0	466	20	9	811	62	15	0	0	9004
Kirill Lokshin	1846	50	0	22	2	5	161	15	0	0	1	2102
Kizor	60	252	0	9	8	2	25	3	0	0	0	359
Kjkolb	513	14	0	1	1	0	138	8	0	0	0	675
Kmccoy	201	5	0	23	3	4	44	9	5	0	4	298
KnightLago	1035	53	0	201	16	34	847	91	8	0	1	2286
Knowledge Seeker	115	32	0	19	19	0	110	75	0	0	0	370
KnowledgeOfSelf	1671	27	0	261	27	17	5512	114	0	0	0	7629
Konstable	1080	91	0	97	25	0	435	135	0	0	0	1863
Kosebamse	335	0	0	1	0	0	10	0	0	0	0	346
Kotra	22	1	0	2	0	0	2	0	0	0	0	27
Kpjas	121	0	0	2	0	0	1	0	0	0	0	124
KrakatoaKatie	3346	70	0	99	5	17	318	16	0	0	3	3874
Kralizec!	696	98	0	671	202	84	3446	42	31	0	14	5284
Ktsquare	11	0	0	0	0	0	0	1	0	0	0	12
Kubigula	8132	39	0	112	9	1	565	19	2	0	0	8879
Kukini	920	11	0	50	2	2	3481	4	2	0	0	4472
Kungfuadam	16119	264	0	186	39	0	2569	245	0	0	0	19422
Kurt Shaped Box	2052	18	0	133	6	33	1617	20	12	0	0	3891
Kuru	1873	5	0	263	10	7	3887	60	59	0	10	6174
Kurykh	6191	108	0	184	19	42	600	72	4	0	4	7224
Kusma	11223	101	0	170	36	9	919	31	5	0	8	12502
Kwamikagami	748	31	0	127	9	19	231	16	12	0	0	1193
Kwsn	1720	13	0	47	4	17	220	32	0	0	0	2053
Kyle Barbour	477	115	0	2	0	0	46	11	0	0	0	651
Kylu	1427	44	0	191	12	25	246	26	0	0	35	2006
Kyorosuke	1013	46	0	43	23	0	162	47	0	0	0	1334
Kzollman	125	34	0	1	0	0	2	1	0	0	0	163
L'Aquatique	667	10	0	21	3	13	46	8	0	0	3	771
LAX	219	3	0	3	4	1	95	1	0	0	4	330
La goutte de pluie	591	30	0	32	17	2	184	37	0	0	0	893
Lachatdelarue	237	7	0	0	1	0	6	1	0	0	0	252
Lacrimosus	222	3	0	16	1	0	44	1	0	0	0	287
LadyofShalott	1418	12	0	25	4	1	80	6	1	0	2	1549
Lankiveil	1003	27	0	17	0	5	139	3	13	0	1	1208
Lar	928	64	0	113	29	11	543	43	2	0	11	1744
Larry V	263	11	0	1	1	0	2	0	0	0	0	278
Laser brain	165	1	0	2	0	0	5	2	0	0	0	175
Laurascudder	848	4	0	3	2	0	9	1	0	0	0	867
Law	361	20	0	15	2	1	205	6	5	0	1	616
Lazulilasher	211	9	0	16	4	5	59	1	2	0	2	309
LeaveSleaves	0	0	0	6	0	0	0	0	0	0	0	6
Lectonar	15775	67	0	197	147	84	389	9	9	0	0	16677
Leebo	547	11	0	16	0	0	128	7	0	0	0	709
Leinad	4	0	0	0	0	0	0	0	0	0	0	4
Leithp	367	22	0	6	1	0	329	12	0	0	0	737
Lenticel	227	5	0	1	0	0	0	0	0	0	0	233
LessHeard vanU	556	56	0	284	12	27	2726	79	32	0	0	3772
Lethe	35	13	0	3	2	0	34	16	0	0	0	103
Lexi Marie	605	28	0	41	25	0	157	52	0	0	0	908
Lexicon	167	23	0	10	3	1	57	5	0	0	0	266
Lexor	40	0	0	0	0	0	0	0	0	0	0	40
Lid	2435	11	0	17	0	0	49	0	0	0	0	2512
Lifebaka	2782	158	0	44	11	10	155	12	8	0	2	3182
Lightdarkness	1528	18	0	5	3	0	183	19	0	0	0	1756
Ligulem	4947	12	0	749	660	0	150	6	0	0	0	6524
LinguistAtLarge	175	2	0	1	0	0	0	0	0	0	2	180
Linuxbeak	339	5	0	64	17	0	389	34	0	20	15	883
Lipinki	0	0	0	2	0	0	0	0	0	0	0	2
LiquidGhoul	27	1	0	1	0	0	0	0	0	0	0	29
LittleDan	34	1	0	1	2	0	4	0	0	0	0	42
Llywrch	163	15	0	18	6	1	27	8	0	0	0	238
Lommer	737	2	0	1	2	0	1	0	0	0	0	743
Lomn	9	0	0	1	1	0	8	0	0	0	0	19
Longhair	5717	10	0	124	38	3	1680	41	1	0	4	7618
Lord Emsworth	2	0	0	0	0	0	0	0	0	0	0	2
Lord Voldemort	182	1	0	9	26	0	4	4	0	0	0	226
LordAmeth	52	1	0	0	0	0	0	0	0	0	0	53
Loren36	76	1	0	12	4	1	302	20	0	0	0	416
Lostintherush	792	7	0	27	6	2	112	6	0	0	0	952
LouI	35	1	0	0	0	0	0	0	0	0	0	36
Lowellian	256	71	0	5	0	0	0	0	0	0	0	332
Lquilter	22	1	0	0	0	0	6	0	0	0	0	29
Lradrama	181	2	0	0	0	0	201	15	0	0	1	400
Lucky 6.9	27946	129	0	766	50	0	1919	248	0	0	0	31058
Ludraman	16	3	0	2	2	0	4	0	0	0	0	27
Luigi30	3279	15	0	52	2	0	152	5	0	0	0	3505
Luis Hernández García	0	0	0	2	0	0	0	0	0	0	0	2
Luk	22225	215	0	622	26	126	3991	344	128	0	18	27695
Luna Santin	6256	102	11	1818	160	122	12625	1035	109	0	15	22253
Lupin	642	1	0	5	3	0	126	8	0	0	0	785
Lupo	1911	15	0	9	0	0	398	21	0	0	0	2354
Lyrl	257	1	0	0	1	0	5	0	0	0	0	264
M7	0	0	0	0	0	0	0	0	1	0	0	1
MBK004	717	13	0	139	4	20	329	17	11	0	20	1270
MBisanz	49565	531	0	519	19	82	1336	89	20	1749	360	54270
MBoarSidwell	0	0	0	1	0	0	0	0	0	0	0	1
MC MasterChef	103	0	0	0	0	0	35	4	0	0	0	142
MCB	1166	17	0	33	4	3	422	17	1	0	0	1663
MECU	5336	21	0	2	0	1	7	0	0	0	0	5367
MER-C	0	0	0	15	0	0	0	0	0	0	0	15
MGodwin	3	0	0	0	0	0	0	0	0	0	0	3
MJCdetroit	104	6	0	28	3	11	5	0	0	0	0	157
MLauba	271	59	0	5	1	0	3	0	0	0	0	339
MONGO	3035	27	0	116	35	0	396	39	0	0	0	3648
MPF	441	9	0	7	0	0	17	0	0	0	0	474
MPUploadBot	50	7	0	52	0	3	0	0	0	0	0	112
MSGJ	1113	101	0	90	39	27	58	1	5	0	23	1457
MZMcBride	805702	578	0	7290	950	422	165	118	187	0	1	815413
MacGyverMagic	5598	108	0	193	106	2	279	33	0	0	0	6319
Mackensen	2510	107	0	71	7	1	1581	237	0	0	0	4514
Mackeriv	96	1	0	3	0	0	14	3	0	0	0	117
Madchester	514	15	0	99	18	4	242	10	0	0	0	902
Madman	873	61	0	24	5	4	140	16	3	0	0	1126
Maedin	188	157	0	2	2	0	5	1	1	0	3	359
Magioladitis	2348	17	0	24	0	4	61	3	2	0	0	2459
Magnus Manske	889	4	0	1	1	0	14	0	0	0	0	909
Mahanga	889	10	0	8	1	1	60	3	0	0	0	972
Mailer diablo	49319	245	22	157	15	2	246	14	2	0	0	50022
Mairi	751	5	0	3	2	0	5	0	0	0	0	766
Majorly	15244	506	0	548	104	7	660	39	0	0	10	17118
Makemi	4809	53	0	79	13	0	378	25	0	0	0	5357
Malcolm	1284	63	0	47	17	2	274	19	0	0	0	1706
Malcolm Farmer	776	3	0	0	0	0	24	1	0	0	0	804
Malcolmxl5	5988	40	0	210	6	13	34	1	1	0	2	6295
Malik Shabazz	831	0	0	1	0	1	6	1	0	0	0	840
Malinaccier	689	4	0	163	13	29	596	14	5	0	261	1774
Mallanox	1860	19	0	2	1	0	5	0	0	0	0	1887
Malo	3612	20	0	113	8	1	2248	246	0	0	0	6248
Mangojuice	4269	82	0	108	12	8	846	342	62	0	31	5760
Manning Bartlett	1403	12	0	8	1	10	31	5	1	0	3	1474
Marasmusine	4380	33	0	40	4	0	253	4	0	0	0	4714
Mardetanha	0	0	0	0	0	0	2	1	0	0	0	3
Marianocecowski	242	8	0	0	3	0	32	0	0	0	0	285
Marine 69-71	240	5	0	66	26	0	120	35	0	0	1	493
Mark	454	84	0	120	26	8	158	37	3	0	0	890
Mark Dingemanse	293	0	0	1	3	0	45	3	0	0	0	345
Mark Richards	0	0	0	0	0	0	0	5	0	0	0	5
Mark83	368	10	0	1	2	0	3	0	0	0	0	384
MarkGallagher	1932	27	0	81	61	0	116	26	0	0	0	2243
MarkSweep	1945	23	0	105	5	0	1133	41	0	0	0	3252
Markles	65	8	0	44	3	10	1	0	0	0	0	131
Marshman	25	0	0	0	0	0	30	2	0	0	0	57
Marskell	40	2	0	32	16	3	25	0	0	0	0	118
Martijn Hoekstra	1146	14	0	4	1	0	120	4	1	0	2	1292
MartinHarper	14	0	0	0	1	0	0	0	0	0	0	15
Martinp23	1387	89	0	228	31	4	359	71	2	0	4	2175
Martyman	131	2	0	2	0	0	35	1	0	0	0	171
Marudubshinki	4852	55	0	28	14	0	448	30	0	0	0	5427
Marumari	0	0	0	0	0	1	8	0	0	0	0	9
Masamage	841	16	0	16	2	3	19	1	0	0	0	898
Masem	91	11	0	9	0	2	12	0	0	0	0	125
MastCell	5573	70	0	503	23	50	973	77	3	0	1	7273
Master Jay	196	8	0	82	7	1	303	36	0	0	0	633
Master Thief Garrett	1144	6	0	7	1	0	12	2	0	0	0	1172
Master of Puppets	2544	68	0	278	32	55	988	35	13	0	10	4023
Materialscientist	98	0	0	78	3	12	183	1	8	0	0	383
Matilda	221	20	0	33	15	1	231	10	0	0	0	531
Matt Britt	5	2	0	2	0	0	1	0	0	0	0	10
Matt Crypto	132	22	0	38	22	0	174	18	0	0	0	406
Mattbr	2550	65	0	4	0	0	9	0	0	0	0	2628
MatthewUND	53	1	0	0	0	0	5	0	0	0	0	59
Matthewedwards	2123	87	0	29	8	1	26	3	0	0	0	2277
Mattinbgn	1116	39	0	43	3	9	81	2	0	0	0	1293
Mattyb420	0	0	0	2	0	0	0	0	0	0	0	2
Maunus	1	0	0	7	0	1	3	0	0	0	0	12
Maury Markowitz	154	19	0	0	0	1	47	5	0	0	0	226
Mav	505	12	0	125	2	1	18	7	0	0	0	670
MaxSem	4846	23	0	167	25	7	343	96	3	0	14	5524
Maxim	106756	925	0	2479	276	563	2482	137	84	0	200	113902
Maxim's JS test account	0	0	0	1	0	0	0	0	0	0	0	1
Maximus Rex	68	0	0	0	0	0	0	0	0	0	0	68
Mazca	1017	9	0	24	2	7	305	3	13	0	3	1383
Mbecker	0	0	0	1	3	0	3	1	0	0	0	8
Mdd4696	2234	8	0	31	8	0	89	4	0	0	0	2374
MediaWiki default	1310	0	0	0	0	0	0	0	0	0	0	1310
Meegs	8893	33	0	1	0	0	97	5	0	0	0	9029
Meelar	1264	7	0	2	1	0	121	1	0	0	0	1396
MegaHL90	0	0	0	1	0	0	0	0	0	0	0	1
Mel Etitis	3126	19	0	160	24	0	848	57	0	0	0	4234
Melburnian	123	2	0	6	1	0	30	0	0	0	0	162
Melchoir	1166	9	0	30	1	0	95	2	1	0	0	1304
Melesse	21758	54	0	3	0	0	1	0	0	0	0	21816
Menchi	23	2	0	0	0	0	0	0	0	0	0	25
Meno25	527	32	0	3	1	1	7	3	1	0	15	590
Mentifisto	5217	21	0	33	0	8	6668	15	72	0	64	12098
Mercury	314	93	0	82	34	25	137	62	0	0	0	747
Merkinsmum	0	0	0	3	0	0	0	0	0	0	0	3
Merope	11766	60	0	56	6	0	834	15	0	0	0	12737
Merovingian	2013	100	0	32	14	0	275	21	0	0	28	2483
Merphant	1	2	0	0	0	0	0	0	0	0	0	3
Metalx97856	0	0	0	1	0	0	0	0	0	0	0	1
Metamagician3000	110	4	0	11	4	0	28	5	0	0	0	162
Metropolitan90	2718	24	0	1	0	1	6	2	0	0	0	2752
Mets501	9380	98	0	207	38	0	293	22	0	0	0	10038
Mfield	896	17	0	148	6	32	651	10	24	0	1	1785
Miborovsky	46	3	0	19	13	0	30	5	0	0	0	116
Michael Greiner	825	14	0	10	7	0	12	1	5	0	0	874
Michael Hardy	297	73	0	1	0	0	17	5	1	0	0	394
Michael Snow	875	106	0	22	164	1	54	68	1	0	0	1291
MichaelBillington	507	8	0	6	0	0	4567	70	0	0	2	5160
Michaelas10	363	22	0	80	8	1	61	8	0	0	0	543
Midom	0	0	0	0	0	0	1	0	0	0	0	1
Mifter	1724	6	0	114	4	6	346	1	27	0	27	2255
Mikaey	1099	1115	0	11	1	2	73	0	1	0	2	2304
Mike 7	1263	16	0	39	3	0	285	6	0	0	0	1612
Mike Halterman	149	9	0	13	9	1	64	10	0	0	0	255
Mike Peel	3029	20	0	4	4	0	4	0	1	0	0	3062
Mike Rosoft	14594	409	0	428	47	18	2306	390	11	0	0	18203
Mike Selinker	2018	15	0	11	4	0	17	1	0	0	0	2066
Mike.lifeguard	2	0	0	0	0	0	0	1	0	0	0	3
Mikeblas	128	1	0	0	0	0	0	0	0	0	0	129
MilborneOne	295	0	0	3	2	0	13	0	0	0	0	313
Mindmatrix	2329	26	0	26	2	0	47	1	1	0	1	2433
Mindspillage	2299	75	0	53	27	2	92	46	0	0	0	2594
Minesweeper	13	2	0	0	0	0	1	0	0	0	0	16
Mirv	1146	28	0	38	37	0	40	46	0	0	1	1336
MisfitToys	79	8	0	0	0	0	0	0	0	0	0	87
Misza13	223396	280	0	284	22	2	4609	271	0	0	6	228870
Mitchazenia	120	3	0	2	1	0	15	2	0	0	0	143
Mjroots	43	1	0	16	1	3	39	1	5	0	0	109
Mkmcconn	20	0	0	3	3	0	0	0	0	0	0	26
Mkweise	30	2	0	0	1	0	1	0	0	0	0	34
Mlaffs	103	0	0	1	0	0	0	0	0	0	0	104
Mo0	3125	23	0	14	3	0	229	21	1	0	0	3416
MoRsE	57	3	0	0	0	0	25	1	0	0	0	86
Modemac	14	0	0	3	5	0	6	1	0	0	0	29
Moink	304	3	0	2	0	0	7	7	0	0	0	323
Molikroth	0	0	0	1	0	0	0	0	0	0	0	1
Moncrief	99	1	0	4	3	0	40	1	0	0	0	148
Moni3	41	3	0	65	1	20	27	0	2	0	0	159
Montrealais	22	1	0	0	0	0	0	0	0	0	0	23
Moondyne	1958	55	0	58	14	2	299	38	0	0	0	2424
Moonriddengirl	8605	1268	0	212	23	13	325	19	13	0	0	10478
Moreschi	1043	26	0	195	11	41	861	80	6	0	20	2283
Moriori	3534	3	0	0	0	0	252	5	0	0	0	3794
Morven	814	26	0	7	1	0	224	54	1	0	0	1127
Morwen	615	14	0	6	1	0	84	8	0	0	0	728
Mr. Lefty	1550	10	0	62	6	0	614	31	1	0	0	2274
Mr.Z-man	19466	242	1	481	50	285	1632	182	25	0	26	22390
MrDarcy	222	5	0	36	7	0	143	12	0	0	0	425
Mtmelendez	1041	5	0	11	0	0	2	0	0	0	0	1059
MuZemike	1494	49	0	45	0	8	785	24	57	0	5	2467
Mufka	1976	9	0	50	1	4	589	0	21	0	0	2650
Mulad	41	6	0	0	0	0	0	0	0	0	0	47
Mushroom	21976	182	0	34	9	3	444	90	0	0	0	22738
Musical Linguist	324	149	0	109	24	0	900	71	0	0	0	1577
Mustafaa	131	1	0	0	3	0	10	1	0	0	0	146
MykReeve	2	0	0	0	0	0	0	0	0	0	0	2
Myleslong	22	29	0	6	3	0	28	8	0	0	0	96
Mysekurity	728	14	0	40	21	0	81	2	0	0	0	886
Mysid	2493	2	0	2	1	0	14	5	0	0	0	2517
Mzajac	148	4	0	8	2	1	46	4	0	0	0	213
NCurse	1616	11	0	1	1	0	34	0	0	0	0	1663
NSLE	561	11	0	90	18	0	440	101	0	0	0	1221
Nabla	900	50	0	16	5	1	1	0	0	0	0	973
Nae'blis	844	53	0	28	2	0	15	2	0	0	0	944
Nagy	0	0	0	1	0	0	0	0	0	0	0	1
Nakon	35009	391	0	603	67	30	12813	6151	22	0	91	55177
Nancy	11441	82	0	353	19	12	756	11	10	0	7	12691
Nandesuka	694	29	0	96	16	2	383	27	1	0	0	1248
Nanfoodle	0	0	0	1	0	0	0	0	0	0	0	1
Nanobug	1	0	0	0	0	0	0	0	0	0	0	1
Nat	189	35	0	156	9	31	263	15	0	0	0	698
Natalie Erin	4503	23	0	69	3	0	988	27	0	0	0	5613
Natalya	325	13	0	36	7	3	109	39	0	0	0	532
NawlinWiki	164044	6680	0	8879	26	652	14353	464	360	0	6	195464
Necrothesp	354	11	0	1	0	1	107	8	0	0	0	482
Nehrams2020	4665	20	0	6	2	1	126	2	0	0	0	4822
Netsnipe	1161	60	0	605	91	10	3672	1757	12	0	1	7369
Neutrality	3879	32	0	48	10	0	175	58	0	0	0	4202
Nev1	311	16	0	36	3	21	164	3	3	0	0	557
Newyorkbrad	760	15	0	50	5	2	531	32	0	0	1	1396
Ngb	622	62	0	9	6	0	10	0	0	0	0	709
Nichalp	1191	70	0	50	16	4	72	9	0	979	163	2554
NicholasTurnbull	212	14	0	15	10	0	139	17	0	0	0	407
Nick	2893	130	0	245	23	20	671	67	9	0	2	4060
Nick-D	485	12	0	58	2	8	325	17	22	0	0	929
Nickptar	612	13	0	3	1	0	116	31	0	0	0	776
Nickshanks	54	1	0	3	0	0	0	0	0	0	0	58
Nicman911	0	0	0	2	0	0	0	0	0	0	0	2
Night Gyr	490	37	0	10	3	1	31	2	0	0	0	574
Nightmarishnight	0	0	0	1	0	0	0	0	0	0	0	1
Nightscream	24	8	0	61	5	2	140	2	2	0	0	244
Nightstallion	1769	128	0	71	7	0	29	2	0	0	0	2006
Nihiltres	12384	175	0	117	28	27	267	16	2	0	11	13027
Nihonjoe	6003	302	0	263	34	8	739	29	17	2	3	7400
Nikki311	436	2	0	25	1	2	43	1	0	0	1	511
Nilfanion	570	25	0	4	3	0	3	0	0	0	0	605
Nishkid64	7435	349	1	1518	641	130	7394	306	651	0	26	18451
Niteowlneils	4157	80	0	1	0	0	16	1	0	0	0	4255
Nixdorf	2	0	0	0	0	0	0	0	0	0	0	2
Nixeagle	10319	243	0	93	14	9	3324	84	26	0	2	14114
Nja247	1734	29	0	160	6	33	1257	23	72	0	24	3338
Nlu	1595	91	0	602	226	13	3542	220	0	0	0	6289
Nmajdan	215	5	0	7	7	4	63	2	0	0	0	303
No Guru	927	11	0	33	14	0	442	8	1	0	0	1436
NoSeptember	1593	47	0	24	25	1	122	61	0	0	45	1918
NodpiW	0	0	0	1	0	0	0	0	0	0	0	1
Nohat	265	38	0	39	33	0	62	5	0	0	0	442
Noldoaran	2	0	0	0	0	0	0	0	0	0	0	2
Notheruser	70	0	0	0	0	0	0	0	0	0	0	70
Nousernamesleft	198	7	0	5	2	3	2	1	0	0	3	221
NrDg	1619	123	0	279	19	28	846	27	44	0	4	2989
NuclearWarfare	7497	170	0	208	8	59	1370	38	62	0	57	9469
Nufy8	371	1	0	35	2	7	332	15	1	0	0	764
Number 57	6112	69	0	74	2	1	53	4	0	0	0	6315
Nunh-huh	453	29	0	27	3	1	319	12	3	0	1	848
Nv8200p	59584	181	0	26	3	0	108	3	0	0	0	59905
Nyttend	4403	147	0	27	1	0	173	2	3	0	0	4756
Oberiko	294	3	0	8	2	0	162	0	0	0	0	469
Obli	1047	6	0	28	5	0	99	7	0	0	0	1192
Ocatecir	1340	11	0	104	16	1	248	9	0	0	0	1729
Ocee	195	0	0	3	3	10	95	5	0	0	0	311
Od Mishehu	6270	192	0	176	25	26	338	59	107	0	4	7197
OhanaUnited	504	34	0	11	3	1	139	7	0	0	8	707
Ohnoitsjamie	4738	61	0	280	11	19	2508	50	27	0	0	7694
Okiefromokla	195	2	0	21	3	3	208	7	0	0	0	439
OlEnglish	34	3	0	1	1	0	10	0	0	0	0	49
OldakQuill	325	22	0	6	2	0	2	1	0	0	0	358
Oldboy212	0	0	0	1	0	0	0	0	0	0	0	1
Oldelpaso	663	12	0	19	10	0	35	1	0	0	2	742
Oldwindybear	2	0	0	0	0	0	2	1	0	0	0	5
Oleg Alexandrov	689	57	0	14	8	0	35	10	0	0	1	814
Olessi	142	6	0	0	0	0	14	1	0	0	0	163
Oliver Pereira	2	6	0	0	1	0	0	0	0	0	0	9
Olivier	193	7	0	7	1	0	24	0	0	0	0	232
Omegatron	308	90	0	27	12	0	15	0	0	0	0	452
One	974	103	0	117	18	1	143	28	1	0	0	1385
Opabinia regalis	1410	5	0	15	2	0	3	0	0	0	0	1435
Orangemike	21793	138	0	563	25	13	4704	42	42	0	0	27320
Orderinchaos	4357	137	0	82	16	8	222	36	2	0	1	4861
Oren0	179	7	0	26	6	7	36	8	3	0	4	276
Orioane	114	1	0	4	2	0	11	0	0	0	0	132
Orlady	90	10	0	14	3	6	18	0	1	0	0	142
Orphaned talkpage deletion bot	889	58	0	0	0	0	0	0	0	0	0	947
Oscarthecat	3287	21	0	248	5	0	310	7	2	0	0	3880
OverlordQ	521	3	0	12	1	0	372	82	31	0	0	1022
Owen	254	24	0	15	33	0	84	23	0	0	0	433
OwenX	2323	22	0	181	20	1	1248	82	2	0	8	3887
Oxymoron83	10861	98	0	409	11	62	5336	34	50	0	0	16861
PDH	9821	82	0	355	197	0	243	21	0	0	0	10719
PFHLai	3434	132	0	851	744	1	58	1	0	0	0	5221
PMDrive1061	22265	284	0	1178	26	34	3701	117	408	0	5	28018
PS2pcGAMER	2303	23	0	25	32	0	87	18	0	0	0	2488
PZFUN	93	3	0	6	2	0	14	6	0	0	0	124
Pablo-flores	920	2	0	16	6	2	180	2	0	0	0	1128
Paginazero	3	3	0	0	0	0	0	0	0	0	0	6
Pagrashtak	3190	13	0	3	2	0	10	1	0	0	0	3219
Pakaran	133	9	0	4	5	0	44	6	0	21	23	245
Pamri	707	1	0	0	4	0	0	0	0	0	0	712
Papa November	3165	46	0	24	6	13	234	13	1	0	0	3502
Parsecboy	2652	108	0	34	6	0	390	11	2	0	4	3207
Parthian Scribe	0	0	0	1	0	0	0	0	0	0	0	1
Pascal.Tesson	15985	89	0	84	2	1	794	20	0	0	2	16977
Pastor Theo	474	0	0	8	0	0	59	9	1	0	1	552
Pastordavid	1312	9	0	8	6	0	10	1	0	0	0	1346
Patar knight	243	4	0	3	0	0	3	0	0	0	0	253
Pathoschild	8347	149	1	151	33	0	2429	705	76	0	1	11892
Patrick	134	112	0	9	1	1	3	1	0	0	0	261
Pats1	491	58	0	140	8	16	372	7	5	0	0	1097
Paul A	91	18	0	0	0	0	0	0	0	0	0	109
Paul August	1115	9	0	8	1	3	123	3	0	0	0	1262
Paul Benjamin Austin	25	4	0	45	9	0	65	16	0	0	0	164
Paul Erik	1774	52	0	13	2	0	315	4	4	0	0	2164
Pax:Vobiscum	574	38	0	182	6	13	34	1	0	0	0	848
Paxse	7	0	0	0	0	0	4	1	0	0	0	12
Pb30	858	1	0	0	0	1	278	3	0	0	0	1141
Pcb21	101	43	0	3	6	0	1	1	0	0	0	155
PeaceNT	5087	175	0	105	10	8	298	9	0	0	0	5692
PedanticallySpeaking	41	8	0	2	0	0	0	0	0	0	0	51
Pedro	8846	41	0	91	14	11	777	14	7	0	265	10066
Pedro Paulo Vasconcellos	0	0	0	2	0	0	0	0	0	0	0	2
Pegship	191	2	0	1	0	0	1	0	0	0	0	195
Penader	0	0	0	1	0	0	0	0	0	0	0	1
Pending deletion script	1210	0	0	0	0	0	0	0	0	0	0	1210
Pengo	50	14	0	2	1	0	7	0	0	0	0	74
Penwhale	145	8	0	44	6	14	50	13	1	0	0	281
Pepsidrinka	993	33	0	34	19	0	395	34	0	0	0	1508
Perceval	29	0	0	5	4	0	19	0	0	0	0	57
Peripitus	8321	41	0	87	18	13	151	10	8	0	3	8652
Persian Poet Gal	2289	95	0	998	25	39	3214	141	10	0	1	6812
Peruvianllama	624	7	0	18	4	0	366	6	0	0	0	1025
Peteforsyth	17	5	0	5	2	3	11	2	3	0	0	48
Peter	3642	47	0	74	23	0	652	39	0	0	0	4477
PeterSymonds	5781	179	0	1078	354	373	2389	123	370	0	409	11056
Pgk	3711	73	0	556	54	0	4060	2204	0	0	0	10658
Phaedriel	3551	55	0	199	30	16	308	19	0	0	0	4178
Pharos	402	70	0	593	153	0	41	7	1	0	0	1267
Phil Bordelon	0	0	0	2	1	0	0	0	0	0	0	3
Phil Boswell	532	10	0	79	1	3	19	4	0	0	0	648
Phil Sandifer	676	138	0	80	57	8	280	69	0	0	0	1308
PhilKnight	23479	413	0	822	52	32	4556	187	133	0	26	29700
Philip Baird Shearer	412	75	0	80	15	19	15	2	0	0	0	618
Philippe	4122	51	0	350	33	44	1504	66	2	0	8	6180
Philosopher	1191	20	0	28	2	5	35	2	7	0	25	1315
Phils	15	1	0	0	0	0	26	2	0	0	0	44
Philwelch	933	44	0	28	7	0	72	14	0	0	0	1098
Phuntsok2000	0	0	0	2	0	0	0	0	0	0	0	2
Physchim62	1115	41	0	34	5	0	107	17	0	0	0	1319
Piazzajordan2	0	0	0	1	0	0	0	0	0	0	0	1
Picaroon	4039	61	0	55	12	5	461	27	0	0	1	4661
PierreAbbat	0	0	0	0	0	0	6	0	0	0	0	6
Pigman	1018	9	0	14	0	1	21	4	0	0	0	1067
Pilotguy	7231	64	0	294	29	1	2576	685	0	0	0	10880
PinchasC	119	18	0	48	14	1	188	6	0	0	0	394
Pinkville	1	0	0	6	0	0	1	0	0	0	0	8
Piotrus	619	178	0	19	8	2	80	17	0	0	0	923
Pjacobi	230	6	0	15	3	0	99	2	0	0	0	355
Plange	123	0	0	3	1	0	32	0	0	0	0	159
Plastikspork	3584	129	0	185	14	22	15	0	2	0	0	3951
Please try again.	0	0	0	1	0	0	0	0	0	0	0	1
Poeloq	21	1	0	0	0	0	52	2	0	0	4	80
Polaron	0	0	0	1	0	0	0	0	0	0	0	1
Pollinator	35	0	0	4	0	0	146	1	0	0	0	186
Poor Yorick	93	0	0	6	3	1	0	0	0	0	0	103
Postdlf	5659	84	0	118	4	3	721	9	3	0	0	6601
Pratyeka	1	2	0	0	0	0	0	0	0	0	0	3
Premeditated Chaos	1732	18	0	3	0	0	19	1	0	0	0	1773
PrimeHunter	67	7	0	3	2	0	0	0	0	0	1	80
ProcseeBot	0	0	0	0	0	0	79613	0	0	0	0	79613
Prodego	2103	267	0	145	101	68	1258	224	66	0	41	4273
ProhibitOnions	254	1	0	0	1	0	50	0	0	0	0	306
Prolog	1248	34	0	65	5	4	588	2	4	0	0	1950
Promethean	0	0	0	1	0	0	0	0	0	0	0	1
Proteus	116	0	0	2	0	0	11	10	0	0	0	139
Protonk	2724	1222	0	94	7	14	195	21	27	0	4	4308
ProveIt	4433	7	0	3	0	0	2	0	0	0	0	4445
Pschemp	2135	247	0	169	29	0	3321	319	0	0	0	6220
Psy guy	110	0	0	10	9	0	181	17	0	0	0	327
Qaz	75	0	0	0	0	0	0	0	0	0	0	75
Quadell	95659	301	0	51	16	3	120	11	1	0	0	96162
Quarl	7973	111	0	22	10	0	37	3	0	0	0	8156
Quell	0	0	0	1	0	0	0	0	0	0	0	1
Quercusrobur	15	2	0	3	2	0	8	0	0	0	0	30
Qwghlm	592	31	0	17	1	0	17	0	0	0	0	658
R'n'B	8479	190	0	20	4	0	5	0	0	0	0	8698
R-Con 9	0	0	0	1	0	0	0	0	0	0	0	1
R. Baley	8	3	0	26	1	11	78	6	0	0	1	134
R. fiend	2822	21	0	19	4	0	56	1	0	0	0	2923
R3m0t	1340	15	0	30	0	0	4	4	0	0	0	1393
RG2	3298	61	0	18	1	0	162	8	0	0	0	3548
RHaworth	44534	2921	0	2316	41	2	538	16	4	0	0	50372
RJFJR	34	2	0	0	0	0	1	0	0	0	0	37
RN	706	132	0	17	15	0	28	7	0	0	0	905
Radiant!	2464	50	0	180	45	0	178	23	0	0	0	2940
RadicalBender	510	8	0	3	0	0	13	0	0	0	0	534
RadioKirk	2676	77	0	164	15	0	1678	74	0	0	0	4684
Ragesoss	357	42	0	5	1	2	6	0	0	0	0	413
Ragib	487	16	0	52	8	2	263	12	0	0	0	840
Raith Sienar	0	0	0	8	0	0	0	0	0	0	0	8
Ral315	2267	121	0	353	28	24	347	49	0	0	2	3191
Ram-Man	834	3	0	16	0	1	25	6	0	0	0	885
Rama	767	9	0	18	10	0	316	13	1	0	0	1134
Rama's Arrow	1202	3	0	46	9	0	200	25	0	0	0	1485
Ramallite	2	0	0	0	0	0	6	0	0	0	0	8
Rambo's Revenge	90	8	0	2	0	2	5	0	1	0	0	108
Ran	193	3	0	7	0	2	87	2	0	0	0	294
Random832	609	127	0	30	11	10	33	8	0	0	9	837
RandomXYZb	2778	36	0	242	19	24	1506	49	8	0	7	4669
Raso mk	0	0	0	1	0	0	0	0	0	0	0	1
RasputinAXP	2198	13	0	28	5	0	84	3	0	0	0	2331
Raul654	1163	104	0	1703	505	42	2495	226	5	148	83	6474
Raven4x4x	407	2	0	3	0	0	200	1	0	0	1	614
Raymolayenie	0	0	0	1	0	0	0	0	0	0	0	1
Raymond arritt	874	2	0	32	8	5	344	21	0	0	0	1286
Rbrwr	346	2	0	0	0	0	1	0	0	0	0	349
Rd232	1689	5	0	66	8	17	83	6	2	0	0	1876
Rdsmith4	3198	65	0	139	61	0	597	269	2	872	96	5299
Rebecca	2211	69	0	32	3	2	138	71	0	0	0	2526
Recurring dreams	6	0	0	1	0	0	21	1	0	0	0	29
RedWolf	14622	50	0	0	0	0	3	0	0	0	0	14675
RedWordSmith	240	11	0	13	20	0	20	1	0	0	0	305
RedirectCleanupBot	4377	0	0	0	0	0	0	0	0	0	0	4377
Redux	196	12	0	24	7	0	48	1	0	131	129	548
Redvers	17260	160	0	883	28	19	2119	201	310	0	1	20981
Redwolf24	1943	48	0	50	25	0	208	45	0	0	0	2319
Reedy	1127	32	0	36	13	13	40	11	0	0	10	1282
Refdoc	61	5	0	11	4	0	28	5	0	0	0	114
Reflex Reaction	511	14	0	1	2	0	6	0	0	0	0	534
RegentsPark	332	9	0	122	16	44	98	1	3	0	0	625
Remember the dot	816	11	0	26	2	7	18	1	0	0	13	894
Renata3	4795	34	0	15	2	0	60	4	0	0	0	4910
Renesis	148	0	0	25	1	0	19	6	0	0	0	199
Resolute	1213	18	0	23	2	1	46	2	0	0	0	1305
Retired username	12142	239	0	115	33	8	206	14	0	0	2	12759
RetiredUser2	376	88	0	25	15	0	12	6	0	0	0	522
Rettetast	22128	64	0	20	4	3	414	6	1	0	15	22655
Revolving Bugbear	102	7	0	5	1	0	25	11	0	0	0	151
RexNL	2299	11	0	153	11	9	4191	66	15	0	0	6755
ReyBrujo	951	36	0	101	29	5	138	2	0	0	0	1262
Rfl	364	39	0	0	0	0	0	0	0	0	0	403
Rhobite	719	15	0	67	26	0	617	47	0	0	0	1491
Rholton	277	3	0	8	1	0	22	3	0	0	0	314
Riana	14438	155	0	1058	108	108	2446	192	3	0	18	18526
Rich Farmbrough	2990	226	0	81	32	14	247	28	10	0	3	3631
Richardcavell	433	8	0	29	9	1	73	2	0	0	0	555
Richardshusr	983	38	0	53	24	12	16	3	0	0	0	1129
Rick Block	632	3	0	3	1	0	66	2	0	0	0	707
RickK	2466	14	0	53	5	0	651	26	0	0	0	3215
Ricky81682	4091	22	0	34	60	20	138	16	10	0	0	4391
Rifleman 82	386	40	0	32	9	5	115	7	4	0	3	601
Rigadoun	215	10	0	2	1	0	2	1	0	0	0	231
Risker	522	56	178	121	31	79	201	15	31	0	5	1239
Rjanag	675	25	0	63	7	8	127	16	15	0	1	937
Rjd0060	15141	385	0	657	45	99	1174	132	67	0	29	17729
Rje	1206	8	0	93	171	0	315	5	0	0	0	1798
Rkitko	671	48	0	15	2	2	11	1	0	0	0	750
Rklawton	879	14	0	25	2	2	480	15	10	0	0	1427
Rlandmann	1057	68	0	23	3	0	44	3	0	0	0	1198
Rlevse	1378	59	24	150	20	29	2735	157	12	547	94	5205
Rlquall	4	1	0	0	0	0	1	1	0	0	0	7
Rmhermen	2069	15	0	26	7	4	55	0	0	0	0	2176
Roadrunner	0	0	0	0	0	0	5	0	0	0	0	5
RobH	0	0	0	0	0	0	0	0	0	1	0	1
RobLa	2	1	0	0	0	0	0	0	0	0	0	3
Robchurch	714	11	0	6	4	0	83	12	0	0	0	830
Robdurbar	1591	72	0	147	84	0	112	25	0	0	0	2031
Robert Merkel	0	1	0	0	0	0	5	4	0	0	0	10
RobertG	6057	23	0	39	5	3	394	23	0	0	1	6545
Robin Patterson	0	0	0	0	0	0	1	0	0	0	0	1
Robth	3830	187	0	5	3	0	10	0	0	0	0	4035
RobyWayne	122	0	0	0	0	0	14	0	0	0	0	136
RockMFR	2041	171	0	175	124	25	319	5	1	0	1	2862
Rockero	78	1	0	5	2	0	13	0	0	0	0	99
Rockpocket	464	17	0	29	9	4	141	17	1	0	1	683
Rocky Road	0	0	0	1	0	0	0	0	0	0	0	1
Rodhullandemu	977	58	0	758	28	155	2428	103	74	0	14	4595
Roger Davies	437	24	20	10	3	3	46	17	4	0	3	567
Rogerd	579	11	0	24	5	0	138	1	0	0	0	758
Ronhjones	22	1	0	7	2	0	3	2	0	0	0	37
Ronline	62	3	0	6	9	0	11	1	0	0	0	92
Ronnotel	19	2	0	42	9	6	87	24	1	0	1	191
Roozbeh	152	2	0	27	7	0	8	1	0	0	0	197
Rosiestep	11	5	0	2	2	0	0	0	0	0	2	22
Rossami	1006	467	0	36	9	1	230	2	0	0	0	1751
RoyBoy	129	2	0	36	2	1	611	13	0	0	0	794
RoySmith	347	11	0	29	5	0	233	10	1	0	0	636
Royalbroil	954	22	0	69	22	5	48	4	0	0	0	1124
Royalguard11	1825	32	0	267	379	28	179	19	0	0	0	2729
Royboycrashfan	6095	107	0	73	0	0	386	22	0	0	0	6683
Rschen7754	1057	52	0	341	5	9	529	52	9	0	7	2061
Rspeer	116	5	0	15	1	0	109	23	1	0	0	270
Ruhrfisch	279	13	0	46	4	2	50	4	4	0	1	403
Runcorn	72	4	0	5	2	0	143	79	0	0	0	305
Rune.welsh	819	5	0	28	7	0	33	1	0	0	0	893
Runningonbrains	171	5	0	9	2	2	27	2	4	0	0	222
Ruslik0	2104	23	0	174	16	40	184	4	8	0	27	2580
Ruud Koot	1294	80	0	67	16	4	312	61	1	0	1	1836
Rwiggum	0	0	0	1	0	0	0	0	0	0	0	1
RxS	791	3	0	9	3	4	466	10	1	0	0	1287
Ryan Postlethwaite	1344	93	0	267	54	63	1342	148	12	0	57	3380
RyanGerbil10	3623	18	0	46	4	2	190	11	0	0	2	3896
Ryulong	10729	212	0	1213	49	77	6278	615	62	0	2	19237
S@bre	38	2	0	0	0	1	1	0	0	0	0	42
SB Johnny	35	2	0	10	0	4	9	2	0	0	0	62
SCEhardt	5235	50	0	12	0	0	305	3	0	0	0	5605
SCZenz	447	17	0	17	21	5	149	26	0	0	0	682
SD6-Agent	1	0	0	0	0	0	0	0	0	0	0	1
SGGH	1908	32	0	18	5	0	694	26	2	0	2	2687
SQL	2451	46	0	372	10	66	262	124	0	0	34	3365
ST47	37691	4965	0	229	74	89	5847	2327	2	0	3	51227
SWAdair	1600	7	0	49	1	0	38	1	0	0	0	1696
Sabine's Sunbird	36	0	0	7	0	2	0	0	0	0	0	45
Sadalmelik	0	0	0	1	0	0	0	0	0	0	0	1
Sade	148	5	0	3	0	0	1	2	0	0	0	159
Salix alba	111	7	0	8	4	4	6	0	0	0	0	140
Sam	104	21	0	24	4	0	22	0	0	0	2	177
Sam Blacketer	2387	15	0	45	8	2	193	33	1	0	1	2685
Sam Hocevar	6	7	0	0	0	0	1	2	0	0	0	16
Sam Korn	1014	21	6	65	10	13	974	76	4	0	13	2196
Sam Vimes	42	5	0	0	0	0	34	0	0	0	0	81
Samir	2580	98	0	259	132	10	484	58	0	0	10	3631
Samotnik	0	0	0	2	0	0	0	0	0	0	0	2
Samsara	36	21	0	73	4	2	63	33	0	0	0	232
Samuel Blanning	1742	97	0	157	65	0	1197	170	0	0	0	3428
Samulili	2	0	0	0	0	0	1	0	0	0	0	3
Sanchom	233	3	0	4	1	0	58	8	0	0	0	307
Sandahl	7646	90	0	351	8	8	3466	65	9	0	2	11645
Sandstein	6411	74	0	411	23	17	1050	208	31	0	3	8228
Sango123	4193	11	0	41	3	0	1567	66	0	0	0	5881
Sannse	882	30	0	19	10	0	57	35	0	0	0	1033
Sarah	2608	134	0	130	42	4	466	106	3	0	39	3532
Saravask	406	15	0	27	17	10	78	13	0	0	0	566
Sardanaphalus	0	0	0	7	0	0	0	0	0	0	0	7
SarekOfVulcan	843	52	0	62	8	13	150	28	20	0	0	1176
Sasquatch	1915	25	0	83	25	1	677	104	0	0	1	2831
Sassygurl192	0	0	0	2	0	0	0	0	0	0	0	2
Satori Son	1371	49	0	191	11	2	497	14	5	0	1	2141
SatyrTN	2024	17	0	18	8	4	36	7	0	0	0	2114
Savidan	60	4	0	13	5	0	2	0	0	0	0	84
Saxifrage	292	2	0	10	4	0	13	0	0	0	0	321
Scarian	650	23	0	179	3	22	1014	65	4	0	5	1965
Sceptre	1628	92	0	81	8	0	518	89	0	0	0	2416
Schissel	11	0	0	1	0	0	2	2	0	0	0	16
Schneelocke	29	3	0	15	2	0	11	2	0	0	0	62
SchuminWeb	9967	223	0	112	12	6	395	5	13	0	0	10733
Schutz	837	3	0	3	0	0	3	0	0	0	0	846
Scientizzle	2741	54	0	172	16	4	909	30	1	0	3	3930
Scimitar	192	3	0	9	3	0	97	4	0	0	0	308
Scipius	0	0	0	0	0	0	1	0	0	0	0	1
Scjessey	0	0	0	1	0	0	0	0	0	0	0	1
Scm83x	229	5	0	6	1	0	37	2	0	0	0	280
Scorpion0422	0	0	0	1	0	0	0	0	0	0	0	1
Scott Burley	842	1	0	11	1	0	33	3	0	0	0	891
Scott5114	1189	6	0	119	5	0	29	5	0	0	1	1354
ScottDavis	301	36	0	9	5	0	37	4	0	0	0	392
Seabhcan	193	3	0	5	2	0	27	2	0	0	0	232
Sean Whitton	439	16	0	18	7	0	55	3	0	0	2	540
Sean William	868	45	0	109	8	4	414	35	0	0	2	1485
Searchme	147	0	0	0	0	0	11	0	0	0	0	158
Seattle Skier	285	8	0	8	0	0	21	1	0	0	0	323
SebastianHelm	191	16	0	9	2	2	5	5	0	0	0	230
Sebastiankessel	2	2	0	8	4	0	38	1	0	0	0	55
Secret	5620	58	0	132	6	7	189	12	2	0	19	6045
Secretlondon	427	6	0	2	0	0	420	8	0	849	24	1736
Seddon	77	2	0	17	1	2	68	3	9	0	6	185
Seglea	188	3	0	1	0	0	0	0	0	0	0	192
Seicer	1867	43	0	335	37	47	707	48	12	0	0	3096
Selket	1184	8	0	19	3	2	212	16	0	0	0	1444
Sephiroth BCR	909	17	0	36	6	1	321	7	0	0	0	1297
Seraphim	404	35	0	40	9	11	135	22	1	0	3	660
Seraphimblade	2542	17	0	39	9	2	678	49	1	0	2	3339
Seresin	2803	87	0	181	8	29	162	1	3	0	5	3279
Sesel	76	4	0	19	12	0	12	0	0	0	0	123
Seth Ilys	343	2	0	7	2	0	5	3	0	0	0	362
Sethant	1	2	0	0	0	0	0	0	0	0	0	3
Sfoskett	11	1	0	1	0	0	0	0	0	0	0	13
Sgeureka	452	20	0	1	0	0	3	1	1	0	0	478
Shadow1	284	13	0	32	4	0	170	27	0	0	0	530
ShamelessAngel	0	0	0	1	0	0	0	0	0	0	0	1
Shanel	4684	76	0	71	17	0	2595	517	0	0	0	7960
Shanes	2431	21	0	89	162	3	1096	24	0	0	0	3826
Shauri	44	0	0	0	1	0	2	0	0	0	0	47
SheffieldSteel	43	5	0	28	2	10	115	17	17	0	0	237
Sheldon Rampton	2	0	0	0	0	0	1	0	0	0	0	3
Shell Kinney	10821	279	0	56	7	3	666	81	3	0	2	11918
Shereth	772	30	0	12	4	1	446	8	0	0	1	1274
Sherool	42023	70	0	19	6	0	18	1	0	0	0	42137
Shii	400	32	0	24	12	0	66	55	0	0	2	591
Shimeru	789	0	0	6	0	0	2	0	0	0	0	797
Shimgray	1255	138	0	145	4	5	32	18	0	0	9	1606
Shirahadasha	171	2	0	10	4	3	55	8	0	0	0	253
Shizhao	1	1	0	1	0	0	0	0	0	0	0	3
Shoeofdeath	903	3	0	7	1	0	117	0	1	0	0	1032
Shreshth91	2323	19	0	33	12	0	390	48	0	0	0	2825
Shyam	16920	56	0	19	2	0	57	1	0	0	1	17056
Shyamal	72	4	0	19	2	5	25	2	0	0	3	132
Silence	24	0	0	0	1	0	0	0	0	0	0	25
SilkTork	294	22	0	9	2	5	1	1	2	0	1	337
Silsor	523	6	0	35	41	0	139	137	0	0	0	881
SimonP	5280	58	0	12	275	0	45	2	0	0	0	5672
Singularity	7381	115	0	61	15	2	79	7	0	0	1	7661
Sir Nicholas de Mimsy-Porpington	2149	60	0	84	11	4	814	82	0	0	0	3204
SirFozzie	344	18	0	88	8	38	294	32	2	0	0	824
Siroxo	73	4	0	0	0	0	18	0	0	0	0	95
Sitthisoneout1	0	0	0	1	0	0	0	0	0	0	0	1
Sj	115	164	0	10	9	1	57	8	0	0	0	364
Sjakkalle	4662	378	0	43	29	1	826	66	3	0	0	6008
Sjc	19	1	0	0	0	0	3	0	0	0	0	23
Sjorford	428	34	0	4	5	0	3	0	0	0	0	474
Skier Dude	63975	2079	0	361	8	27	676	1418	9	0	6	68559
Skomorokh	1384	84	0	38	2	4	0	0	0	0	6	1518
Sky Harbor	0	0	0	0	0	0	1	0	0	0	0	1
Slakr	3881	61	0	274	24	86	9106	97	21	0	14	13564
Slambo	696	18	0	33	0	0	184	5	0	0	0	936
SlimVirgin	1169	290	0	757	390	16	1129	228	0	0	1	3980
Slowking Man	1350	29	0	130	25	1	859	132	0	0	0	2526
Slp1	478	17	0	26	7	4	124	3	7	0	0	666
Slrubenstein	33	2	0	28	7	2	43	10	4	0	0	129
Slumgum	154	1	0	1	0	0	0	0	0	0	0	156
Smalljim	802	7	0	13	2	0	390	7	3	0	0	1224
Smashville	1392	13	0	54	4	1	381	18	25	0	0	1888
Smith03	116	4	0	5	0	1	6	68	0	0	0	200
Smith609	147	1	0	2	0	0	3	2	2	0	0	157
SmthManly	519	4	0	32	9	1	51	2	0	0	0	618
Smurrayinchester	67	3	0	10	6	0	17	6	0	0	0	109
Sn0wflake	406	3	0	15	2	0	107	2	0	0	0	535
Snowolf	693	15	0	40	6	2	603	30	2	0	3	1394
Snoyes	95	0	0	1	0	0	40	0	0	0	0	136
SoLando	285	14	0	18	7	0	191	6	0	0	0	521
SoWhy	7569	93	0	684	57	136	260	7	12	0	9	8827
Solid Falcon	0	0	0	2	0	0	0	0	0	0	0	2
Solipsist	78	1	0	136	49	0	108	12	0	0	0	384
Someguy1221	1268	14	0	22	3	3	498	3	25	0	4	1840
Somno	865	22	0	14	5	2	15	0	1	0	0	924
SorryGuy	11	2	0	2	2	0	18	2	0	0	0	37
Sortior	1	0	0	0	0	0	0	0	0	0	0	1
Soumyasch	2801	54	0	74	10	3	670	32	0	0	6	3650
SouthernNights	2065	46	0	127	35	10	252	6	4	0	0	2545
Spangineer	262	10	0	16	11	0	94	8	0	0	0	401
Spartaz	3371	187	0	183	28	10	324	76	6	0	9	4194
Spebi	1545	31	0	165	9	26	493	26	0	0	10	2305
Spellcast	8008	423	0	633	7	38	9182	637	123	0	11	19062
Spencer	202	3	0	29	3	4	260	3	0	0	1	505
Spencer195	12	0	0	0	0	0	3	0	0	0	0	15
Spike Wilbury	2636	101	0	23	4	0	145	4	1	0	1	2915
Spinningspark	100	13	0	18	2	5	137	1	7	0	0	283
Splash	8210	319	0	262	758	7	414	136	0	0	1	10107
SpuriousQ	625	1	0	17	1	0	569	5	0	0	0	1218
Srikeit	1840	18	0	86	45	0	387	22	0	0	0	2398
Ssd	1699	2	0	7	1	0	14	0	0	0	0	1723
Staecker	1689	21	0	1	1	0	2	0	0	0	0	1714
Stan Shebs	2652	74	0	1	0	0	25	0	0	1	0	2753
Star Mississippi	2050	56	0	77	4	6	247	8	1	0	0	2449
Starblind	2487	13	0	83	1	1	239	6	1	0	0	2831
Staxringold	326	2	0	1	0	0	42	0	0	0	0	371
Steel	9468	74	0	969	333	26	1199	89	2	0	6	12166
Steinsky	34	0	0	7	2	0	32	1	0	0	0	76
Stemonitis	3613	125	0	9	12	2	37	2	0	0	0	3800
Stephan Schulz	7	0	0	13	1	3	86	3	1	0	1	115
Stephen	6792	83	0	81	2	0	1399	72	9	0	9	8447
Stephen Bain	1746	42	0	85	23	1	96	18	0	0	0	2011
StephenBuxton	465	15	0	30	3	3	253	9	0	0	0	778
Steve	184	3	0	1	1	0	1	1	0	0	0	191
Steve Smith	1311	81	0	101	5	15	300	30	9	0	3	1855
SteveSims	0	0	0	1	0	0	0	0	0	0	0	1
Steven Walling	652	3	0	70	1	8	61	3	0	0	0	798
Stevenfruitsmaak	95	10	0	10	0	0	11	0	0	0	0	126
Stevenj	33	1	0	23	0	0	39	1	0	0	0	97
Stevertigo	136	16	0	46	11	0	22	14	0	0	0	245
Stewartadcock	828	0	0	10	3	0	6	1	0	0	0	848
Stifle	18431	501	0	515	54	48	484	65	10	0	38	20146
Stormie	2418	63	0	46	6	3	373	11	0	0	2	2922
StuffOfInterest	173	5	0	29	2	0	104	2	0	0	0	315
Stuffdoing	0	0	0	1	0	0	0	0	0	0	0	1
Stwalkerster	2541	63	0	80	1	7	360	44	3	0	32	3131
Sub619	0	0	0	1	0	0	0	0	0	0	0	1
Sue Anne	499	9	0	0	0	0	1	0	0	0	0	509
Sugarfish	2	2	0	1	1	0	0	0	0	0	0	6
Sundar	39	13	0	0	0	1	6	3	0	0	0	62
Superm401	255	24	0	21	22	23	47	12	0	0	1	405
Sverdrup	501	4	0	1	2	0	2	2	0	0	0	512
Swatjester	949	30	0	181	16	30	375	49	0	0	5	1635
Syrthiss	3113	42	0	192	24	7	1863	92	51	0	7	5391
TFOWR	0	0	0	2	0	0	0	0	0	0	0	2
TKD	2746	150	0	75	17	19	315	30	3	0	3	3358
TPK	62	0	0	0	0	0	0	0	0	0	0	62
TSO1D	89	1	0	34	8	2	21	2	0	0	0	157
TShilo12	59	4	0	7	2	0	5	2	0	0	0	79
TUF-KAT	542	39	0	0	0	0	12	1	0	0	0	594
Ta bu shi da yu	1396	57	0	88	47	0	171	56	0	0	0	1815
Tabercil	369	15	0	50	7	1	176	4	1	0	0	623
Tadakuni	9	0	0	0	0	0	0	0	0	0	0	9
Talrias	255	8	0	23	14	0	82	17	0	0	0	399
Tango	341	2	0	4	2	0	75	4	0	0	0	428
Tangotango	1509	28	0	23	1	1	621	17	0	0	0	2200
Tanner-Christopher	9	0	0	12	0	4	1	1	0	0	0	27
Tannin	57	2	0	1	0	0	22	1	0	0	0	83
Tanthalas39	2199	25	0	984	38	146	2994	59	31	0	4	6480
Tariqabjotu	303	26	0	820	90	40	440	73	2	0	0	1794
Tassedethe	1886	96	0	2	2	0	1	0	0	0	0	1987
Taw	87	17	0	0	2	0	0	0	0	0	0	106
Tawker	4359	51	0	281	18	12	1753	349	0	0	9	6832
Taxman	246	19	1	15	10	0	175	12	0	33	337	848
Tbo 157	30	2	0	3	1	0	24	6	0	0	0	66
Tcncv	176	2	0	27	2	7	88	2	4	0	0	308
TeaDrinker	1726	19	0	19	1	2	248	4	1	0	1	2021
Tedder	1326	12	0	562	49	136	262	9	28	0	1	2385
TenOfAllTrades	404	14	0	65	5	9	594	41	9	0	3	1144
TerriersFan	1402	58	0	152	12	9	246	10	2	0	0	1891
Terrillja	0	0	0	1	0	0	0	0	0	0	0	1
TexasAndroid	18747	470	0	349	41	11	634	37	0	0	1	20290
Texture	450	10	0	1	1	0	34	1	0	0	0	497
Tfinc	0	0	0	0	0	0	0	0	0	0	2	2
ThaddeusB	1499	255	0	6	1	3	28	5	1	0	1	1799
Thatcher	2740	118	9	243	59	27	3019	331	24	0	31	6601
Thatcher131	0	1	0	0	0	0	0	0	0	0	0	1
Thatislifeandlove	0	0	0	2	0	0	0	0	0	0	0	2
The Anome	3182	81	0	331	33	23	4096	183	59	0	2	7990
The Cunctator	7	50	0	5	17	0	11	6	0	0	0	96
The Earwig	280	9	0	2	1	0	7	0	0	0	7	306
The Epopt	3283	41	0	27	2	0	44	12	0	0	0	3409
The JPS	7688	40	0	202	23	12	399	14	0	0	0	8378
The Land	454	6	0	12	5	0	96	13	0	0	0	586
The Placebo Effect	366	12	0	38	8	6	27	4	0	0	2	463
The Rambling Man	3127	8	0	73	3	4	734	6	0	243	24	4222
The Random Editor	88	0	0	21	0	0	39	1	0	0	0	149
The Singing Badger	25	0	0	0	0	0	2	0	0	0	0	27
The Tom	141	12	0	41	12	0	4	0	0	0	0	210
The Transhumanist	0	0	0	3	0	0	0	0	0	0	0	3
The ed17	80	5	0	26	1	11	10	0	4	0	2	139
The undertow	809	10	0	38	9	4	112	7	0	0	4	993
The wub	6376	26	0	26	5	0	171	8	0	0	2	6614
The-G-Unit-Boss	1409	5	0	102	3	12	24	0	0	0	0	1555
TheCoffee	29315	42	0	18	13	0	26	1	1	0	0	29416
TheCustomOfLife	43	0	0	6	1	0	3	0	0	0	0	53
TheDJ	209	13	0	6	0	3	0	0	0	0	0	231
TheParanoidOne	12440	29	0	0	0	0	0	0	0	0	0	12469
TheProject	2162	13	0	21	8	0	67	3	0	0	0	2274
Thedemonhog	27	0	0	0	0	1	0	0	0	0	2	30
Thehelpfulone	629	20	0	222	8	42	133	7	15	0	7	1083
TheoClarke	269	17	0	0	1	0	17	2	0	0	0	306
Therequiembellishere	0	0	0	1	0	0	0	0	0	0	0	1
Theresa knott	1748	51	0	238	58	15	1483	231	0	0	0	3824
Thespian	2	1	0	4	0	0	2	1	0	0	0	10
Thingg	3538	42	0	59	3	10	440	7	8	0	5	4112
Thogo	0	0	2	0	0	0	0	0	0	0	0	2
Thorpe	319	4	0	10	2	1	22	4	0	0	0	362
Thryduulf	789	51	0	74	41	1	56	18	1	0	0	1031
Thue	8063	32	0	27	8	0	370	37	1	0	0	8538
Thunderboltz	607	28	0	13	6	0	79	0	0	0	0	733
Thunderbrand	3589	9	0	3	2	0	39	2	0	0	0	3644
TigerShark	1142	55	0	40	11	3	1019	43	0	0	0	2313
Tijuana Brass	2988	48	0	33	4	0	99	10	0	0	0	3182
Tikiwont	6305	659	0	72	16	0	450	8	10	0	0	7520
Tillwe	45	0	0	0	0	0	3	0	0	0	0	48
Tim Ivorson	8	4	0	1	0	0	0	0	0	0	0	13
Tim Starling	42	11	1	7	3	0	15	23	0	5	0	107
Tim!	851	27	0	4	3	0	46	2	0	0	0	933
TimVickers	1294	41	0	195	15	79	859	28	7	0	5	2523
Timc	35	1	0	0	1	0	2	0	0	0	0	39
Timichal	1	17	0	0	0	0	0	0	0	0	0	18
Timrollpickering	345	2	0	22	3	7	6	0	0	0	0	385
Timwi	336	17	0	3	6	0	0	0	0	0	0	362
Tinselfairy1	0	0	0	2	0	0	0	0	0	0	0	2
Tinucherian	1	1	0	31	0	2	0	0	0	0	1	36
Tiptoety	6047	147	0	1150	1068	247	4348	219	349	0	216	13791
Titoxd	2934	419	0	106	42	3	1562	366	0	0	5	5437
Tivedshambo	2047	25	0	33	3	4	648	15	15	0	23	2813
Tizio	1866	51	0	21	31	0	21	1	0	0	0	1991
Tkinias	3	0	0	0	0	0	0	0	0	0	0	3
Tnxman307	7159	33	0	141	1	3	2771	17	43	0	4	10172
Toby Bartels	20	146	0	1	3	0	0	1	0	0	0	171
Toddst1	5772	84	0	642	42	62	5954	239	150	0	21	12966
Tom	1374	30	0	33	11	5	82	1	0	0	0	1536
Tom harrison	3130	160	0	362	113	31	1817	102	4	0	0	5719
Tom-	37	3	0	8	3	0	4	0	0	0	0	55
TomStar81	283	4	0	44	6	3	39	2	0	0	0	381
TomTheHand	97	54	0	0	2	0	61	8	0	0	0	222
Tompagenet	5	0	0	0	0	0	0	0	0	0	0	5
Tone	16594	166	0	50	3	5	132	0	0	0	0	16950
Tony Fox	1401	7	0	70	2	8	515	10	6	0	0	2019
Tony Sidaway	1039	403	0	359	596	0	357	124	0	0	0	2878
Tonywalton	3142	10	0	33	4	6	332	23	15	0	2	3567
Toon05	1145	72	0	54	10	4	150	7	16	0	5	1463
Topbanana	445	4	0	1	0	1	2	0	0	0	0	453
Tra	115	11	0	37	5	0	5	0	0	0	0	173
TravisTX	889	14	0	64	3	11	225	42	35	0	5	1288
Trebor	296	3	0	75	26	0	83	7	0	0	0	490
Tregoweth	4330	57	0	140	18	0	890	40	0	0	0	5475
Trevor MacInnis	2228	231	0	136	7	18	472	11	2	0	1	3106
Trevor Parscal	1	0	0	0	0	0	0	0	0	0	0	1
Trialsanderrors	662	290	0	52	60	0	20	2	0	0	0	1086
Triddle	5	0	0	3	2	0	4	0	0	0	0	14
Trilobite	514	1	0	3	3	0	63	6	0	0	0	590
Tristanb	5	7	0	0	0	0	0	0	0	0	0	12
Troy 07	0	0	0	1	0	0	0	0	0	0	0	1
Trusilver	754	11	0	54	1	4	1100	33	4	0	1	1962
Trödel	177	23	0	6	2	0	59	12	1	0	0	280
Turnstep	786	8	0	2	0	0	1	0	0	0	0	797
TwinsMetsFan	343	18	0	0	1	0	13	0	0	0	0	375
Typesships	0	0	0	1	0	0	0	0	0	0	0	1
Tyrenius	2524	58	0	58	11	7	255	31	0	0	6	2950
Tznkai	220	5	0	80	7	17	134	21	6	0	2	492
UberScienceNerd	165	2	0	0	0	0	69	0	0	0	0	236
Ugen64	1036	29	0	33	6	1	174	22	0	0	0	1301
UkPaolo	1439	57	0	15	5	0	131	3	0	0	0	1650
Ultraexactzz	2905	66	0	76	4	4	438	53	3	0	2	3551
Uncle G	1887	218	0	31	0	5	161	1	1	0	0	2304
UninvitedCompany	1546	40	0	57	27	0	119	33	0	8	42	1872
UpstateNYer	376	1	0	1	0	4	4	1	0	0	64	451
Urhixidur	386	21	0	2	0	0	8	0	0	0	0	417
Useight	1582	18	0	34	3	4	333	8	0	0	6	1988
User2004	117	2	0	16	6	0	124	27	0	0	0	292
Utcursch	6570	155	0	77	4	9	2205	18	1	0	0	9039
UtherSRG	5414	90	0	53	8	2	708	19	0	0	0	6294
Vague Rant	26	4	0	0	2	0	4	1	0	0	0	37
Valley2city	429	6	0	18	5	5	153	1	8	0	8	633
VampWillow	388	1	0	30	8	0	12	3	0	0	0	442
Vancouverguy	935	0	0	0	0	0	0	0	0	0	0	935
Vanished user	166	16	0	29	8	2	105	14	0	0	0	340
Vaoverland	43	2	0	0	0	0	17	0	0	0	0	62
Vary	647	55	0	33	4	3	201	9	1	0	0	953
Vassyana	588	14	30	27	4	2	117	30	0	0	0	812
VegaDark	11897	283	0	167	150	104	801	334	1	0	0	13737
Vegaswikian	9755	45	0	67	5	4	31	1	0	0	0	9908
Veinor	2205	18	0	35	4	1	357	24	2	0	0	2646
Verrai	748	5	0	14	6	0	69	2	1	0	0	845
Versageek	3177	26	0	104	1	16	610	15	17	0	11	3977
Viajero	52	4	0	10	9	0	15	4	0	0	0	94
Vianello	788	7	0	14	1	2	61	2	3	0	0	878
Vicky Lee	0	0	0	1	0	0	0	0	0	0	0	1
Victuallers	72	4	0	218	2	12	9	0	0	0	0	317
Violetriga	1640	119	0	79	33	0	131	43	0	0	0	2045
Viridae	979	95	0	85	34	26	527	86	11	0	19	1862
VirtualSteve	1811	40	0	396	22	37	1475	36	46	0	8	3871
Vishal	1	0	0	5	3	0	0	0	0	0	0	9
Visorstuff	6	1	0	4	1	0	0	0	0	0	0	12
Visviva	51	0	0	3	1	0	3	1	0	0	0	59
Voice of All	5632	83	1	488	2115	6	1046	107	0	0	6	9484
Vsmith	1246	3	0	138	11	25	4642	24	11	0	3	6103
Vulcan Hephaestus	0	0	0	4	0	0	0	0	0	0	0	4
WAvegetarian	270	20	0	8	3	0	69	6	0	0	0	376
WJBscribe	9268	210	0	395	496	40	2633	162	0	2573	290	16067
WODUP	2286	35	0	86	3	10	665	57	6	0	10	3158
Wafulz	5364	95	0	160	11	9	1297	44	0	0	0	6980
Waggers	871	2	0	46	1	2	1088	8	0	0	0	2018
Walter	0	0	0	0	0	0	1	0	0	0	0	1
Walton One	842	19	0	3	3	0	25	2	0	0	0	894
Waltpohl	29	0	0	2	0	0	0	0	0	0	0	31
Wangi	821	44	0	23	21	2	387	22	0	0	0	1320
Wapcaplet	2	0	0	0	0	0	0	0	0	0	0	2
Warofdreams	1001	25	0	5	1	1	27	1	0	257	144	1462
Wassupwestcoast	224	22	0	14	5	2	14	2	0	0	0	283
Water Bottle	282	22	0	2	0	0	30	3	0	0	0	339
Wayward	1420	1	0	2	2	0	695	30	0	0	0	2150
Wee Jas	0	0	0	1	0	0	0	0	0	0	0	1
Wehwalt	345	6	0	22	13	12	54	9	8	0	4	473
Werdna	362	9	0	35	1	4	74	24	4	0	7	520
Werdna648	0	0	0	1	0	0	0	0	0	0	0	1
WereSpielChequers	3260	24	0	23	0	0	94	1	1	0	5	3408
Wernher	49	0	0	0	0	0	1	0	0	0	0	50
Wesley	0	1	0	0	0	0	2	0	0	0	0	3
Wgfinley	159	5	0	9	1	0	19	10	0	0	0	203
Where	412	4	0	0	0	0	81	11	0	0	0	508
WhisperToMe	397	164	0	52	10	2	29	4	0	0	0	658
Who	1298	5	0	15	9	0	456	98	0	0	0	1881
Whouk	511	6	0	1	1	0	13	0	0	0	0	532
Wickethewok	2732	44	0	18	0	0	62	2	0	0	0	2858
Wiglaf	48	3	0	4	1	0	26	6	0	0	0	88
Wiki alf	1888	18	0	59	27	0	1503	32	5	0	0	3532
WikiLeon	528	18	0	110	20	2	538	61	10	0	5	1292
Wikiacc	779	31	0	7	5	0	31	8	0	0	0	861
Wikibofh	246	7	0	42	48	0	784	37	0	0	0	1164
Wile E. Heresiarch	619	1	0	1	0	0	25	0	0	0	0	646
Wilfried Derksen	75	7	0	13	5	0	2	0	0	0	0	102
Will Beback	887	105	0	424	120	28	1577	107	19	0	2	3269
William M. Connolley	510	18	0	173	29	25	2029	223	27	0	0	3034
William Pietri	450	4	0	1	0	0	10	0	0	0	0	465
WilliamH	287	4	0	24	2	1	121	2	3	0	16	460
Willking1979	2418	6	0	44	2	9	1314	12	42	0	3	3850
WilyD	1568	51	0	25	2	8	175	15	1	0	1	1846
Wimt	622	30	0	59	8	2	917	21	0	0	12	1671
Winhunter	7310	71	0	292	52	5	1376	252	1	0	3	9362
Wissel Wall	0	0	0	1	0	0	0	0	0	0	0	1
Wizardman	13108	105	50	514	14	24	317	12	4	0	6	14154
Wknight94	16074	373	0	767	192	100	8208	203	47	0	5	25969
Wneedham02	0	0	0	1	0	0	0	0	0	0	0	1
Woggly	167	7	0	12	0	0	75	14	0	0	0	275
Woody	4821	63	0	168	12	22	192	34	11	0	8	5331
Woohookitty	7721	162	0	503	474	5	1257	171	0	0	2	10295
Woooooooooop	0	0	0	1	0	0	0	0	0	0	0	1
Worldtraveller	215	0	0	4	4	0	19	2	0	0	0	244
Wouterstomp	18	0	0	0	0	0	0	0	0	0	0	18
Wpedzich	4	0	0	0	0	0	0	0	0	0	0	4
Wrp103	1	0	0	0	0	0	111	0	0	0	0	112
Wtmitchell	29	0	0	3	1	0	22	0	4	0	0	59
Wwoods	142	13	0	84	4	9	57	0	0	0	0	309
Wwwwolf	2623	26	0	39	5	0	5	1	0	0	0	2699
X!	1878	40	0	56	15	11	208	33	10	0	18	2269
XDanielx	65	5	0	0	0	0	0	0	0	0	0	70
XJamRastafire	7	0	0	5	3	0	0	0	0	0	0	15
Xaosflux	7808	308	0	612	287	251	852	83	31	0	12	10244
Xavexgoem	392	24	0	50	11	10	110	10	5	0	3	615
Xdamr	934	10	0	2	0	0	23	1	1	0	0	971
Xeno	8824	564	0	277	195	432	1015	267	69	0	67	11710
Xezbeth	8055	87	0	56	10	0	388	6	2	0	0	8604
Xiner	210	4	0	10	1	0	72	4	0	0	0	301
Xnuala	62	0	0	0	0	0	3	1	0	0	0	66
Xoloz	7424	810	0	211	56	1	70	6	0	0	0	8578
Xy7	2053	45	0	149	42	9	2330	203	0	0	0	4831
Xymmax	836	60	0	148	15	39	84	4	5	0	4	1195
Y	2389	49	0	51	11	8	92	5	0	0	0	2605
Y0u	345	0	0	0	0	0	13	2	0	0	0	360
Yamamoto Ichiro	1123	19	0	218	21	17	1565	35	9	0	67	3074
Yamla	3561	27	0	1223	59	15	4159	980	0	0	0	10024
Yandman	304	3	0	16	1	2	134	8	0	0	0	468
Yanksox	2711	57	0	113	30	0	228	20	0	0	0	3159
Yann	2	0	0	0	0	0	0	0	0	0	0	2
Yannismarou	294	2	0	18	6	1	47	1	0	0	1	370
YellowMonkey	8823	223	1	684	96	69	2014	160	17	0	5	12092
Yelyos	43	0	0	1	1	0	8	1	0	0	0	54
Yet Another Redirect Cleanup Bot	1622	0	0	0	0	0	0	0	0	0	0	1622
Ynhockey	189	3	0	5	1	0	4	0	0	0	0	202
Yomangani	1125	9	0	36	8	0	31	2	0	0	0	1211
Yonatan	255	54	0	10	9	6	85	9	0	0	2	430
Youngamerican	1267	52	0	56	23	3	33	2	0	0	0	1436
Zanimum	1370	59	0	56	17	0	119	12	0	0	0	1633
Zedla	873	6	0	32	2	2	122	9	0	0	0	1046
Zemaiteska	0	0	0	1	0	0	0	0	0	0	0	1
Zero0000	107	3	0	11	3	2	28	2	1	0	0	157
ZimZalaBim	2604	19	0	58	8	0	139	2	0	0	0	2830
Zippy	13	8	0	5	2	4	35	6	0	0	0	73
Zocky	262	18	0	21	8	0	21	8	0	0	0	338
Zoe	5859	83	0	244	12	0	1240	99	0	0	0	7537
Zoicon5	33	0	0	0	0	0	0	0	0	0	0	33
Zoney	20	11	0	3	2	0	1	1	0	0	0	38
Zscout370	10943	262	0	309	61	26	596	93	1	0	3	12294
Zsinj	2484	12	0	38	2	0	441	39	0	0	0	3016
Zzuuzz	5118	190	0	1009	1215	563	8358	719	219	0	16	17407
Zzyzx11	9246	301	0	1208	563	12	374	53	5	0	2	11764
^demon	28641	182	0	40	7	3	75	12	1	0	1	28962
Ævar Arnfjörð Bjarmason	213	3	0	1	0	0	7	2	0	0	0	226
Ø	0	0	0	2	0	0	0	0	0	0	0	2
èªç±åå¤	0	0	0	1	0	0	0	0	0	0	0	1
ï¾	0	0	0	2	0	0	0	0	0	0	0	2
Totals	6137229	122760	1183	189146	40370	17483	958882	77842	14080	15033	9643	7583651
