User	DL	UD	RD	PT	UP	PM	BL	UB	BM	UR	RM	Total
(aeropagitica)	11928	38	0	50	2	0	1733	42	0	0	0	13793
172	16	0	0	23	7	0	52	40	0	0	0	138
17Drew	317	1	0	2	0	0	37	1	0	0	0	358
23skidoo	537	8	0	32	6	0	131	13	0	0	0	727
2over0	200	22	0	21	2	14	37	1	0	0	1	298
52 Pickup	104	3	0	6	1	0	73	6	0	0	0	193
@pple	527	51	0	4	1	0	66	9	0	0	0	658
A Man In Black	3052	63	0	164	24	1	179	34	0	0	0	3517
A Train	237	6	0	19	4	0	51	2	2	0	0	321
A. B.	121	587	0	100	2	4	238	32	6	0	0	1090
AA	494	5	0	2	1	0	11	2	0	0	0	515
ABCD	3138	29	0	432	27	0	62	41	0	0	2	3731
AGK	1728	121	0	244	60	57	576	83	3	0	63	2935
AKeen	10	6	0	9	0	2	0	0	0	0	0	27
AQu01rius	299	2	0	12	5	0	41	0	0	0	0	359
AZT2008	0	0	0	1	0	0	0	0	0	0	0	1
Aarktica	207	2	0	1	0	0	2	1	0	0	0	213
Aaron Brenneman	1030	25	0	41	81	1	136	13	0	0	0	1327
Abecedare	191	5	0	46	1	10	137	7	10	0	2	409
Academic Challenger	19770	38	0	183	34	0	2666	21	5	0	0	22717
Acalamari	5881	69	0	2873	72	188	1283	112	14	0	853	11345
Accounting4Taste	24510	55	0	354	12	2	85	0	1	0	4	25023
Acetic Acid	65	3	0	7	2	0	66	9	0	0	0	152
Acropolis now	0	0	0	3	0	0	0	0	0	0	0	3
Acroterion	26381	74	0	523	18	19	2063	44	67	0	12	29201
Adam Bishop	3644	17	0	45	13	2	121	22	0	0	1	3865
Adambiswanger1	75	0	0	15	4	0	48	1	0	0	0	143
Adambro	1831	17	0	38	1	4	158	6	3	0	4	2062
Adashiel	362	51	0	51	33	1	369	29	0	0	0	896
Addshore	575	7	0	4	1	2	189	8	4	0	5	795
AdjustShift	164	0	0	17	1	1	551	2	29	0	2	767
Admiral Norton	380	6	0	6	0	0	6	0	0	0	2	400
Admrboltz	2754	4	0	27	15	0	101	11	0	0	2	2914
Aecis	3805	39	0	91	5	0	163	3	0	0	0	4106
Aervanath	1892	303	0	43	5	6	51	10	2	0	0	2312
After Midnight	31949	190	0	32	6	0	59	6	0	0	0	32242
Agathoclea	1130	52	0	51	5	4	167	16	1	0	1	1427
Ahoerstemeier	13553	107	0	43	5	1	2003	11	2	0	0	15725
Ais523	299	16	0	16	3	0	8	6	0	0	0	348
Aitias	3438	68	0	224	18	298	1224	78	51	0	74	5473
Akhilleus	858	4	0	44	3	4	427	30	1	0	0	1371
Akradecki	5185	53	0	168	3	3	304	22	31	0	0	5769
Aksi great	1926	12	0	26	8	1	591	30	0	0	0	2594
Al Ameer son	28	3	0	7	2	3	6	1	0	0	1	51
Alai	1393	17	0	10	3	0	42	3	0	0	0	1468
AlainV	1	0	0	0	0	0	0	0	0	0	0	1
Alasdair	547	3	0	11	1	0	226	11	1	0	0	800
Aldux	110	1	0	170	36	0	201	18	0	0	0	536
Ale jrb	1288	8	0	3	1	0	271	1	1	0	3	1576
Alex Bakharev	1735	153	0	496	46	50	1784	183	5	0	0	4452
Alex S	34	4	0	0	0	0	0	0	0	0	0	38
Alex.muller	549	24	0	22	1	1	306	15	0	0	11	929
Alex756	2	0	0	0	0	0	0	0	0	0	0	2
Alexf	16785	98	0	302	10	66	4575	39	7	0	0	21882
AlexiusHoratius	9	0	0	196	6	52	306	0	4	0	0	573
Alhutch	621	3	0	15	6	0	175	9	0	0	0	829
Alison	2472	137	154	1157	199	164	4983	349	36	0	70	9721
AlisonW	488	11	0	56	5	2	126	10	0	0	0	698
AlistairMcMillan	212	16	0	16	1	0	62	3	0	0	0	310
AliveFreeHappy	192	1	0	2	0	0	2	0	0	0	0	197
Alkivar	2396	136	0	252	27	9	470	41	0	0	0	3331
Allen3	11100	54	0	216	51	13	133	5	0	0	1	11573
AllyUnion	1913	26	0	98	11	0	38	11	0	0	0	2097
Alphachimp	6552	108	0	292	146	1	3925	118	2	0	0	11144
Altenmann	5123	265	0	277	63	18	1270	99	5	0	0	7120
Alteripse	2	0	0	2	1	0	13	1	0	0	0	19
Alvestrand	458	29	0	7	4	0	56	4	2	0	0	560
Amalas	1220	2	0	4	52	0	0	0	0	0	0	1278
Amalthea	2556	67	0	56	12	5	90	14	15	0	14	2829
Amberrock	545	7	0	19	3	0	115	9	0	0	0	698
Amcaja	54	3	0	0	1	0	58	2	0	0	0	118
Ameliorate!	390	6	0	46	3	2	127	8	1	0	2	585
AmiDaniel	2801	138	0	165	44	2	749	126	1	0	1	4027
Amire80	292	41	0	5	2	1	30	4	1	0	1	377
Amophar	0	0	0	1	0	0	0	0	0	0	0	1
Amorymeltzer	1973	7	0	8	5	4	21	1	0	0	10	2029
Ams80	12	0	0	0	0	0	0	0	0	0	0	12
Anas Salloum	665	5	0	1	0	0	351	2	0	0	0	1024
Ancheta Wis	15	2	0	1	0	0	5	0	0	0	0	23
AndonicO	374	28	0	291	30	45	1347	51	0	0	0	2166
Andre Engels	2	0	0	0	0	0	1	0	0	0	0	3
Andres	3	4	0	1	0	0	0	0	0	0	0	8
Andrevan	705	90	0	21	11	0	87	28	1	1207	63	2213
Andrew Levine	718	15	0	19	2	0	34	6	0	0	0	794
Andrew Norman	48	1	0	27	2	0	75	7	0	0	0	160
Andrew Yong	24	7	0	0	0	0	0	0	0	0	0	31
Andrew c	1408	55	0	33	2	1	120	8	1	0	0	1628
Andrewa	85	6	0	0	0	0	0	0	0	0	0	91
Andris	17	0	0	0	0	0	0	0	0	0	0	17
Android79	3349	27	0	56	13	0	260	29	0	0	0	3734
Andrwsc	7780	99	0	65	54	9	117	1	0	0	0	8125
AndyZ	911	12	0	0	0	0	113	4	0	0	0	1040
AnemoneProjectors	1020	88	0	121	52	6	187	1	7	0	0	1482
Anetode	9273	338	0	256	13	8	1258	61	0	0	8	11215
AngelOfSadness	1037	2	0	44	2	5	134	14	1	0	0	1239
Angela	2316	43	0	5	2	0	59	30	0	157	7	2619
Angelo.romano	984	118	0	126	16	9	81	2	2	0	0	1338
Angr	34385	209	0	208	52	27	784	29	2	0	0	35696
Angusmclellan	17598	199	0	13	2	1	65	8	1	0	17	17904
AniMate	192	5	0	11	2	0	88	6	5	0	1	310
Animum	1925	276	0	225	29	54	1711	319	4	0	28	4571
AnonEMouse	146	25	0	30	4	2	122	9	0	0	0	338
Anonymous Dissident	1427	24	0	378	33	56	496	14	2	620	56	3106
Anonymous editor	481	1	0	57	16	0	431	32	0	0	0	1018
Antandrus	7441	27	0	426	57	35	5440	354	50	0	1	13831
Anthere	38	1	0	4	4	0	4	2	0	0	2	55
Anthony Appleyard	25606	3701	0	63	6	15	1	0	0	0	0	29392
Anthony.bradbury	14402	71	0	65	2	4	1647	37	28	0	2	16258
AntiAbuseBot	50	0	0	0	0	46	1039	2	20	0	0	1157
AntonioMartin	9	5	0	6	3	0	5	18	0	0	0	46
Apokryltaros	0	0	0	1	0	0	0	0	0	0	0	1
Appraiser	323	6	0	5	0	0	1	0	0	0	0	335
Aqwis	215	28	0	75	6	27	54	2	0	0	5	412
Aranel	1087	18	0	13	0	0	24	3	0	0	0	1145
Arbitrarily0	782	7	0	5	0	0	0	0	0	0	54	848
Arcadian	220	23	0	31	1	0	74	4	0	0	0	353
Archtransit	5	2	0	13	2	1	17	15	0	0	0	55
Arctic.gnome	206	5	0	18	2	1	25	1	0	0	1	259
Aris Katsaris	6	0	0	1	0	0	0	0	0	0	0	7
Arjun01	557	6	0	117	23	0	402	14	1	0	0	1120
Arminius	130	1	0	7	3	0	14	2	0	0	0	157
ArnoldReinhold	221	2	0	6	2	2	5	1	1	0	0	240
Art LaPella	71	2	0	0	0	0	0	0	0	0	0	73
Arthur Rubin	465	44	0	44	10	5	358	47	11	0	2	986
Aruk Besadii Aora	0	0	0	2	0	0	0	0	0	0	0	2
Arvindn	13	0	0	1	1	0	0	0	0	0	0	15
Arwel Parry	148	8	0	39	8	0	665	39	1	0	0	908
Asbestos	72	2	0	0	0	0	25	3	0	0	0	102
Asterion	95	7	0	69	8	3	121	15	0	0	0	318
AstroNomer	0	0	0	0	0	0	1	0	0	0	0	1
Atama	286	6	0	2	2	0	12	1	0	0	0	309
Athaenara	25594	142	0	15	2	1	27	6	0	0	0	25787
Atlant	92	1	0	11	0	0	573	20	2	0	0	699
AuburnPilot	2964	223	0	508	68	51	1127	139	25	0	19	5124
Audacity	20	2	0	2	1	0	1	1	0	0	0	27
Aude	1173	39	0	47	11	5	516	17	0	0	2	1810
Ausir	24	2	0	0	0	0	1	0	0	0	0	27
Avraham	1396	148	42	182	39	18	1050	120	36	381	95	3507
Awiseman	19	2	0	15	0	0	9	0	0	0	0	45
Awolf002	13	0	0	0	0	0	2	0	0	0	0	15
AxelBoldt	42	6	0	8	1	0	0	0	0	0	0	57
AzaToth	1681	123	0	118	39	30	159	22	1	0	8	2181
B	14208	200	0	299	28	30	810	100	6	0	11	15692
BD2412	3632	1897	0	48	14	1	216	24	1	0	0	5833
BOZ	16	113	0	33	3	7	1	0	0	0	0	173
Babajobu	297	2	0	1	1	0	19	3	0	0	0	323
Baboon Faceless	0	0	0	2	0	0	0	0	0	0	0	2
Backslash Forwardslash	4355	92	0	89	4	12	403	6	61	0	7	5029
Balloonman	272	13	0	13	2	1	50	8	4	0	2	365
Banes	62	7	0	2	0	0	158	2	0	0	0	231
Banno	10	5	0	9	2	0	50	2	0	0	0	78
BanyanTree	1877	64	0	203	245	4	405	11	0	0	0	2809
Barneca	1231	47	0	110	11	14	1013	46	19	0	1	2492
Barneca sock 1	0	0	0	1	0	0	0	0	0	0	0	1
BaronLarf	198	23	0	14	1	0	136	1	0	0	0	373
Bastique	355	92	0	48	8	4	121	51	0	7	51	737
Bazonka	0	0	0	1	0	0	0	0	0	0	0	1
Bbatsell	391	9	0	18	2	0	350	18	0	0	0	788
Bcorr	131	7	0	9	1	0	67	10	0	2	1	228
Bdesham	26	0	0	3	0	0	0	0	0	0	0	29
Bduke	260	18	0	24	7	3	24	0	0	0	0	336
Bearcat	4262	222	0	106	7	6	76	8	2	0	0	4689
Bearian	1169	19	0	234	4	2	678	34	2	0	1	2143
Bedford	9	3	0	50	0	4	5	2	0	0	0	73
Beeblebrox	2155	3	0	383	9	54	689	57	75	0	1	3426
Beetstra	722	66	0	99	19	12	425	31	9	0	1	1384
Bel123456	0	0	0	1	0	0	0	0	0	0	0	1
Beland	196	1	0	14	12	1	11	0	0	0	0	235
Bellhalla	22	2	0	0	0	0	0	0	0	0	0	24
Ben MacDui	408	4	0	2	0	0	11	1	0	0	0	426
Bencherlite	4188	112	0	186	5	14	560	8	11	0	12	5096
Berig	28	0	0	2	0	2	10	0	0	0	1	43
Betacommand	7463	46	0	76	379	0	3297	120	0	0	0	11381
Bettia	446	9	0	14	1	0	6	1	1	0	0	478
Bhadani	1301	7	0	95	19	1	478	10	0	0	0	1911
Bibliomaniac15	4043	26	0	225	32	21	1409	23	5	859	57	6700
BigHaz	3152	2	0	8	6	0	33	2	0	0	0	3203
BigrTex	960	10	0	2	0	0	1	0	0	0	0	973
Bigtimepeace	456	7	0	2	1	1	75	4	1	0	1	548
Bill	0	0	0	1	0	0	0	0	0	0	0	1
Billinghurst	1084	5	0	2	0	0	4	1	3	0	1	1100
BillyH	48	2	0	0	1	0	1	0	0	0	0	52
BirgitteSB	173	7	0	0	0	0	1	1	0	0	1	183
Bishonen	575	76	0	197	47	8	572	209	1	0	0	1685
Bishzilla	53	11	0	16	2	2	24	6	0	0	5	119
Bjarki S	91	0	0	2	1	0	41	4	0	0	0	139
Bjelleklang	642	7	0	4	0	3	12	2	0	0	0	670
Bkell	1228	13	0	0	0	0	1	0	0	0	0	1242
Bkonrad	729	104	0	3	0	0	145	2	0	0	0	983
Black Falcon	4549	72	0	3	1	0	29	1	0	0	0	4655
Black Kite	5250	146	0	412	50	54	1325	104	30	0	15	7386
Blankfaze	386	1	0	3	2	0	7	1	0	0	0	400
Blood Red Sandman	667	6	0	5	0	0	261	11	3	0	1	954
Blubberboy92	0	0	0	1	0	0	0	0	0	0	0	1
Blueboy96	1403	23	0	224	5	31	2789	127	127	0	0	4729
Bluemoose	10610	47	0	27	10	0	93	18	0	0	0	10805
Bmicomp	404	2	0	6	4	0	38	11	0	0	0	465
Bob the Wikipedian	1	0	0	0	0	0	0	0	0	0	0	1
Bobak	230	12	0	160	6	9	752	11	11	0	0	1191
Bobet	4965	181	0	56	18	1	224	10	0	0	0	5455
Bobo192	4959	3	0	2	3	0	2	0	0	0	0	4969
Bogdangiusca	3164	66	0	28	10	1	107	13	0	0	0	3389
Bongwarrior	8842	60	0	442	8	109	3727	35	114	0	2	13339
Bonkers Bobcat	0	0	0	1	0	0	0	0	0	0	0	1
Bookofjude	650	27	0	29	5	0	85	9	0	0	0	805
Bopped Kia	0	0	0	1	0	0	0	0	0	0	0	1
BorgHunter	598	25	0	54	19	1	117	28	0	0	0	842
BorgQueen	4057	43	0	1215	127	49	3525	168	20	0	0	9204
Borisblue	248	1	0	14	39	0	92	8	0	0	0	402
Bovlb	23	2	0	14	1	0	28	2	0	0	0	70
BozMo	290	6	0	17	3	1	143	15	0	0	0	475
BradBeattie	294	0	0	6	0	0	118	3	0	0	0	421
BradPatrick	17	0	0	4	0	0	5	0	0	0	0	26
Bradeos Graphon	4877	19	0	65	19	3	1211	79	0	0	0	6273
Brandon	3860	77	0	109	39	26	714	35	37	0	17	4914
Bratsche	568	16	0	18	46	0	145	19	0	0	0	812
Brendanconway	955	23	0	26	8	0	87	14	0	0	0	1113
BrendelSignature	3	0	0	74	5	4	105	8	0	0	0	199
Brian	6	2	0	3	0	1	2	1	0	0	0	15
Brian Kendig	28	3	0	5	6	0	2	0	0	0	0	44
Brian0918	931	79	0	258	47	4	2143	109	0	0	0	3571
Brianga	2305	9	0	1	1	1	456	7	5	0	0	2785
Briangotts	138	7	0	1	0	0	7	0	0	0	0	153
Brighterorange	181	12	0	1	0	0	21	1	0	0	0	216
Brion VIBBER	192	9	0	12	0	1	27	11	0	0	4	256
Brockert	189	51	0	3	3	0	31	30	0	0	0	307
BrokenSegue	1363	11	0	62	67	0	153	40	0	0	0	1696
Brookie	3998	53	0	212	3	0	229	4	0	0	0	4499
BrownHairedGirl	1105	118	0	142	6	9	128	16	1	0	0	1525
Bryan Derksen	828	324	0	5	7	0	10	0	0	0	2	1176
Bubba hotep	2638	69	0	38	3	2	779	12	18	0	4	3563
Buchanan-Hermit	514	18	0	28	6	0	452	20	0	0	0	1038
Bucketsofg	646	22	0	66	6	0	224	8	0	0	0	972
Buckshot06	323	4	0	5	0	1	10	0	1	0	0	344
Bumm13	842	39	0	6	1	0	32	4	2	0	5	931
Bunchofgrapes	738	10	0	62	44	0	203	37	0	0	0	1094
Burgundavia	1105	0	0	4	0	0	1	0	0	0	0	1110
Burstorder	0	0	0	2	0	0	0	0	0	0	0	2
Butseriouslyfolks	5143	83	0	36	3	1	137	15	0	0	0	5418
Bwilkins	163	0	0	15	0	3	16	7	2	0	1	207
C-3PO	0	0	0	3	0	0	0	0	0	0	0	3
C.Fred	8466	72	0	223	6	6	1623	34	20	0	0	10450
C12H22O11	1351	5	0	49	8	0	47	7	0	0	0	1467
CALR	29	0	0	0	0	0	1	0	0	0	0	30
CAT:TEMP deletion bot	2120	0	0	0	0	0	0	0	0	0	0	2120
CBDunkerson	3497	64	0	683	49	0	30	22	0	0	1	4346
CBM	4357	142	0	240	96	22	64	26	2	0	3	4952
CIreland	1156	32	0	177	12	24	379	18	12	0	1	1811
CJ	1927	79	0	112	22	3	277	18	0	0	1	2439
CJCurrie	400	19	0	126	8	2	127	13	0	0	0	695
CJLL Wright	1862	30	0	59	3	7	247	4	0	0	0	2212
CLW	13900	54	0	3	0	0	26	0	0	0	0	13983
CMBJ	0	0	0	1	0	0	0	0	0	0	0	1
COGDEN	59	16	0	2	0	0	4	0	1	0	0	82
CRGreathouse	10	0	0	0	0	0	1	1	1	0	0	13
CSTAR	58	5	0	6	3	0	93	3	0	0	0	168
CYD	1	0	0	1	0	0	0	0	0	0	0	2
Cactus.man	592	16	0	61	34	0	178	10	0	0	0	891
CactusWriter	1107	105	0	17	2	0	43	4	5	0	4	1287
Cacycle	181	11	0	26	2	1	13	1	0	0	1	236
Cailil	116	3	0	33	0	2	53	12	0	0	0	219
Caknuck	1944	8	0	187	30	32	717	11	6	0	0	2935
Calliopejen1	2763	81	0	11	2	0	5	0	0	0	0	2862
Caltrop	58	22	0	0	0	0	6	3	0	0	0	89
Camaron	779	306	0	323	52	82	307	27	27	0	21	1924
CambridgeBayWeather	14825	261	0	219	18	138	1007	23	8	0	0	16499
Camembert	12	2	0	0	1	0	0	0	0	0	0	15
Camw	383	11	0	5	0	0	171	0	7	0	0	577
Can't sleep, clown will eat me	9514	230	0	3000	125	133	32088	586	0	0	0	45676
Canadian Paul	1003	32	0	15	5	0	22	3	0	0	0	1080
Canadian-Bacon	426	2	0	16	3	0	232	5	0	0	0	684
CanadianCaesar	3505	62	0	53	14	0	1084	85	0	0	0	4803
Canderson7	1183	11	0	18	13	1	220	2	0	0	0	1448
Canley	886	11	0	0	1	0	4	0	0	0	0	902
Canterbury Tail	1476	7	0	84	8	9	403	23	12	0	0	2022
Cantthinkofagoodname	2	0	0	0	0	0	2	0	0	0	0	4
CapitalR	356	2	0	3	5	0	49	1	1	0	1	418
Capitalistroadster	620	1	0	3	0	0	23	3	0	0	0	650
Carabinieri	415	7	0	4	3	0	3	2	0	0	0	434
Carbonite	188	3	0	28	10	0	226	22	0	0	0	477
Carcharoth	36	75	0	2	1	0	1	2	0	0	0	117
Caribbean H.Q.	363	14	0	70	10	8	250	20	0	0	0	735
Carioca	2568	11	0	6	1	1	9	0	0	0	0	2596
Carlosguitar	2924	20	0	30	1	3	166	11	0	0	0	3155
Carlossuarez46	10576	129	0	27	2	0	66	6	1	0	0	10807
Carnildo	2388	98	0	93	17	2	60	21	0	0	3	2682
Cary Bass	2	2	14	5	1	1	1	2	0	2	0	30
Casliber	103	64	7	145	7	27	111	6	0	0	2	472
Catbar	28	0	0	2	1	0	11	0	0	0	0	42
CatherineMunro	69	13	0	0	0	0	3	3	0	0	0	88
CattleGirl	908	12	0	19	3	1	42	7	0	0	0	992
Caulde	2522	84	0	423	28	54	892	36	0	0	78	4117
Causa sui	1691	40	0	88	53	20	255	17	3	0	1	2168
Cbl62	14	0	0	6	0	0	0	0	0	0	0	20
Cbrown1023	3423	77	0	404	72	7	206	32	0	0	8	4229
Cburnett	48	18	0	6	2	0	14	5	0	0	0	93
Cdc	2188	10	0	10	9	0	21	2	0	0	0	2240
Cecropia	39	3	0	36	5	0	6	6	0	215	334	644
Cedrus-Libani	101	4	0	1	0	0	0	0	0	0	0	106
Celestianpower	735	9	0	19	3	0	170	70	0	0	0	1006
Cenarium	1740	75	0	361	140	177	131	4	6	0	27	2661
Centrx	17224	404	0	1005	947	13	1334	212	0	0	0	21139
CesarB	3606	141	0	123	49	0	942	212	0	0	0	5073
Ceyockey	1779	47	0	4	0	0	15	2	0	0	0	1847
Chadloder	0	0	0	0	0	0	6	0	0	0	0	6
Chairboy	5160	13	0	69	8	0	187	14	0	0	0	5451
Chamal N	121	4	0	54	3	14	69	2	1	0	5	273
Chancemill	0	0	0	1	1	0	2	0	0	0	0	4
Charles Matthews	1939	36	0	5	1	0	130	20	0	0	0	2131
Chase me ladies, I'm the Cavalry	2529	49	0	443	26	49	856	32	16	0	1	4001
Chaser	2026	97	0	308	45	37	855	113	7	0	10	3498
Ched Davis	118	9	0	4	0	0	11	4	0	0	4	150
Chell and the cake	0	0	0	2	0	0	0	0	0	0	0	2
Chessnotator1967	0	0	0	1	0	0	0	0	0	0	0	1
Chick Bowen	4707	209	0	78	14	3	137	30	0	0	1	5179
Chillum	1493	27	0	60	12	7	732	52	75	0	10	2468
Chmod007	13	2	0	2	0	0	1	1	0	0	0	19
Chochopk	27	37	0	1	0	0	2	1	0	0	0	68
Choess	10	7	0	0	0	0	0	0	0	0	0	17
Cholmes75	4601	10	0	26	0	0	112	3	0	0	0	4752
Chris 73	1933	15	0	62	8	1	712	30	3	0	0	2764
Chris G	6907	172	0	250	15	38	2927	70	227	0	11	10617
Chris Roy	3	0	0	0	0	0	1	0	0	0	0	4
ChrisGriswold	1126	16	0	51	8	0	210	21	0	0	0	1432
ChrisO	2405	22	0	337	63	35	757	39	3	0	1	3662
ChrisTheDude	690	18	0	6	1	0	16	2	0	0	0	733
Chrislk02	4101	61	0	134	21	8	1632	91	12	0	5	6065
Christopher Mahan	38	5	0	0	0	0	0	0	0	0	0	43
Christopher Parham	646	8	0	4	2	0	24	1	0	0	0	685
Christopher Sundita	62	39	0	8	4	0	17	2	0	0	0	132
Chuck SMITH	0	1	0	0	0	0	0	0	0	0	0	1
Chunky Rice	342	1	0	4	3	0	31	2	0	0	0	383
Chuq	216	19	0	13	2	1	93	6	0	0	0	350
CieloEstrellado	0	0	0	1	0	0	0	0	0	0	0	1
Cimon Avaro	220	10	0	2	5	1	4	0	0	6	3	251
Circeus	1737	8	0	50	27	0	155	13	0	0	0	1990
Cirt	9923	76	0	502	19	88	4238	35	19	0	2	14902
Citicat	715	15	0	22	1	0	34	4	0	0	0	791
Ck lostsword	308	4	0	13	1	5	308	16	0	0	0	655
Ckatz	1374	58	0	194	6	42	836	18	19	0	1	2548
Clarkk	23	0	0	0	1	0	0	0	0	0	0	24
Cleared as filed	1346	19	0	0	0	0	53	2	0	0	0	1420
Climie.ca	0	0	0	2	1	0	13	1	1	0	1	19
ClockworkLunch	20	4	0	11	1	0	4	0	0	0	0	40
ClockworkSoul	758	46	0	39	7	4	216	19	4	0	0	1093
Closedmouth	19717	142	0	76	2	7	1274	37	62	0	37	21354
CloudNine	422	15	0	24	1	2	32	2	0	0	0	498
ClueBot	0	0	0	1	0	0	0	0	0	0	0	1
Cnwb	661	11	0	0	0	0	23	2	0	0	0	697
Cobaltbluetony	6527	91	0	421	24	8	393	20	4	0	0	7488
Cobi	51	0	0	1	0	0	3	1	0	0	1	57
Coelacan	1194	30	0	85	10	1	845	53	0	0	0	2218
Coffee	1243	174	0	155	10	67	350	15	82	0	8	2104
Coffeedrinker87	0	0	0	1	0	0	0	0	0	0	0	1
Cohesion	6798	46	0	2	18	1	3	0	0	0	0	6868
Colds7ream	135	6	0	1	1	0	2	0	0	0	2	147
Commander Keane	4774	227	0	40	22	0	148	29	0	0	1	5241
Conscious	13449	65	0	2	2	0	56	0	0	0	0	13574
Consumed Crustacean	732	22	0	42	3	1	354	36	1	0	0	1191
Conti	463	45	0	12	38	2	73	3	0	0	1	637
Cool Hand Luke	938	573	0	61	12	20	71	16	0	0	0	1691
Cool3	35	0	0	3	2	0	22	1	2	0	3	68
Coralmizu	168	2	0	23	1	2	47	2	1	0	0	246
Coredesat	11148	136	0	235	25	11	494	60	0	0	0	12109
Coren	858	22	41	55	7	6	189	35	3	0	1	1217
Cowman109	433	36	0	101	43	4	360	44	0	0	0	1021
Craigy144	3099	11	0	8	3	1	38	0	0	0	1	3161
Crazycomputers	443	8	0	54	15	6	716	40	2	0	3	1287
Crazytales	158	15	0	18	1	2	117	18	0	0	0	329
Cremepuff222	176	6	0	3	2	1	98	5	0	0	0	291
Croat Canuck	83	3	0	1	1	0	5	1	0	0	0	94
Crum375	182	18	0	90	6	12	237	12	1	0	0	558
Cryptic	9383	238	0	136	15	1	322	21	0	0	0	10116
CryptoDerk	1091	1	0	67	9	0	1014	45	0	0	0	2227
Crzrussian	5139	133	0	156	28	0	150	13	0	0	0	5619
Cuchullain	356	69	0	12	0	3	40	0	0	0	0	480
Curps	5148	166	0	461	101	0	26558	1065	0	0	0	33499
Cutler	69	0	0	0	0	0	7	0	0	0	0	76
CyborgTosser	2	0	0	0	0	0	0	0	0	0	0	2
Cyde	19096	107	0	258	32	2	830	168	0	0	0	20493
Cydebot	14845	0	0	0	0	0	0	0	0	0	0	14845
Cyp	3	0	0	0	0	0	0	0	0	0	0	3
Cyrius	1625	101	0	27	13	0	69	8	0	0	0	1843
D. Recorder	172	18	0	2	0	0	34	2	0	0	0	228
DDima	527	9	0	1	0	0	1	0	0	0	0	538
DESiegel	1155	164	0	10	2	0	42	30	0	0	0	1403
DGG	9570	217	0	224	7	12	115	10	6	0	1	10162
DJ Clayworth	6432	33	0	39	11	0	350	18	4	0	0	6887
DMacks	5538	54	0	326	13	53	920	11	76	0	1	6992
DO11.10	417	28	0	2	0	0	5	1	0	0	2	455
DVD R W	6129	53	0	54	17	7	962	21	0	0	3	7246
DaGizza	941	1	0	8	4	1	54	3	0	0	0	1012
Dale Arnett	69	1	0	2	0	0	4	0	0	0	0	76
Dan100	294	16	0	18	12	0	186	44	0	0	0	570
DanKeshet	104	1	0	6	0	0	2	0	0	0	0	113
DanMS	65	0	0	2	1	0	0	0	0	0	0	68
Danaman5	284	4	0	6	0	0	4	4	0	0	1	303
Daniel	4953	266	0	632	41	66	567	76	4	0	13	6618
Daniel Case	2407	34	22	305	16	8	5030	174	36	0	10	8042
Daniel J. Leivick	764	7	0	19	1	0	83	5	2	0	0	881
Daniel Olsen	711	1	0	10	0	0	84	2	0	0	0	808
Daniel Quinlan	54	3	0	0	2	0	2	0	0	0	0	61
DanielCD	243	1	0	15	11	0	37	2	0	0	0	309
Dank	11367	93	0	138	7	1	2756	13	18	0	1	14394
Danny	1072	126	0	26	9	0	105	29	0	4	7	1378
Dannyisme	5	0	0	4	0	0	2	2	0	0	0	13
Dante Alighieri	683	18	0	20	17	3	180	29	0	0	0	950
DarkFalls	2685	143	0	302	37	79	779	44	8	0	7	4084
Darkoneko	3	0	3	0	0	0	1	0	0	1	0	8
Darthgriz98	250	4	0	5	0	0	115	2	0	0	0	376
Darwinek	2195	14	0	71	5	1	193	6	0	0	0	2485
Dave souza	79	3	0	14	2	0	561	20	5	0	0	684
Davemeistermoab	5	0	0	1	0	1	3	1	0	0	1	12
Davewild	3079	40	0	3	3	0	387	1	0	0	0	3513
Daveydweeb	134	1	0	2	0	0	4	1	0	0	0	142
David D.	26	4	0	12	1	5	11	2	1	0	0	62
David Eppstein	2285	34	0	37	7	1	50	2	2	0	0	2418
David Fuchs	1008	34	0	69	5	12	89	8	0	0	0	1225
David Gerard	527	43	1	71	7	1	1478	357	0	0	2	2487
David Kernow	635	5	0	45	0	0	0	0	0	0	0	685
David Levy	959	123	0	240	58	3	146	10	3	0	7	1549
David Newton	54	3	0	4	0	0	12	12	0	0	0	85
David.Monniaux	523	60	0	100	13	0	222	30	3	0	0	951
DavidLevinson	35	52	0	9	0	0	9	0	0	0	0	105
DavidWBrooks	1204	1	0	13	2	1	95	0	0	0	0	1316
Davidcannon	155	57	0	30	4	0	137	26	1	0	0	410
Davidgothberg	102	61	0	206	8	48	27	7	2	0	3	464
Davidruben	35	0	0	7	1	1	80	2	0	0	0	126
Davodd	191	29	0	3	3	1	25	1	0	0	0	253
Dbachmann	435	30	0	142	41	20	207	20	1	0	0	896
Dbenbenn	6085	109	0	260	583	0	26	7	0	0	0	7070
Dcoetzee	341	46	0	10	4	0	51	11	0	0	1	464
Ddstretch	13	0	0	20	5	6	207	20	6	0	0	277
Deacon of Pndapetzim	624	23	0	31	3	3	172	13	13	0	34	916
DeadEyeArrow	934	14	0	26	5	0	199	6	0	0	0	1184
Deathphoenix	1168	49	0	17	5	0	420	80	0	0	0	1739
Deb	13383	56	0	26	2	0	320	4	1	0	0	13792
Deckiller	1228	35	0	80	14	2	300	46	0	0	0	1705
Decltype	1315	49	0	8	0	0	125	5	9	0	17	1528
Decumanus	42	0	0	3	0	0	12	0	0	0	0	57
Deiz	953	16	0	163	8	3	392	20	0	0	0	1555
Dekimasu	1154	63	0	16	1	0	20	6	7	0	1	1268
Delirium	3470	23	0	20	11	0	306	18	0	0	0	3848
Delldot	1885	26	0	16	6	1	608	9	0	0	0	2551
Deltabeignet	836	1	0	5	6	0	130	2	0	0	0	980
Demi	151	32	0	2	1	0	51	17	0	0	0	254
Denelson83	1137	18	0	58	12	11	39	6	0	0	0	1281
Denni	2324	30	0	23	3	0	5	0	0	0	0	2385
Department of Redundancy Department	17	0	0	7	0	3	25	1	3	0	0	56
DerHexer	134628	44	0	93	3	9	5847	39	4	0	20	140687
Derek Ross	523	11	0	15	4	3	2	0	0	0	0	558
Deryck Chan	1	1	0	0	2	0	1	0	0	0	0	5
Deskana	1384	86	70	217	77	19	1005	111	37	335	183	3524
Deville	1015	6	0	16	1	0	193	4	3	0	0	1238
Dfrg.msc	35	1	0	0	0	0	7	0	0	0	0	43
Dgies	575	29	0	27	4	3	223	18	0	0	2	881
Dgrant	0	0	0	1	0	0	0	0	0	0	0	1
Diberri	128	3	0	3	1	0	5	0	0	0	0	140
Dieter Simon	3	0	0	32	0	2	0	0	0	0	0	37
Dijxtra	135	6	0	13	6	0	36	4	0	0	0	200
Dina	3371	18	0	49	1	0	273	5	0	0	0	3717
Dino	24	0	0	0	0	0	0	0	0	0	0	24
Dinoguy1000	103	5	0	41	1	3	7	0	0	0	1	161
Discospinster	16712	378	0	140	8	12	1131	6	6	0	0	18393
Djsasso	1053	198	0	44	6	4	357	10	1	0	8	1681
Dlohcierekim	5325	115	0	151	7	12	422	36	9	0	1	6078
Dmn	35	1	0	10	4	0	12	15	0	0	0	77
Doc glasgow	4087	123	0	370	42	11	1060	83	0	0	42	5818
Docu	1173	61	0	123	2	7	11	5	0	0	2	1384
Doczilla	73	5	0	9	6	0	89	8	0	0	0	190
Dominic	13280	63	44	81	186	2	3321	635	28	0	35	17675
DonCalo	0	0	0	1	0	0	0	0	0	0	0	1
Donald Albury	1157	3	0	7	2	2	118	4	0	0	0	1293
DoomsDay349	222	4	0	2	0	0	0	0	0	0	0	228
Dori	11	0	0	0	0	0	2	2	0	0	0	15
Doug	421	50	0	20	135	8	24	3	11	0	6	678
Doug Bell	2427	36	0	29	12	0	25	3	0	0	0	2532
Dougweller	319	5	0	197	16	36	941	16	31	0	1	1562
Dpbsmith	133	4	0	3	2	0	17	0	0	0	0	159
Dppowell	4	0	0	6	1	0	112	6	0	0	0	129
DrBob	17	1	0	0	0	0	7	0	0	0	0	25
DrKiernan	1352	30	0	46	5	3	147	9	0	0	0	1592
DragonflySixtyseven	26747	347	0	348	36	11	4400	184	187	0	178	32438
Dragons flight	614	65	0	115	35	2	117	28	0	0	1	977
Dravecky	783	8	0	96	5	1	0	0	0	0	0	893
Dreadstar	986	76	0	251	12	14	1882	96	2	0	0	3319
Drilnoth	15939	57	0	53	2	13	0	0	0	0	6	16070
Drini	9599	93	0	179	38	1	4459	234	1	0	8	14612
DropDeadGorgias	340	3	0	24	1	0	90	5	0	0	0	463
Dsmdgold	819	11	0	3	0	0	3	0	0	0	0	836
Duja	875	136	0	20	9	2	72	9	0	0	0	1123
Duk	3834	30	0	61	15	2	129	25	0	0	1	4097
Dumelow	13	1	0	10	0	0	0	0	0	0	0	24
Duncharris	986	57	0	47	10	0	92	20	0	0	0	1212
Durin	2448	7	0	28	13	0	168	15	0	0	0	2679
Durova	24	1	0	211	37	11	388	66	0	0	0	738
Dustimagic	216	2	0	4	2	0	50	8	1	0	0	283
Dvyost	56	0	0	0	0	0	11	1	0	0	0	68
Dweller	1687	31	1	111	2	4	299	10	0	310	10	2465
Dysprosia	154	6	0	3	1	0	97	11	0	0	0	272
ERcheck	2944	9	0	66	10	0	1002	29	1	0	0	4061
ESkog	11105	76	0	125	22	4	897	108	2	0	0	12339
EVula	2362	95	4	154	20	13	917	28	1	461	41	4096
EWS23	643	3	0	7	2	0	136	11	0	0	0	802
Earl Andrew	111	36	0	27	6	0	71	12	0	0	0	263
Earle Martin	267	11	0	9	2	1	32	2	0	0	0	324
East718	226045	1910	0	5589	1632	290	3531	1007	16	0	31	240051
Ed Poor	73	13	0	35	32	0	71	28	0	10	16	278
Ed g2s	3050	69	0	30	27	2	50	5	0	0	0	3233
EdJohnston	905	28	0	514	28	57	776	49	13	0	4	2374
Edcolins	32	5	0	2	2	0	2	0	0	0	0	43
Edgar181	37920	238	0	491	19	17	14956	179	161	0	19	54000
Edison	812	22	0	4	1	1	181	3	0	0	0	1024
Edokter	1353	36	0	32	14	21	46	5	1	0	1	1509
Edward	372	0	0	1	0	0	21	3	0	0	0	397
Edward Z. Yang	12	0	0	3	0	0	8	1	0	0	0	24
EdwinHJ	566	4	0	14	4	1	23	7	0	0	0	619
Efe	1613	5	0	11	1	3	164	0	2	0	1	1800
Egil	61	0	0	1	0	0	214	3	0	0	0	279
Either way	5470	37	0	161	10	9	879	43	9	0	7	6625
El C	1717	52	0	637	58	24	2996	116	0	0	3	5603
Eleassar	148	32	0	6	0	0	3	0	0	0	0	189
Electionworld	1285	33	0	1	0	0	0	0	0	0	0	1319
Elf	138	14	0	0	0	0	0	0	0	0	0	152
Elf-friend	465	1	0	17	0	0	15	0	0	0	0	498
ElinorD	7274	69	0	60	1	5	254	15	0	0	0	7678
Eliz81	960	48	0	93	0	19	229	4	0	0	1	1354
Elkman	5946	12	0	45	5	4	404	29	0	0	0	6445
Ellsworth	18	0	0	0	0	0	1	0	0	0	0	19
Elonka	1305	21	0	46	13	2	525	26	6	0	0	1944
Eloquence	126	5	0	8	5	0	29	10	0	0	1	184
Eluchil404	943	66	0	5	0	0	11	0	0	0	0	1025
Emperor	49	35	0	0	0	0	1	1	0	0	0	86
EncMstr	600	56	0	237	115	33	1028	21	18	0	1	2109
Encephalon	92	22	0	27	6	0	28	36	0	0	0	211
Enchanter	14	0	0	1	3	0	2	0	0	0	0	20
EncycloPetey	126	16	0	69	0	3	30	2	0	0	0	246
Enigmaman	858	12	0	412	7	110	983	14	212	0	1	2609
Enochlau	17605	26	0	72	20	1	56	4	0	0	0	17784
Epbr123	2504	8	0	9	0	1	633	7	3	0	1	3166
Erdem Tüzün	0	0	0	2	0	0	0	0	0	0	0	2
Ericorbit	183	6	0	191	5	8	308	0	3	0	0	704
Esanchez7587	2428	3	0	69	4	7	254	1	0	0	0	2766
Espresso Addict	284	8	0	5	1	0	2	0	0	0	0	300
Esprit15d	389	9	0	9	2	0	1	0	0	0	0	410
Essexmutant	19	0	0	1	0	0	7	1	0	0	0	28
Essjay	1806	171	0	218	23	0	1236	248	0	715	102	4519
Esteffect	788	24	0	16	6	0	95	21	0	0	0	950
Eugene van der Pijll	970	54	0	9	3	0	8	1	0	0	0	1045
EurekaLott	749	68	0	18	1	0	35	0	0	0	0	871
Euryalus	1032	8	0	53	1	10	351	8	16	0	3	1482
Ev	145	14	0	6	0	0	2	0	0	0	0	167
EvanProdromou	0	0	0	0	0	0	1	0	0	0	0	1
Eventtable	0	0	0	1	0	0	0	0	0	0	0	1
Evercat	341	6	0	32	24	1	259	35	0	0	0	698
Everyking	1292	4	0	7	12	0	28	12	0	0	0	1355
Evil Monkey	1894	13	0	28	12	0	284	23	0	0	0	2254
Evil saltine	1240	40	0	23	9	1	554	23	16	0	3	1909
Evilphoenix	835	60	0	79	5	0	143	16	0	0	0	1138
Explicit	4280	12	0	69	2	16	64	1	5	0	0	4449
Exploding Boy	1419	6	0	7	3	1	403	21	7	0	0	1867
Extraordinary Machine	342	142	0	14	5	0	178	28	0	0	0	709
Extreme Unction	543	22	0	26	2	0	26	4	0	0	0	623
Eye of the Mind	16	2	0	9	2	1	9	0	0	0	0	39
EyeSerene	237	17	0	61	2	17	439	27	14	0	0	814
Eyrian	633	23	0	33	3	0	40	1	0	0	0	733
Ezeu	897	30	0	37	35	3	123	9	0	0	0	1134
Ezhiki	1119	262	0	42	13	6	66	23	0	0	1	1532
FCYTravis	3479	174	0	158	46	19	192	31	0	0	0	4099
FT2	407	31	37	73	6	5	226	37	13	0	17	852
Fabrictramp	4581	115	0	216	5	22	116	3	4	0	0	5062
Faithlessthewonderboy	3325	69	0	201	1	1	457	3	5	0	1	4063
Falco McCloud	0	0	0	1	0	0	0	0	0	0	0	1
Fang Aili	29076	83	0	118	52	0	253	12	0	0	0	29594
Fantasy	18	4	0	4	2	1	1	0	0	0	0	30
Fastfission	194	11	0	9	6	2	160	20	0	0	0	402
Fastily	16382	187	0	73	3	14	665	8	29	0	24	17385
Fawcett5	813	8	0	3	2	0	58	0	0	0	0	884
FayssalF	409	8	0	309	52	13	1308	85	0	0	0	2184
Feco	3	0	0	0	0	0	0	0	0	0	0	3
FeloniousMonk	17	13	0	29	4	0	143	20	0	0	0	226
Femto	370	4	0	30	7	0	288	9	0	0	0	708
Fences and windows	240	8	0	10	0	3	20	0	0	0	0	281
Fennec	18	3	0	5	3	0	30	3	0	0	0	62
Ferkelparade	589	3	0	2	1	0	37	0	0	0	0	632
Feydey	6727	38	0	68	18	9	142	3	0	0	0	7005
Filelakeshoe	228	7	0	8	1	3	75	4	1	0	8	335
Filiocht	851	2	0	3	5	0	36	0	0	0	0	897
Finlay McWalter	351	3	0	20	6	2	429	19	0	0	0	830
Fir0002	21	0	0	0	0	0	1	0	0	0	0	22
Firsfron	1555	10	0	157	6	7	289	31	0	0	1	2056
Fish and karate	9155	208	0	372	21	20	633	374	1	0	11	10795
FisherQueen	7194	19	0	310	7	12	1596	47	110	0	0	9295
Fishhead64	24	1	0	0	0	0	27	0	0	0	0	52
Fl	519	7	0	2149	3	21	129	2	4	0	16	2850
Flcelloguy	855	42	0	775	720	0	268	40	0	0	0	2700
FloNight	477	5	13	57	6	3	151	18	0	0	0	730
Flockmeal	146	1	0	1	0	0	14	0	0	0	0	162
Floquenbeam	36	0	0	9	1	1	48	1	9	0	0	105
Flowerparty	1957	59	0	19	3	0	29	0	0	0	0	2067
Flucky	0	0	0	1	0	0	0	0	0	0	0	1
Flyguy649	1409	25	0	211	9	25	792	37	6	0	1	2515
FlyingToaster	59	1	0	0	1	0	1	0	2	0	2	66
Formeruser-81	44	0	0	21	3	0	25	20	0	0	0	113
Formeruser-82	199	24	0	45	24	0	121	25	0	0	0	438
Fram	8859	155	0	197	6	34	401	8	5	0	0	9665
Fran Rogers	14876	114	0	313	26	45	3898	822	2370	0	7	22471
Franamax	1	0	0	0	0	0	6	0	1	0	0	8
FrancisTyers	172	5	0	20	7	0	67	15	0	0	0	286
Francs2000	10097	74	0	122	17	0	574	21	0	0	12	10917
Frank	4417	46	0	45	2	4	212	10	4	0	6	4746
Frazzydee	363	13	0	64	32	0	12	13	0	0	0	497
Freakofnurture	9841	927	0	551	96	5	10422	1134	0	0	0	22976
Fred Bauder	180	47	267	114	31	1	331	224	55	0	39	1289
Fred J	1431	16	0	12	7	0	36	1	0	0	0	1503
Fredrik	209	3	0	1	0	0	40	1	0	0	0	254
Freestylefrappe	14	0	0	4	1	0	48	1	0	0	0	68
FreplySpang	6790	37	0	35	5	0	776	47	0	0	0	7690
Fribbler	496	4	0	10	0	3	3	2	1	0	2	521
Friday	9774	96	0	55	22	3	403	40	0	0	12	10405
Fritzpoll	1118	28	0	42	3	7	67	11	4	0	31	1311
Fropuff	28	1	0	2	0	0	2	0	0	0	0	33
Fuhghettaboutit	6743	152	0	195	10	0	326	9	14	0	4	7453
Func	9	0	0	14	1	0	1215	124	0	0	0	1363
Furrykef	110	11	0	0	1	0	1	0	0	0	0	123
Future Perfect at Sunrise	3800	170	0	464	50	39	1799	295	29	0	9	6655
Fuzheado	886	21	0	62	13	3	574	42	0	0	0	1601
Fvasconcellos	1680	121	0	223	19	49	166	7	2	0	3	2270
Fvw	2867	41	0	28	17	0	2226	3509	31	0	0	8719
Fys	802	7	0	29	13	0	168	40	0	0	0	1059
G-Man	112	33	0	10	5	0	12	1	0	0	0	173
G.A.S	55	4	0	1	0	0	0	0	0	0	0	60
GDonato	3021	33	0	297	19	13	428	38	1	0	11	3861
GRBerry	1667	195	0	53	20	1	113	10	0	0	0	2059
GTBacchus	4144	316	0	19	13	0	177	14	0	0	0	4683
Gabbe	636	0	0	1	1	2	16	3	0	0	0	659
Gadfium	2089	33	0	63	13	5	2598	183	5	0	10	4999
Gadget850	438	30	0	4	1	0	0	0	0	0	0	473
Gaillimh	27	13	0	13	2	0	35	7	0	0	0	97
Gaius Cornelius	9	0	0	1	0	0	64	3	0	0	0	77
Galwhaa	235	6	0	2	0	0	11	3	0	0	0	257
Gamaliel	1554	109	0	185	72	11	1094	167	8	0	0	3200
Ganeshk	810	132	0	11	7	0	20	10	0	0	0	990
Garden	1046	42	0	47	6	11	152	16	5	0	8	1333
Garion96	13285	335	0	67	11	7	218	9	2	0	7	13941
Garzo	351	4	0	40	5	2	444	8	0	0	0	854
Gatoclass	126	2	0	48	28	1	1	0	0	0	0	206
Gator1	172	15	0	55	3	0	183	26	0	0	0	454
Gazimoff	327	3	0	5	2	1	73	2	1	0	2	416
Gdr	337	10	0	47	45	0	5	0	0	0	0	444
Ged UK	3516	36	0	428	7	62	413	0	23	0	1	4486
GeeJo	707	8	0	63	33	0	4	0	0	0	0	815
GeneralPatton	25	0	0	3	3	0	13	3	0	0	0	47
Geni	10211	306	0	182	102	3	454	90	0	0	5	11353
Geniac	189	0	0	57	17	3	465	4	0	0	0	735
Gentgeen	99	6	0	2	0	1	35	4	0	0	0	147
Geogre	5178	12	0	21	2	0	221	16	1	0	0	5451
Geometry guy	254	25	0	1	1	3	3	0	2	0	3	292
Georgewilliamherbert	62	111	0	174	4	19	1118	105	13	0	1	1607
Gerald Farinas	65	0	0	3	4	1	4	1	0	0	0	78
Geschichte	6809	81	0	3	0	0	19	6	0	0	0	6918
Getluv	0	0	0	1	0	0	0	0	0	0	0	1
Gilliam	1029	4	0	129	24	17	7018	15	9	0	0	8245
Gimmetrow	944	70	0	203	3	68	422	29	9	0	10	1758
Ginkgo100	963	17	0	38	13	0	527	14	0	0	2	1574
Gladys j cortez	5	0	0	24	2	2	86	4	6	0	0	129
GlassCobra	2288	67	0	76	8	9	1326	13	6	0	9	3802
Glen	1639	83	0	182	17	1	4516	198	0	0	0	6636
Gnangarra	1625	33	0	192	17	6	239	40	1	0	2	2155
Gnasher29	0	0	0	1	0	0	0	0	0	0	0	1
Goatasaur	16	2	0	1	1	0	2	0	0	0	0	22
Gogo Dodo	31959	110	0	802	7	112	4186	40	114	0	1	37331
Golbez	5718	85	0	224	81	19	1347	165	9	0	1	7649
Goldom	1938	7	0	8	0	0	50	4	0	0	0	2007
GoneAwayNowAndRetired	149	4	0	135	4	41	89	3	12	0	2	439
Gonzo fan2007	3778	80	0	405	38	66	240	21	0	0	9	4637
Good Olfactory	7198	403	0	54	16	3	78	7	5	0	0	7764
Goodnightmush	626	1	0	13	1	4	105	1	0	0	0	751
Goodoldpolonius2	1	0	0	4	2	0	27	0	0	0	0	34
Graeme Bartlett	5588	84	0	53	2	7	394	1	21	0	5	6155
GraemeL	971	6	0	59	28	2	1177	87	3	0	0	2333
Graft	3	1	0	1	1	2	0	0	0	0	0	8
Graham87	5721	10056	0	112	7	23	122	7	6	0	3	16057
GrahamColm	32	0	0	12	3	3	23	4	0	0	0	77
Grandmasterka	3058	35	0	118	12	2	528	30	1	0	3	3787
Grant65	6	5	0	2	1	0	3	0	0	0	0	17
Greeves	323	5	0	6	2	0	26	0	0	0	7	369
GregAsche	239	1	0	13	17	0	152	9	0	0	0	431
GregRobson	1	0	0	0	0	0	0	0	0	0	0	1
Grenavitar	864	32	0	3	2	0	41	7	0	0	1	950
Grendelkhan	38	2	0	0	0	0	4	0	0	0	0	44
Grm wnr	533	6	0	4	2	0	38	5	0	0	0	588
Grossmünster	0	0	0	1	0	0	0	0	0	0	0	1
Ground Zero	64	0	0	29	6	4	32	0	3	0	0	138
Grue	200	103	0	10	18	0	25	7	0	0	0	363
Grunt	86	5	0	4	2	0	10	2	0	0	0	109
Grutness	2479	103	0	91	10	3	24	16	0	0	0	2726
Gryffindor	109	8	0	5	0	0	1	1	0	0	0	124
Gtrmp	403	12	0	3	0	0	1	0	0	0	0	419
Guanaco	513	188	0	40	42	0	387	257	0	0	0	1427
Guettarda	205	73	0	43	27	5	69	18	0	0	0	440
Guillom	3	0	0	0	0	0	0	0	0	0	0	3
Gurch	36411	1467	0	76	22	0	695	17	0	0	0	38688
Gurubrahma	309	6	0	144	93	0	39	2	0	0	0	593
Gutza	12	1	0	2	1	2	5	3	0	0	0	26
Gwalla	926	10	0	2	1	0	72	8	0	0	0	1019
Gwen Gale	7211	241	0	519	40	37	1091	156	56	0	9	9360
Gwernol	3832	26	0	344	45	11	4359	157	0	0	0	8774
Gyrofrog	155	11	0	12	2	2	270	14	2	0	0	468
H	6668	26	0	96	39	0	1080	129	0	0	0	8038
Hadal	1484	0	0	6	7	0	316	3	0	0	0	1816
Haemo	2305	14	0	69	7	18	226	43	0	0	0	2682
Hajor	163	7	0	13	12	0	16	1	0	0	0	212
Hall Monitor	460	12	0	270	32	1	2964	235	0	0	0	3974
Hamster Sandwich	3	1	0	1	0	0	26	3	3	0	0	37
Happy-melon	2526	56	19	199	52	20	0	0	0	0	4	2876
HappyCamper	4332	105	0	121	87	0	586	458	0	0	0	5689
Happyme22	572	9	0	44	1	7	11	0	0	0	0	644
Harej	2756	76	0	133	46	7	38	21	2	0	9	3088
Harold Oxley	0	0	0	2	0	0	0	0	0	0	0	2
Harro5	4810	33	0	72	4	0	168	10	0	0	0	5097
Harryboyles	2379	2	0	10	1	0	4	1	0	0	0	2397
Hashar	19	0	0	0	0	0	0	0	0	0	0	19
Hatricide	0	0	0	1	0	0	0	0	0	0	0	1
Haukurth	1198	68	0	15	34	0	81	13	0	0	3	1412
Hawstom	3	0	0	5	1	0	6	1	0	0	0	16
Hbdragon88	672	7	0	7	1	2	1	0	0	0	0	690
Hcheney	20	0	0	0	0	0	15	0	0	0	0	35
Hdt83	25	1	0	9	2	0	76	2	0	0	1	116
Heah	782	14	0	17	6	0	92	9	0	0	0	920
Heimstern	447	19	0	98	8	7	931	38	7	0	0	1555
Hemanshu	447	5	0	0	0	0	5	0	0	0	0	457
Hemlock Martinis	817	44	0	28	2	5	84	8	0	0	0	988
Henrik	530	32	0	48	15	7	196	23	1	0	5	857
Henry Flower	125	3	0	18	10	0	213	8	0	0	0	377
Henrygb	1491	36	0	6	3	0	21	0	0	0	0	1557
Hephaestos	1	2	0	3	2	0	0	0	0	0	0	8
Herbythyme	3022	11	0	45	2	6	515	25	7	0	1	3634
HereToHelp	140	5	0	40	11	3	17	3	0	0	0	219
Hermione1980	501	4	0	4	3	1	11	2	0	0	0	526
Hernando Magallanes	0	0	0	4	0	0	0	0	0	0	0	4
Heron	24	2	0	0	0	0	54	4	0	0	0	84
Herostratus	5268	77	0	14	4	0	65	5	0	0	0	5433
Hersfold	3268	67	0	993	20	361	1206	217	143	0	47	6322
Hesperian	2277	201	0	95	16	4	356	55	1	0	0	3005
Hiberniantears	944	8	0	66	3	22	1020	24	8	0	2	2097
Hiding	1868	134	0	35	25	1	52	14	0	0	4	2133
Hit bull, win steak	181	8	0	2	0	0	32	0	1	0	0	224
Hmhur	0	0	0	1	0	0	0	0	0	0	0	1
Hmwith	5442	52	3	40	2	1	69	4	3	0	1	5617
Hoary	440	16	0	78	5	8	242	10	2	0	0	801
Horologium	517	3	0	122	4	31	78	2	6	0	1	764
HorsePunchKid	189	0	0	0	0	0	0	0	0	0	0	189
HowDumbAreYou	0	0	0	1	0	0	0	0	0	0	0	1
Howcheng	18988	179	3	68	101	2	75	11	0	0	1	19428
Hu12	1469	56	0	365	14	3	1064	37	1	0	2	3011
Humblefool	596	11	0	3	2	0	4	2	0	0	0	618
Humus sapiens	73	2	0	64	4	0	124	12	0	0	0	279
Huntster	461	28	0	28	4	2	28	0	0	0	0	551
Hurricanehink	214	2	0	0	0	0	7	0	0	0	0	223
Husnock	59	1	0	22	8	0	27	9	0	0	0	126
Husond	1241	11	0	422	39	22	1139	39	0	0	1	2914
Hut 8.5	5834	60	0	628	17	37	1169	17	4	0	19	7785
Hyacinth	701	13	0	0	1	0	6	1	0	0	0	722
IMatthew	0	0	0	1	0	0	0	0	0	0	0	1
Ian Dalziel	0	0	0	1	0	0	0	0	0	0	0	1
Ian13	1926	51	0	30	8	2	65	21	0	0	0	2103
IanManka	1212	236	0	73	11	7	225	26	2	0	0	1792
Ianblair23	132	39	0	1	2	0	0	0	0	0	0	174
Icairns	272	7	0	1	1	0	4004	68	1	0	0	4354
Ice Cold Beer	1457	11	0	10	3	2	320	11	6	0	0	1820
IceKarma	1743	8	0	2	2	0	0	1	0	0	0	1756
Icestorm815	1576	29	0	96	7	24	415	11	20	0	5	2183
Icewedge	689	5	0	4	0	1	155	1	5	0	3	863
Idont Havaname	159	5	0	3	2	0	48	0	0	0	0	217
Ihcoyc	280	5	0	23	0	0	1	0	0	0	0	309
Ike9898	303	3	0	5	1	1	30	3	0	0	0	346
Ikiroid	62	5	0	6	0	0	20	1	0	0	0	94
Ilmari Karonen	1081	641	0	32	2	1	210	32	0	0	1	2000
Ilyanep	153	2	0	6	2	0	32	7	0	15	18	235
Improv	1233	9	0	188	11	0	79	15	0	0	0	1535
Imran	1	0	0	0	0	0	1	0	0	0	0	2
InShaneee	3951	20	0	91	5	0	528	56	0	0	0	4651
Infrogmation	4675	80	0	133	8	4	6099	116	9	2	1	11127
Inter	649	4	0	6	1	0	181	10	0	0	0	851
Interiot	1319	23	0	14	8	0	11	1	0	0	0	1376
Ioeth	2765	54	0	129	30	15	1683	40	8	0	12	4736
Iridescent	3376	81	0	124	10	37	839	44	8	0	8	4527
Irina Spalko	0	0	0	1	0	0	0	0	0	0	0	1
Irishguy	11708	25	0	107	3	0	1413	14	0	0	0	13270
IronGargoyle	3554	247	0	59	21	6	128	2	0	0	0	4017
Ish ishwar	46	3	0	1	0	0	11	1	0	0	0	62
Islander	684	23	0	109	1	6	79	5	1	0	4	912
Isomorphic	213	0	0	1	0	0	14	1	0	0	0	229
Isotope23	2009	23	0	124	33	10	490	59	0	0	0	2748
It Is Me Here	227	3	0	13	2	0	8	3	1	0	3	260
Ixfd64	3604	98	0	74	317	6	1342	3741	11	0	4	9197
Izehar	148	3	0	18	21	0	89	20	0	0	0	299
J Di	1548	57	0	75	32	0	581	44	0	0	0	2337
J Greb	2212	89	0	109	2	17	40	2	1	0	0	2472
J Milburn	7973	126	0	52	7	22	85	0	0	0	10	8275
J-stan	178	7	0	7	3	4	76	6	0	0	24	305
J.J.	1	2	0	0	0	0	1	0	0	0	0	4
J.delanoy	8507	259	0	777	32	239	16212	246	832	0	86	27190
J.smith	1176	48	0	27	7	2	240	42	0	0	0	1542
JCarriker	122	29	0	9	4	0	61	13	0	0	0	238
JDoorjam	1760	44	0	100	18	3	121	21	0	0	0	2067
JForget	6666	99	0	464	506	184	1627	13	13	0	0	9572
JGHowes	286	17	0	31	0	2	89	1	5	0	0	431
JHunterJ	1078	102	0	11	2	3	13	2	0	0	0	1211
JIP	7346	70	0	25	4	1	149	3	0	0	0	7598
JLaTondre	14025	69	0	34	4	0	1293	15	0	0	0	15440
JPD	622	5	0	2	2	0	19	1	0	0	0	651
JPG-GR	6817	70	0	14	2	0	19	0	0	0	0	6922
JRM	174	9	0	11	17	0	15	28	0	0	0	254
JWSchmidt	43	2	0	13	5	0	58	1	0	0	1	123
JYolkowski	2375	20	0	11	27	0	139	9	1	0	0	2582
JaGa	0	0	0	1	0	0	0	0	0	0	0	1
Jac16888	16553	61	0	65	3	12	251	15	94	0	2	17056
Jacoplane	326	33	0	92	47	4	159	11	0	0	0	672
Jafeluv	991	55	0	4	1	0	6	0	0	0	0	1057
Jake Nelson	21	1	0	0	0	0	1	0	0	0	0	23
Jake Wartenberg	1973	92	0	112	9	11	491	31	30	0	52	2801
James086	4107	26	0	17	1	2	343	12	0	0	1	4509
JamesR	1155	8	0	55	4	11	105	10	1	0	3	1352
JamesTeterenko	222	2	0	27	18	0	160	4	0	0	0	433
Jamesday	6	7	0	2	0	0	6	1	0	0	0	22
JamieS93	7355	62	0	95	14	27	102	1	5	0	32	7693
Jaranda	17921	149	0	323	98	2	1208	229	0	0	0	19930
Jarry1250	664	10	0	11	1	2	29	1	3	0	3	724
Jasonbres	0	0	0	1	0	0	0	0	0	0	0	1
Jauerback	1259	8	0	56	8	7	847	57	8	0	4	2254
Jaxl	1604	10	0	3	1	0	36	0	0	0	0	1654
Jay	18	8	0	0	0	0	0	0	0	0	0	26
Jayjg	1542	161	3	433	68	1	1988	228	1	0	0	4425
Jayron32	1528	26	0	311	9	36	1619	216	78	0	19	3842
Jbmurray	89	8	0	7	6	0	18	1	0	0	0	129
Jc37	1453	101	0	41	9	9	60	7	1	0	1	1682
Jclemens	13944	115	0	192	2	2	652	3	29	0	8	14947
Jcw69	67	1	0	0	0	0	108	3	0	0	0	179
Jdavidb	81	0	0	13	2	0	48	2	0	0	0	146
Jdforrester	389	53	0	23	7	0	48	12	0	0	0	532
JeLuF	146	3	0	2	0	0	2	1	0	0	4	158
Jedi6	14	0	0	2	3	0	10	1	0	0	0	30
Jeepday	524	9	0	16	1	0	566	8	5	0	0	1129
Jeffrey O. Gustafson	14386	197	0	469	28	37	727	107	0	0	1	15952
Jehochman	168	26	0	96	13	12	508	88	11	0	1	923
Jengod	126	0	0	7	0	0	0	0	0	0	0	133
Jennavecia	4317	517	0	284	29	58	438	49	1	0	13	5706
JeremyA	2102	16	0	37	16	0	272	14	1	0	0	2458
Jerry	3517	200	0	99	14	1	73	10	0	0	3	3917
Jersey Devil	556	10	0	28	6	2	190	18	0	0	0	810
Jersyko	578	1	0	52	10	5	116	6	0	0	0	768
Jerzy	297	158	0	4	0	0	111	5	3	0	0	578
Jesse Viviano	1720	70	0	11	5	2	364	58	9	0	0	2239
JesseW	29055	126	0	37	8	0	78	21	0	0	1	29326
Jfdwolff	444	41	0	105	16	8	267	19	0	0	1	901
Jiang	371	19	0	17	5	0	89	3	0	0	0	504
Jimbo Wales	300	16	0	42	13	3	79	41	0	0	9	503
Jimfbleak	31831	135	0	783	33	4	1449	234	1	0	0	34470
Jimregan	3	0	0	0	0	0	0	0	0	0	0	3
Jimtinman3909	0	0	0	1	0	0	0	0	0	0	0	1
Jingiby	0	0	0	1	0	0	0	0	0	0	0	1
Jinian	1846	5	0	9	3	0	0	0	0	0	0	1863
Jitse Niesen	627	24	0	14	9	2	35	4	0	0	0	715
Jj137	5102	59	0	286	30	49	876	20	0	0	33	6455
Jkelly	3628	61	0	35	17	0	188	12	0	0	0	3941
Jmabel	177	34	0	7	7	0	128	5	0	0	0	358
Jmlk17	11140	72	0	942	48	79	2032	52	0	0	0	14365
Jnc	1906	158	0	114	34	0	46	20	0	0	0	2278
Jni	19112	26	0	24	4	0	199	2	0	0	0	19367
Jnothman	62	1	0	1	0	0	1	1	0	0	0	66
JoJan	6859	34	0	118	2	6	1315	9	2	0	0	8345
JoanneB	1180	48	0	51	22	0	816	105	0	0	0	2222
JodyB	1848	38	0	21	4	4	305	22	0	0	0	2242
Joe Beaudoin Jr.	544	1	0	17	3	0	68	2	0	0	0	635
Joelr31	661	12	0	9	8	0	83	1	0	0	0	774
Jogers	91	0	0	0	0	0	0	0	0	0	0	91
Johan Elisson	352	14	0	11	4	0	42	5	0	0	0	428
Johann Wolfgang	58	2	0	2	1	0	58	1	0	0	0	122
John	2603	19	0	96	4	7	1246	25	1	0	1	4002
John Carter	332	3	0	22	2	2	43	4	18	0	3	429
John Kenney	190	33	0	4	3	0	8	4	0	0	0	242
John Reaves	11925	176	0	418	161	42	2262	228	1	0	49	15262
John Vandenberg	903	201	106	93	17	24	150	35	2	0	19	1550
JohnCD	5062	74	0	20	1	3	446	0	15	0	0	5621
JohnOwens	6	0	0	0	1	0	0	0	0	0	0	7
Johnleemk	1751	20	0	6	3	0	240	20	0	0	0	2040
Johntex	131	28	0	27	4	1	180	11	0	0	0	382
Joke137	15	0	0	1	1	0	29	3	0	0	0	49
Jon513	1325	20	0	3	0	0	43	1	0	0	2	1394
JonMoore	39	1	0	2	2	0	0	0	0	0	0	44
Jonathunder	137	13	0	8	1	0	66	3	0	0	0	228
Jondel	243	1	0	32	8	0	72	1	0	0	0	357
Jonny-mt	1027	40	0	67	5	10	217	15	0	0	8	1389
Joolz	244	3	0	0	1	0	0	1	0	0	0	249
Josephjames21	0	0	0	1	0	0	0	0	0	0	0	1
Josh Grosse	38	2	0	0	0	0	0	0	0	0	0	40
Joshbuddy	22	0	0	0	0	0	5	0	0	0	0	27
JoshuaZ	597	51	0	102	13	0	627	71	0	0	0	1461
Josiah Rowe	111	25	0	76	10	0	335	19	0	0	0	576
Jossi	760	34	0	356	95	28	2058	77	2	0	1	3411
Journalist	404	7	0	53	20	9	125	14	0	0	4	636
Joy	296	101	0	20	7	0	4	0	0	0	0	428
Joyous!	8435	13	0	133	50	0	453	18	0	0	0	9102
Jpgordon	987	22	1	202	17	10	3129	302	66	0	2	4738
Jrdioko	429	0	0	0	0	0	18	0	0	0	0	447
Jredmond	584	12	0	37	4	1	203	10	19	0	1	871
Jreferee	1375	49	0	144	6	27	36	4	0	0	0	1641
Jtdirl	112	30	0	118	44	0	432	29	0	0	0	765
Jtkiefer	870	100	0	53	15	0	403	85	0	0	0	1526
Judas Preist is effin awsome	0	0	0	2	0	0	0	0	0	0	0	2
Juliancolton	17168	292	0	630	35	220	2885	47	35	0	391	21703
Jusjih	1434	88	0	9	1	1	5	0	0	0	0	1538
Justinc	520	2	0	0	0	0	0	0	0	0	0	522
Jwrosenzweig	40	0	0	1	0	0	7	0	0	0	1	49
JzG	10196	258	0	645	36	20	1381	90	6	0	0	12632
Jza84	343	0	0	65	1	6	148	6	1	0	6	576
Jéské Couriano	568	121	0	880	159	184	1056	115	93	0	5	3181
K1Bond007	354	8	0	3	3	0	37	4	0	0	0	409
KF	511	16	0	2	0	0	1	0	0	0	0	530
KFP	752	119	0	243	4	1	66	10	0	0	0	1195
Kafziel	2000	33	0	214	24	25	1456	60	11	0	8	3831
Kaihsu	338	27	0	11	6	0	128	15	0	0	0	525
Kaiser matias	19	4	0	4	0	0	16	0	0	0	0	43
Kaisershatner	70	0	0	14	3	2	480	16	0	0	0	585
Kakofonous	66	3	0	5	1	0	4	1	0	0	1	81
Kaldari	271	28	0	68	19	12	73	11	3	0	0	485
Kane5187	241	6	0	1	0	0	1	0	0	0	0	249
Kanonkas	613	27	0	82	12	55	1275	66	503	0	19	2652
Karada	625	16	0	48	8	1	561	23	1	0	0	1283
Karanacs	699	12	0	13	0	2	13	0	2	0	5	746
Karl Dickman	2774	41	0	9	8	0	33	10	0	0	0	2875
Karmafist	165	35	0	15	5	0	160	21	0	0	0	401
Katefan0	841	20	0	212	128	0	351	52	0	0	0	1604
Kateshortforbob	487	3	0	10	2	0	36	3	1	0	2	544
Kathryn NicDhàna	59	0	0	11	1	0	7	1	0	0	0	79
Kbdank71	22384	57	0	43	2	0	357	13	7	0	1	22864
Kbh3rd	112	10	0	23	0	1	1159	47	12	0	0	1364
Kbthompson	144	26	0	25	1	1	134	2	0	0	3	336
Kcordina	1220	41	0	9	0	0	168	7	0	0	0	1445
Keegan	3823	140	46	98	20	12	261	35	6	0	18	4459
Keenan Pepper	297	1	0	3	0	0	11	0	0	0	0	312
Keeper76	3086	78	0	67	12	10	89	14	0	0	22	3378
Keilana	1635	51	0	72	12	9	615	19	0	0	11	2424
Keith D	1096	576	0	135	0	10	53	1	0	0	1	1872
Kelly Martin	736	56	0	27	11	0	413	60	0	0	0	1303
Khaosworks	330	12	0	10	4	0	162	80	0	0	0	598
Khendon	3	0	0	1	2	0	0	0	0	0	0	6
Khoikhoi	1198	298	0	594	223	11	1758	143	3	0	1	4229
Khukri	1056	12	0	60	7	2	444	14	1	0	0	1596
Khym Chanur	0	0	0	6	0	0	0	0	0	0	0	6
Kicking222	529	1	0	0	0	0	0	0	0	0	0	530
KieferSkunk	757	11	0	3	0	3	15	3	0	0	0	792
KillerChihuahua	1237	37	0	109	12	11	403	30	8	0	0	1847
Killervogel5	9	0	0	5	0	2	9	0	0	0	0	25
Killiondude	2613	43	0	40	3	17	155	0	13	0	14	2898
Kilo-Lima	1207	2	0	36	9	0	668	69	0	0	0	1991
Kim Bruning	49	5	0	11	3	0	33	14	0	0	0	115
Kim Dent-Brown	284	1	0	17	2	0	3	1	0	0	0	308
Kimchi.sg	43502	717	0	540	118	21	2191	211	21	0	0	47321
KimvdLinde	891	55	0	61	19	1	47	7	1	0	0	1082
King of Hearts	5596	168	0	463	80	35	1745	551	14	0	14	8666
Kingboyk	3143	316	0	103	12	0	214	24	0	0	2	3814
Kingturtle	745	26	0	173	14	28	338	10	7	1489	77	2907
Kinu	7597	43	0	469	20	9	812	62	15	0	0	9027
Kirill Lokshin	1848	50	0	22	2	5	161	15	0	0	1	2104
Kizor	60	252	0	9	8	2	25	3	0	0	0	359
Kjkolb	517	14	0	1	1	0	138	8	0	0	0	679
Kmccoy	201	5	0	23	3	4	44	9	5	0	4	298
KnightLago	1044	54	1	204	16	34	852	94	8	0	1	2308
Knowledge Seeker	115	32	0	19	19	0	110	75	0	0	0	370
KnowledgeOfSelf	1671	27	0	261	27	17	5512	114	0	0	0	7629
Konstable	1080	91	0	97	25	0	435	135	0	0	0	1863
Kosebamse	335	0	0	1	0	0	10	0	0	0	0	346
Kotra	25	1	0	2	1	0	2	0	0	0	0	31
Kpjas	121	0	0	2	0	0	1	0	0	0	0	124
KrakatoaKatie	3346	70	0	99	5	17	318	16	0	0	3	3874
Kralizec!	856	100	0	778	202	101	3620	43	40	0	14	5754
Ktsquare	11	0	0	0	0	0	0	1	0	0	0	12
Kubigula	8377	39	0	116	9	1	572	19	2	0	0	9135
Kukini	920	11	0	50	2	2	3481	4	2	0	0	4472
Kungfuadam	16119	264	0	186	39	0	2570	245	0	0	0	19423
Kurt Shaped Box	2083	18	0	134	6	33	1698	20	12	0	0	4004
Kuru	1975	5	0	274	10	7	4181	65	91	0	11	6619
Kurykh	6224	108	0	185	19	42	600	72	4	0	4	7258
Kusma	11426	101	0	172	36	10	955	31	6	0	8	12745
Kwamikagami	770	33	0	129	9	19	243	16	13	0	0	1232
Kwsn	1720	13	0	47	4	17	220	32	0	0	0	2053
Kyle Barbour	477	115	0	2	0	0	46	11	0	0	0	651
Kylu	1427	44	0	191	12	25	246	26	0	0	35	2006
Kyorosuke	1014	46	0	43	23	0	162	47	0	0	0	1335
Kzollman	125	34	0	1	0	0	2	1	0	0	0	163
L'Aquatique	667	10	0	21	3	13	46	8	0	0	3	771
LAX	219	3	0	3	4	1	95	1	0	0	4	330
LFaraone	289	7	0	12	2	2	8	0	0	0	2	322
La goutte de pluie	598	30	0	32	17	2	184	37	0	0	0	900
Lachatdelarue	237	7	0	0	1	0	6	1	0	0	0	252
Lacrimosus	222	3	0	16	1	0	44	1	0	0	0	287
LadyofShalott	1632	16	0	28	4	1	86	6	1	0	2	1776
Lankiveil	1076	29	0	18	0	5	149	3	14	0	1	1295
Lar	980	84	1	118	29	13	590	44	4	0	12	1875
Larry V	272	11	0	1	1	0	2	0	0	0	0	287
Laser brain	180	1	0	2	0	0	10	2	0	0	0	195
Laurascudder	848	4	0	3	2	0	9	1	0	0	0	867
Law	361	20	0	15	2	1	205	6	5	0	1	616
Lazulilasher	211	9	0	16	4	5	59	1	2	0	2	309
LeaveSleaves	0	0	0	6	0	0	0	0	0	0	0	6
Lectonar	16109	67	0	203	148	84	391	9	9	0	0	17020
Leebo	547	11	0	16	0	0	128	7	0	0	0	709
Leinad	4	0	1	0	0	0	0	0	0	0	0	5
Leithp	367	22	0	6	1	0	329	12	0	0	0	737
Lenticel	227	5	0	1	0	0	0	0	0	0	0	233
Leonard^Bloom	85	0	0	3	0	0	2	0	2	0	0	92
LessHeard vanU	566	57	0	294	14	31	2888	81	39	0	0	3970
Lethe	35	13	0	3	2	0	34	16	0	0	0	103
Lexi Marie	605	28	0	41	25	0	157	52	0	0	0	908
Lexicon	167	23	0	10	3	1	57	5	0	0	0	266
Lexor	40	0	0	0	0	0	0	0	0	0	0	40
Lid	2441	11	0	17	0	0	49	0	0	0	0	2518
Lifebaka	2783	158	0	44	11	10	155	12	8	0	2	3183
Lightdarkness	1528	18	0	5	3	0	183	19	0	0	0	1756
Ligulem	4947	12	0	749	660	0	150	6	0	0	0	6524
LinguistAtLarge	175	2	0	1	0	0	0	0	0	0	2	180
Linuxbeak	339	5	0	64	17	0	389	34	0	20	15	883
Lipinki	0	0	0	2	0	0	0	0	0	0	0	2
LiquidGhoul	27	1	0	1	0	0	0	0	0	0	0	29
LittleDan	34	1	0	1	2	0	4	0	0	0	0	42
Llywrch	163	15	0	18	6	1	30	8	0	0	0	241
Lommer	737	2	0	1	2	0	1	0	0	0	0	743
Lomn	9	0	0	1	1	0	9	0	0	0	0	20
Longhair	5717	10	0	124	38	3	1680	41	1	0	4	7618
Lord Emsworth	2	0	0	0	0	0	0	0	0	0	0	2
Lord Voldemort	182	1	0	9	26	0	4	4	0	0	0	226
LordAmeth	52	1	0	0	0	0	0	0	0	0	0	53
Loren36	76	1	0	12	4	1	302	20	0	0	0	416
Lostintherush	797	7	0	27	6	2	112	6	0	0	0	957
LouI	35	1	0	0	0	0	0	0	0	0	0	36
Lowellian	267	75	0	6	1	0	0	0	0	0	0	349
Lquilter	22	1	0	0	0	0	6	0	0	0	0	29
Lradrama	181	2	0	0	0	0	201	15	0	0	1	400
Lucky 6.9	27946	129	0	766	50	0	1919	248	0	0	0	31058
Ludraman	16	3	0	2	2	0	4	0	0	0	0	27
Luigi30	3280	15	0	52	2	0	152	5	0	0	0	3506
Luis Hernández García	0	0	0	2	0	0	0	0	0	0	0	2
Luk	22434	218	0	622	26	126	3992	344	128	0	18	27908
Luna Santin	6256	102	11	1818	160	122	12665	1035	109	0	16	22294
Lupin	642	1	0	5	3	0	126	8	0	0	0	785
Lupo	1912	15	0	9	0	0	398	21	0	0	0	2355
Lyrl	257	1	0	0	1	0	5	0	0	0	0	264
M7	0	0	0	0	0	0	0	0	1	0	0	1
MBK004	731	18	0	146	4	20	344	17	11	0	20	1311
MBisanz	59451	679	0	523	19	82	1370	92	22	1847	379	64464
MBoarSidwell	0	0	0	1	0	0	0	0	0	0	0	1
MC MasterChef	103	0	0	0	0	0	35	4	0	0	0	142
MCB	1166	17	0	33	4	3	422	17	1	0	0	1663
MECU	5336	21	0	2	0	1	7	0	0	0	0	5367
MER-C	0	0	0	15	0	0	0	0	0	0	0	15
MGodwin	3	0	0	0	0	0	0	0	0	0	0	3
MJCdetroit	104	6	0	28	3	11	5	0	0	0	0	157
MLauba	375	80	0	8	1	0	7	1	0	0	0	472
MONGO	3035	27	0	116	35	0	396	39	0	0	0	3648
MPF	441	9	0	7	0	0	17	0	0	0	0	474
MPUploadBot	50	7	0	52	0	3	0	0	0	0	0	112
MSGJ	1227	141	0	96	46	33	60	1	5	0	23	1632
MZMcBride	805733	586	0	7292	950	422	172	118	190	0	2	815465
MacGyverMagic	5629	110	0	195	106	3	281	33	0	0	0	6357
Mackensen	2517	107	0	71	7	1	1581	237	0	0	0	4521
Mackeriv	96	1	0	3	0	0	14	3	0	0	0	117
Madchester	514	15	0	105	18	4	242	10	0	0	0	908
Madman	873	61	0	24	5	4	140	16	3	0	0	1126
Maedin	269	214	0	2	2	0	8	1	1	0	3	500
Magioladitis	3017	18	0	27	2	4	62	3	2	0	0	3135
Magnus Manske	889	4	0	1	1	0	14	0	0	0	0	909
Mahanga	893	10	0	10	1	3	61	3	0	0	0	981
Mailer diablo	49320	246	22	157	15	3	248	14	2	0	1	50028
Mairi	760	5	0	3	2	0	5	0	0	0	0	775
Majorly	15244	506	0	548	104	7	660	39	0	0	10	17118
Makemi	4809	53	0	79	13	0	378	25	0	0	0	5357
Malcolm	1284	63	0	47	17	2	274	19	0	0	0	1706
Malcolm Farmer	776	3	0	0	0	0	24	1	0	0	0	804
Malcolmxl5	6420	43	0	213	7	13	35	1	3	0	2	6737
Malik Shabazz	2266	16	0	8	1	4	29	3	1	0	0	2328
Malinaccier	728	4	0	273	20	68	672	15	9	0	267	2056
Mallanox	1860	19	0	2	1	0	5	0	0	0	0	1887
Malo	3612	20	0	113	8	1	2248	246	0	0	0	6248
Mangojuice	4269	82	0	108	12	8	846	342	62	0	31	5760
Manning Bartlett	1403	12	0	8	1	10	31	5	1	0	3	1474
Marasmusine	4515	33	0	43	4	0	262	4	0	0	0	4861
Mardetanha	0	0	0	0	0	0	2	1	0	0	0	3
Marianocecowski	242	8	0	0	3	0	32	0	0	0	0	285
Marine 69-71	284	5	0	68	27	0	121	35	0	0	1	541
Mark	454	84	0	121	26	8	158	37	3	0	0	891
Mark Dingemanse	293	0	0	1	3	0	45	3	0	0	0	345
Mark Richards	0	0	0	0	0	0	0	5	0	0	0	5
Mark83	368	10	0	1	2	0	3	0	0	0	0	384
MarkGallagher	1932	27	0	81	61	0	116	26	0	0	0	2243
MarkSweep	1945	23	0	105	5	0	1133	41	0	0	0	3252
Markles	65	8	0	47	4	10	1	0	0	0	0	135
Marshman	25	0	0	0	0	0	30	2	0	0	0	57
Marskell	40	2	0	32	16	3	25	0	0	0	0	118
Martijn Hoekstra	1179	14	0	4	1	0	122	4	1	0	2	1327
MartinHarper	14	0	0	0	1	0	0	0	0	0	0	15
Martinp23	1387	89	0	228	31	4	359	71	2	0	4	2175
Martyman	131	2	0	2	0	0	35	1	0	0	0	171
Marudubshinki	4852	55	0	28	14	0	448	30	0	0	0	5427
Marumari	0	0	0	0	0	1	8	0	0	0	0	9
Masamage	841	16	0	16	2	3	19	1	0	0	0	898
Masem	93	17	0	9	0	2	13	0	0	0	0	134
MastCell	5582	74	0	520	23	50	989	77	3	0	1	7319
Master Jay	196	8	0	82	7	1	303	36	0	0	0	633
Master Thief Garrett	1144	6	0	7	1	0	12	2	0	0	0	1172
Master of Puppets	2544	68	0	278	32	55	988	35	13	0	10	4023
Materialscientist	6567	52	0	275	3	26	2295	6	89	0	0	9313
Matilda	221	20	0	33	15	1	231	10	0	0	0	531
Matt Britt	5	2	0	2	0	0	1	0	0	0	0	10
Matt Crypto	132	22	0	38	22	0	174	18	0	0	0	406
Mattbr	2555	66	0	4	0	0	9	0	0	0	0	2634
Mattgirling	268	0	0	0	0	0	26	1	1	0	0	296
MatthewUND	53	1	0	0	0	0	5	0	0	0	0	59
Matthewedwards	2126	89	0	30	8	1	26	3	0	0	0	2283
Mattinbgn	1116	39	0	43	3	9	81	2	0	0	0	1293
Mattyb420	0	0	0	2	0	0	0	0	0	0	0	2
Maunus	1	0	0	7	0	1	3	0	0	0	0	12
Maury Markowitz	154	19	0	0	0	1	47	5	0	0	0	226
Mav	505	12	0	125	2	1	18	7	0	0	0	670
MaxSem	4846	23	0	167	25	7	343	96	3	0	14	5524
Maxim	106756	925	0	2479	276	563	2484	137	84	0	200	113904
Maxim's JS test account	0	0	0	1	0	0	0	0	0	0	0	1
Maximus Rex	68	0	0	0	0	0	0	0	0	0	0	68
Mazca	1035	9	0	25	2	8	352	4	13	0	3	1451
Mbecker	0	0	0	1	3	0	3	1	0	0	0	8
Mdd4696	2234	8	0	31	8	0	89	4	0	0	0	2374
MediaWiki default	1310	0	0	0	0	0	0	0	0	0	0	1310
Meegs	8893	33	0	1	0	0	97	5	0	0	0	9029
Meelar	1264	7	0	2	1	0	121	1	0	0	0	1396
MegaHL90	0	0	0	1	0	0	0	0	0	0	0	1
Mel Etitis	3126	19	0	160	24	0	848	57	0	0	0	4234
Melburnian	125	4	0	6	1	0	30	0	0	0	0	166
Melchoir	1169	9	0	31	1	0	95	2	1	0	0	1308
Melesse	24039	62	0	3	0	0	1	0	0	0	0	24105
Menchi	23	2	0	0	0	0	0	0	0	0	0	25
Meno25	528	35	0	3	1	1	7	3	1	0	18	597
Mentifisto	5609	21	0	41	0	10	6864	15	76	0	67	12703
Mercury	314	93	0	82	34	25	137	62	0	0	0	747
Merkinsmum	0	0	0	3	0	0	0	0	0	0	0	3
Merope	11766	60	0	56	6	0	834	15	0	0	0	12737
Merovingian	2015	100	0	33	14	0	275	21	0	0	28	2486
Merphant	1	2	0	0	0	0	0	0	0	0	0	3
Metalx97856	0	0	0	1	0	0	0	0	0	0	0	1
Metamagician3000	111	4	0	11	4	0	28	5	0	0	0	163
Metropolitan90	2760	25	0	1	0	1	6	2	0	0	0	2795
Mets501	9382	98	0	207	38	0	293	23	0	0	0	10041
Mfield	896	17	0	148	6	32	651	10	24	0	1	1785
Miborovsky	46	3	0	19	13	0	30	5	0	0	0	116
Michael Greiner	864	14	0	10	7	0	13	1	5	0	0	914
Michael Hardy	306	78	0	1	0	0	18	5	1	0	0	409
Michael Snow	875	106	0	22	164	1	54	68	1	0	0	1291
MichaelBillington	507	8	0	6	0	0	4567	70	0	0	2	5160
Michaelas10	363	22	0	80	8	1	61	8	0	0	0	543
Midom	0	0	0	0	0	0	1	0	0	0	0	1
Mifter	1753	9	0	118	4	6	374	1	29	0	34	2328
Mikaey	1099	1115	0	11	1	2	73	0	1	0	2	2304
Mike 7	1263	16	0	39	3	0	285	6	0	0	0	1612
Mike Halterman	149	9	0	13	9	1	64	10	0	0	0	255
Mike Peel	3030	20	0	4	4	0	4	0	1	0	0	3063
Mike Rosoft	14594	409	0	429	47	19	2306	390	11	0	0	18205
Mike Selinker	2020	15	0	11	4	0	17	1	0	0	0	2068
Mike.lifeguard	2	0	0	0	0	0	0	1	0	0	0	3
Mikeblas	128	1	0	0	0	0	0	0	0	0	0	129
MilborneOne	440	1	0	7	4	0	16	0	0	0	0	468
Mindmatrix	2335	26	0	26	2	0	48	1	1	0	1	2440
Mindspillage	2299	75	0	53	27	2	92	46	0	0	0	2594
Minesweeper	13	2	0	0	0	0	1	0	0	0	0	16
Mirv	1146	28	0	38	37	0	40	46	0	0	1	1336
MisfitToys	79	8	0	0	0	0	0	0	0	0	0	87
Misza13	223397	280	0	284	22	2	4609	271	0	0	6	228871
Mitchazenia	127	6	0	4	2	0	23	2	0	0	0	164
Mjroots	74	1	0	21	3	5	53	3	5	0	0	165
Mkmcconn	20	0	0	3	3	0	0	0	0	0	0	26
Mkweise	30	2	0	0	1	0	1	0	0	0	0	34
Mlaffs	105	0	0	1	0	0	0	0	0	0	0	106
Mo0	3125	23	0	14	3	0	229	21	1	0	0	3416
MoRsE	57	3	0	0	0	0	25	1	0	0	0	86
Modemac	14	0	0	3	5	0	6	1	0	0	0	29
Moink	304	3	0	2	0	0	7	7	0	0	0	323
Molikroth	0	0	0	1	0	0	0	0	0	0	0	1
Moncrief	99	1	0	4	3	0	41	1	0	0	0	149
Moni3	42	4	0	82	1	20	28	0	2	0	0	179
Montrealais	22	1	0	0	0	0	0	0	0	0	0	23
Moondyne	1958	55	0	58	14	2	299	38	0	0	0	2424
Moonriddengirl	9373	1369	0	234	26	15	365	23	14	0	0	11419
Moreschi	1044	26	0	200	11	43	898	81	10	0	20	2333
Moriori	3534	3	0	0	0	0	252	5	0	0	0	3794
Morven	814	26	0	7	1	0	224	54	1	0	0	1127
Morwen	615	14	0	6	1	0	84	8	0	0	0	728
Mr. Lefty	1550	10	0	62	6	0	614	31	1	0	0	2274
Mr.Z-man	19477	242	2	481	50	285	1638	182	28	0	26	22411
MrDarcy	222	5	0	36	7	0	143	12	0	0	0	425
MrKIA11	3596	18	0	0	0	0	3	1	1	0	0	3619
Mtmelendez	1041	5	0	11	0	0	2	0	0	0	0	1059
MuZemike	1782	61	0	82	2	12	1331	49	101	0	6	3426
Mufka	2117	10	0	58	1	6	612	1	21	0	0	2826
Mulad	43	6	0	0	0	0	0	0	0	0	0	49
Mushroom	21997	188	0	38	9	6	454	90	1	0	0	22783
Musical Linguist	324	149	0	109	24	0	900	71	0	0	0	1577
Mustafaa	131	1	0	0	3	0	10	1	0	0	0	146
MykReeve	2	0	0	0	0	0	0	0	0	0	0	2
Myleslong	22	29	0	6	3	0	28	8	0	0	0	96
Mysekurity	728	14	0	40	21	0	81	2	0	0	0	886
Mysid	2493	2	0	2	1	0	14	5	0	0	0	2517
Mzajac	148	4	0	8	2	1	46	4	0	0	0	213
NCurse	1616	11	0	1	1	0	34	0	0	0	0	1663
NJA	2379	35	0	207	6	41	1530	44	81	0	46	4369
NSLE	561	11	0	90	18	0	440	101	0	0	0	1221
Nabla	900	50	0	16	5	1	1	0	0	0	0	973
Nae'blis	844	53	0	28	2	0	15	2	0	0	0	944
Nagy	0	0	0	1	0	0	0	0	0	0	0	1
Nakon	35009	391	0	603	67	30	12813	6151	22	0	91	55177
Nancy	12027	86	0	371	20	14	886	13	15	0	9	13441
Nandesuka	694	29	0	96	16	2	383	27	1	0	0	1248
Nanfoodle	0	0	0	1	0	0	0	0	0	0	0	1
Nanobug	1	0	0	0	0	0	0	0	0	0	0	1
Nat	189	35	0	156	9	31	263	15	0	0	0	698
Natalie Erin	4503	23	0	69	3	0	988	27	0	0	0	5613
Natalya	325	13	0	36	7	3	109	39	0	0	0	532
NawlinWiki	169998	6869	0	9143	26	677	15073	467	405	0	6	202664
Necrothesp	375	11	0	1	0	1	107	8	0	0	0	503
Nehrams2020	4701	20	0	6	2	1	126	2	0	0	0	4858
Netsnipe	1161	60	0	605	91	10	3672	1757	12	0	1	7369
Neutrality	3907	32	0	48	10	0	175	58	0	0	0	4230
Nev1	319	16	0	43	3	21	195	3	6	0	0	606
Newyorkbrad	770	15	0	50	5	2	538	32	0	0	1	1413
Ngb	622	62	0	9	6	0	10	0	0	0	0	709
Nichalp	1191	70	0	50	16	4	72	9	0	979	163	2554
NicholasTurnbull	212	14	0	15	10	0	139	17	0	0	0	407
Nick	2911	130	0	245	23	20	672	67	9	0	2	4079
Nick-D	525	12	0	84	14	9	381	18	26	0	0	1069
Nickptar	612	13	0	3	1	0	116	31	0	0	0	776
Nickshanks	54	1	0	3	0	0	0	0	0	0	0	58
Nicman911	0	0	0	2	0	0	0	0	0	0	0	2
Night Gyr	490	38	0	10	3	1	31	2	0	0	0	575
Nightmarishnight	0	0	0	1	0	0	0	0	0	0	0	1
Nightscream	27	9	0	68	6	4	146	2	6	0	0	268
Nightstallion	1771	128	0	71	7	0	29	2	0	0	0	2008
Nihiltres	12678	187	0	117	29	27	271	16	2	0	12	13339
Nihonjoe	6120	309	0	269	35	8	977	33	54	74	6	7885
Nikki311	441	2	0	25	1	2	45	1	0	0	1	518
Nilfanion	571	25	0	4	3	0	3	0	0	0	0	606
Nishkid64	7435	349	1	1519	641	130	7481	306	652	0	29	18543
Niteowlneils	4157	80	0	1	0	0	16	1	0	0	0	4255
Nixdorf	2	0	0	0	0	0	0	0	0	0	0	2
Nixeagle	10319	243	0	93	14	9	3324	84	26	0	2	14114
Nlu	1601	92	0	603	226	13	3542	220	0	0	0	6297
Nmajdan	219	5	0	9	8	4	63	2	0	0	0	310
No Guru	927	11	0	33	14	0	442	8	1	0	0	1436
NoSeptember	1595	48	0	24	25	1	122	61	0	0	45	1921
NodpiW	0	0	0	1	0	0	0	0	0	0	0	1
Nohat	266	38	0	39	33	0	62	5	0	0	0	443
Noldoaran	2	0	0	0	0	0	0	0	0	0	0	2
Notheruser	70	0	0	0	0	0	0	0	0	0	0	70
Nousernamesleft	198	7	0	5	2	3	2	1	0	0	3	221
NrDg	1619	123	0	279	19	28	846	27	44	0	4	2989
NuclearWarfare	8369	214	0	303	17	91	2115	57	103	0	89	11358
Nufy8	371	1	0	36	2	7	332	15	1	0	0	765
Number 57	6124	71	0	74	2	1	53	4	0	0	0	6329
Nunh-huh	456	29	0	27	3	1	320	12	3	0	1	852
Nv8200p	59585	181	0	26	3	0	108	3	0	0	0	59906
Nyttend	5880	189	0	45	1	0	185	2	4	0	0	6306
Oberiko	294	3	0	8	2	0	162	0	0	0	0	469
Obli	1047	6	0	28	5	0	99	7	0	0	0	1192
Ocatecir	1340	11	0	106	16	1	248	9	0	0	0	1731
Ocee	196	2	0	3	3	10	95	5	0	0	0	314
Od Mishehu	6599	193	0	176	25	26	346	59	107	0	4	7535
OhanaUnited	509	35	0	11	3	1	139	7	0	0	8	713
Ohnoitsjamie	4772	62	0	287	11	19	2562	50	27	0	0	7790
Okiefromokla	195	2	0	21	3	3	208	7	0	0	0	439
OlEnglish	51	3	0	3	2	0	19	0	0	0	0	78
Olaf Davis	68	2	0	0	0	0	5	0	0	0	0	75
OldakQuill	325	22	0	6	2	0	2	1	0	0	0	358
Oldboy212	0	0	0	1	0	0	0	0	0	0	0	1
Oldelpaso	667	12	0	19	10	0	36	1	0	0	2	747
Oldwindybear	2	0	0	0	0	0	2	1	0	0	0	5
Oleg Alexandrov	690	57	0	14	8	0	35	10	0	0	1	815
Olessi	142	6	0	0	0	0	14	1	0	0	0	163
Oliver Pereira	2	6	0	0	1	0	0	0	0	0	0	9
Olivier	193	8	0	7	1	0	24	0	0	0	0	233
Omegatron	308	90	0	27	12	0	15	0	0	0	0	452
One	974	103	0	117	18	1	143	28	1	0	0	1385
Opabinia regalis	1410	5	0	15	2	0	3	0	0	0	0	1435
Orangemike	22463	143	0	584	25	14	4957	42	44	0	0	28272
Orderinchaos	4757	146	0	93	18	8	243	36	3	0	1	5305
Oren0	188	7	0	26	6	7	48	8	3	0	4	297
Orioane	114	1	0	4	2	0	11	0	0	0	0	132
Orlady	126	11	0	20	3	6	33	0	2	0	0	201
Orphaned image deletion bot	496	0	0	0	0	0	0	0	0	0	0	496
Orphaned talkpage deletion bot	969	58	0	0	0	0	0	0	0	0	0	1027
Oscarthecat	3323	21	0	252	5	0	310	7	2	0	0	3920
OverlordQ	608	5	0	23	1	0	449	88	35	0	0	1209
Owen	254	24	0	15	33	0	84	23	0	0	0	433
OwenX	2324	22	0	184	20	1	1253	82	3	0	8	3897
Oxymoron83	11239	98	0	411	11	64	5417	34	51	0	0	17325
PDH	9821	82	0	355	197	0	243	21	0	0	0	10719
PFHLai	3452	133	0	852	752	1	58	1	0	0	0	5249
PMDrive1061	25814	339	0	1400	27	40	4435	147	546	0	8	32756
PS2pcGAMER	2303	23	0	25	32	0	87	18	0	0	0	2488
PZFUN	94	3	0	6	2	0	14	6	0	0	0	125
Pablo-flores	920	2	0	16	6	2	180	2	0	0	0	1128
Paginazero	3	3	0	0	0	0	0	0	0	0	0	6
Pagrashtak	3191	13	0	3	2	0	10	1	0	0	0	3220
Pakaran	134	9	0	7	8	1	54	6	0	26	28	273
Pamri	707	1	0	0	4	0	0	0	0	0	0	712
Papa November	3175	47	0	24	6	14	235	13	1	0	0	3515
Parsecboy	2670	108	0	34	6	0	400	11	2	0	4	3235
Parthian Scribe	0	0	0	1	0	0	0	0	0	0	0	1
Pascal.Tesson	16272	95	0	85	2	1	802	20	0	0	2	17279
Pastor Theo	474	0	0	8	0	0	59	9	1	0	1	552
Pastordavid	1312	9	0	8	6	0	10	1	0	0	0	1346
Patar knight	258	6	0	3	0	0	8	1	2	0	0	278
Pathoschild	8361	150	1	151	33	1	2437	705	77	0	1	11917
Patrick	134	112	0	9	1	1	3	1	0	0	0	261
Pats1	527	61	0	148	8	17	408	7	6	0	0	1182
Paul A	92	18	0	0	0	0	0	0	0	0	0	110
Paul August	1118	9	0	8	1	3	124	3	0	0	0	1266
Paul Benjamin Austin	25	4	0	45	9	0	65	16	0	0	0	164
Paul Erik	1847	53	0	13	2	0	362	6	5	0	0	2288
Pax:Vobiscum	574	38	0	182	6	13	34	1	0	0	0	848
Paxse	7	0	0	0	0	0	4	1	0	0	0	12
Pb30	858	1	0	0	0	1	278	3	0	0	0	1141
Pcb21	101	43	0	3	6	0	1	1	0	0	0	155
PeaceNT	5087	175	0	105	10	8	298	9	0	0	0	5692
PedanticallySpeaking	41	8	0	2	0	0	0	0	0	0	0	51
Pedro	8859	42	0	93	14	11	795	15	9	0	271	10109
Pedro Paulo Vasconcellos	0	0	0	2	0	0	0	0	0	0	0	2
Pegship	191	2	0	1	0	0	1	0	0	0	0	195
Penader	0	0	0	1	0	0	0	0	0	0	0	1
Pending deletion script	1210	0	0	0	0	0	0	0	0	0	0	1210
Pengo	51	14	0	2	1	0	7	0	0	0	0	75
Penwhale	147	8	0	45	6	14	52	13	1	0	0	286
Pepsidrinka	993	33	0	34	19	0	395	34	0	0	0	1508
Perceval	29	0	0	5	4	0	19	0	0	0	0	57
Peripitus	9481	64	0	95	18	14	163	10	9	0	3	9857
Persian Poet Gal	2300	96	0	1001	25	39	3340	141	16	0	1	6959
Peruvianllama	624	7	0	18	4	0	366	6	0	0	0	1025
Peteforsyth	18	6	0	5	2	3	11	2	3	0	0	50
Peter	3642	47	0	74	23	0	652	39	0	0	0	4477
PeterSymonds	6135	204	0	1100	355	381	2564	129	396	0	439	11703
Pgk	3711	73	0	556	54	0	4060	2204	0	0	0	10658
Phaedriel	3551	55	0	199	30	16	308	19	0	0	0	4178
Pharos	403	70	0	593	153	0	41	7	1	0	0	1268
Phil Bordelon	0	0	0	2	1	0	0	0	0	0	0	3
Phil Boswell	532	10	0	79	1	3	19	4	0	0	0	648
Phil Sandifer	676	138	0	80	58	8	280	69	0	0	0	1309
PhilKnight	23843	418	0	836	52	33	4670	189	139	0	27	30207
Philip Baird Shearer	414	76	0	82	16	21	15	2	0	0	0	626
Philippe	4132	52	0	355	33	45	1512	67	4	0	8	6208
Philippe (WMF)	1	0	0	1	0	0	0	0	0	0	0	2
Philosopher	1202	20	0	28	2	5	35	2	7	0	25	1326
Phils	15	1	0	0	0	0	26	2	0	0	0	44
Philwelch	933	44	0	28	7	0	72	14	0	0	0	1098
Phuntsok2000	0	0	0	2	0	0	0	0	0	0	0	2
Physchim62	1115	41	0	34	5	0	107	17	0	0	0	1319
Piazzajordan2	0	0	0	1	0	0	0	0	0	0	0	1
Picaroon	4039	61	0	55	12	5	461	27	0	0	1	4661
PierreAbbat	0	0	0	0	0	0	6	0	0	0	0	6
Pigman	1024	9	0	14	0	1	21	4	0	0	0	1073
Pilotguy	7231	64	0	294	29	1	2576	685	0	0	0	10880
PinchasC	119	18	0	48	14	1	188	6	0	0	0	394
Pinkville	1	0	0	6	0	0	2	0	0	0	0	9
Piotrus	619	178	0	19	8	2	80	17	0	0	0	923
Pjacobi	230	6	0	16	3	0	100	2	0	0	0	357
Plange	123	0	0	3	1	0	32	0	0	0	0	159
Plastikspork	4938	157	0	259	28	26	22	0	5	0	0	5435
Please try again.	0	0	0	1	0	0	0	0	0	0	0	1
Poeloq	22	1	0	0	0	0	52	2	0	0	4	81
Polaron	0	0	0	1	0	0	0	0	0	0	0	1
Pollinator	35	0	0	4	0	0	146	1	0	0	0	186
Poor Yorick	93	0	0	6	3	1	0	0	0	0	0	103
Postdlf	5703	84	0	121	5	3	742	9	3	0	0	6670
Pratyeka	1	2	0	0	0	0	0	0	0	0	0	3
Premeditated Chaos	1732	18	0	3	0	0	19	1	0	0	0	1773
PrimeHunter	83	8	0	3	2	0	0	0	0	0	1	97
ProcseeBot	0	0	0	0	0	0	107022	0	0	0	0	107022
Prodego	2166	277	0	147	105	70	1290	226	75	0	44	4400
ProhibitOnions	255	1	0	0	1	0	50	0	0	0	0	307
Prolog	1272	37	0	71	5	6	671	2	4	0	1	2069
Promethean	0	0	0	1	0	0	0	0	0	0	0	1
Proteus	117	0	0	2	0	0	11	10	0	0	0	140
Protonk	2731	1224	0	97	7	14	206	21	28	0	4	4332
ProveIt	4433	7	0	3	0	0	2	0	0	0	0	4445
Pschemp	2135	247	0	169	29	0	3327	319	0	0	0	6226
Psy guy	110	0	0	10	9	0	181	17	0	0	0	327
Qaz	75	0	0	0	0	0	0	0	0	0	0	75
Quadell	95659	301	0	51	16	3	120	11	1	0	0	96162
Quarl	7973	111	0	22	10	0	37	3	0	0	0	8156
Quell	0	0	0	1	0	0	0	0	0	0	0	1
Quercusrobur	15	2	0	3	2	0	8	0	0	0	0	30
Qwghlm	592	31	0	17	1	0	17	0	0	0	0	658
R'n'B	8871	207	0	20	5	0	6	0	0	0	0	9109
R-Con 9	0	0	0	1	0	0	0	0	0	0	0	1
R. Baley	8	3	0	26	1	11	78	6	0	0	1	134
R. fiend	2822	21	0	19	4	0	56	1	0	0	0	2923
R3m0t	1340	15	0	30	0	0	4	4	0	0	0	1393
RG2	3298	61	0	18	1	0	162	8	0	0	0	3548
RHaworth	45793	2971	0	2406	42	2	561	16	6	0	1	51798
RJFJR	35	2	0	0	0	0	1	0	0	0	0	38
RL0919	121	0	0	0	0	0	0	0	0	0	0	121
RN	706	132	0	17	15	0	28	7	0	0	0	905
Radiant!	2464	50	0	180	45	0	178	23	0	0	0	2940
RadicalBender	510	8	0	3	0	0	13	0	0	0	0	534
RadioKirk	2676	77	0	164	15	0	1678	74	0	0	0	4684
Ragesoss	358	42	0	5	1	2	6	0	0	0	0	414
Ragib	501	18	0	54	8	2	268	12	0	0	0	863
Raith Sienar	0	0	0	8	0	0	0	0	0	0	0	8
Ral315	2267	121	0	353	28	24	347	49	0	0	2	3191
Ram-Man	834	3	0	16	0	1	25	6	0	0	0	885
Rama	812	13	0	18	10	0	317	13	1	0	0	1184
Rama's Arrow	1202	3	0	46	9	0	200	25	0	0	0	1485
Ramallite	2	0	0	0	0	0	6	0	0	0	0	8
Rambo's Revenge	90	8	0	2	0	2	5	0	1	0	0	108
Ran	194	3	0	7	0	2	87	2	0	0	0	295
Random832	609	127	0	30	11	10	33	8	0	0	9	837
RandomXYZb	2778	36	0	242	19	24	1506	49	8	0	7	4669
Raso mk	0	0	0	1	0	0	0	0	0	0	0	1
RasputinAXP	2198	13	0	28	5	0	84	3	0	0	0	2331
Raul654	1164	104	0	1703	505	42	2495	226	5	148	83	6475
Raven4x4x	407	2	0	3	0	0	200	1	0	0	1	614
Raymolayenie	0	0	0	1	0	0	0	0	0	0	0	1
Raymond arritt	874	2	0	32	8	5	344	21	0	0	0	1286
Rbrwr	346	2	0	0	0	0	1	0	0	0	0	349
Rd232	1742	10	0	69	8	20	87	6	2	0	0	1944
Rdm2376	3852	69	0	172	9	40	613	28	8	0	6	4797
Rdsmith4	3200	65	0	139	61	0	598	269	2	874	96	5304
Rebecca	2220	69	0	33	3	2	138	71	0	0	0	2536
Recurring dreams	6	0	0	1	0	0	21	1	0	0	0	29
RedWolf	14622	50	0	2	0	0	3	0	0	0	0	14677
RedWordSmith	240	11	0	13	20	0	20	1	0	0	0	305
RedirectCleanupBot	4377	0	0	0	0	0	0	0	0	0	0	4377
Redux	196	12	0	24	7	0	48	1	0	131	129	548
Redvers	17365	161	0	902	28	20	2206	201	322	0	1	21206
Redwolf24	1943	48	0	50	25	0	208	45	0	0	0	2319
Reedy	1131	32	0	38	14	13	40	11	0	0	10	1289
Refdoc	61	5	0	11	4	0	28	5	0	0	0	114
Reflex Reaction	511	14	0	1	2	0	6	0	0	0	0	534
RegentsPark	336	9	0	158	19	57	98	1	3	0	0	681
Remember the dot	816	11	0	26	2	7	18	1	0	0	13	894
Renata3	4832	35	0	15	2	0	61	4	0	0	0	4949
Renesis	148	0	0	25	1	0	19	6	0	0	0	199
Resolute	1228	21	0	24	2	2	56	2	0	0	0	1335
Retired username	12142	239	0	115	33	8	206	14	0	0	2	12759
RetiredUser2	376	88	0	25	15	0	12	6	0	0	0	522
Rettetast	22205	67	0	21	70	12	417	6	1	0	18	22817
Revolving Bugbear	102	7	0	5	1	0	25	11	0	0	0	151
RexNL	2299	11	0	153	11	9	4191	66	15	0	0	6755
ReyBrujo	952	36	0	101	29	5	138	2	0	0	0	1263
Rfl	364	39	0	0	0	0	0	0	0	0	0	403
Rhobite	719	15	0	67	26	0	617	47	0	0	0	1491
Rholton	277	3	0	8	1	0	22	3	0	0	0	314
Riana	14438	155	0	1058	108	108	2446	192	3	0	18	18526
Rich Farmbrough	3018	234	0	84	33	16	248	30	10	0	3	3676
Richardcavell	433	8	0	29	9	1	73	2	0	0	0	555
Richardshusr	992	38	0	53	24	12	16	3	0	0	0	1138
Rick Block	632	3	0	3	1	0	66	2	0	0	0	707
RickK	2466	14	0	53	5	0	651	26	0	0	0	3215
Ricky81682	4096	22	0	34	73	20	143	16	11	0	0	4415
Rifleman 82	387	41	0	34	9	5	117	7	4	0	3	607
Rigadoun	216	10	0	2	1	0	2	1	0	0	0	232
Risker	533	59	194	122	31	79	210	15	32	0	5	1280
Rjanag	816	32	0	68	8	8	140	18	16	0	1	1107
Rjd0060	15149	390	0	683	48	109	1186	134	69	0	30	17798
Rje	1206	8	0	93	171	0	315	5	0	0	0	1798
Rkitko	681	48	0	15	2	2	11	1	0	0	0	760
Rklawton	879	14	0	25	2	2	483	15	10	0	0	1430
Rlandmann	1057	68	0	23	3	0	44	3	0	0	0	1198
Rlevse	1385	61	27	151	20	29	2745	159	12	550	96	5235
Rlquall	4	1	0	0	0	0	1	1	0	0	0	7
Rmhermen	2069	15	0	26	7	4	55	0	0	0	0	2176
Roadrunner	0	0	0	0	0	0	5	0	0	0	0	5
RobH	0	0	0	0	0	0	0	0	0	1	0	1
RobLa	2	1	0	0	0	0	0	0	0	0	0	3
Robchurch	714	11	0	6	4	0	83	12	0	0	0	830
Robdurbar	1591	72	0	147	84	0	112	25	0	0	0	2031
Robert Merkel	0	1	0	0	0	0	5	4	0	0	0	10
RobertG	6061	23	0	39	5	4	398	23	0	0	1	6554
Robin Patterson	0	0	0	0	0	0	1	0	0	0	0	1
Robth	3830	187	0	5	3	0	10	0	0	0	0	4035
RobyWayne	122	0	0	0	0	0	14	0	0	0	0	136
RockMFR	2049	171	0	176	124	25	319	5	2	0	1	2872
Rockero	78	1	0	5	2	0	13	0	0	0	0	99
Rockpocket	473	17	0	30	9	4	145	17	1	0	1	697
Rocky Road	0	0	0	1	0	0	0	0	0	0	0	1
Rodhullandemu	1031	62	0	831	28	178	2729	107	98	0	15	5079
Roger Davies	439	24	20	10	4	3	49	20	8	0	4	581
Rogerd	589	11	0	24	5	0	139	1	0	0	0	769
Ronhjones	920	24	0	22	3	1	51	11	3	0	0	1035
Ronline	62	3	0	6	9	0	11	1	0	0	0	92
Ronnotel	19	2	0	44	10	6	87	25	1	0	1	195
Roozbeh	152	2	0	27	7	0	8	1	0	0	0	197
Rosiestep	11	5	0	2	2	0	0	0	0	0	2	22
Rossami	1006	467	0	36	9	1	230	2	0	0	0	1751
RoyBoy	132	2	0	37	2	1	617	13	0	0	0	804
RoySmith	347	11	0	29	7	0	235	10	1	0	0	640
Royalbroil	973	25	0	69	23	5	49	4	0	0	1	1149
Royalguard11	1825	32	0	267	379	28	179	19	0	0	0	2729
Royboycrashfan	6095	107	0	73	0	0	386	22	0	0	0	6683
Rschen7754	1080	53	0	347	5	21	533	52	11	0	7	2109
Rspeer	119	5	0	15	1	0	112	24	1	0	0	277
Ruhrfisch	292	16	0	50	4	2	52	4	4	0	1	425
Runcorn	72	4	0	5	2	0	143	79	0	0	0	305
Rune.welsh	819	5	0	28	7	0	33	1	0	0	0	893
Runningonbrains	171	5	0	9	2	2	27	2	4	0	0	222
Ruslik0	2189	23	0	175	16	40	186	4	8	0	28	2669
Ruud Koot	1297	82	0	67	16	4	312	61	1	0	1	1841
Rwiggum	0	0	0	1	0	0	0	0	0	0	0	1
RxS	791	3	0	9	3	4	469	10	1	0	0	1290
Ryan Postlethwaite	1356	95	0	269	55	65	1352	148	14	0	57	3411
RyanGerbil10	3623	18	0	46	4	2	190	11	0	0	2	3896
Ryulong	10729	212	0	1213	49	77	6278	615	62	0	2	19237
S@bre	64	2	0	2	0	2	4	0	0	0	0	74
SB Johnny	35	2	0	10	0	4	9	4	0	0	0	64
SCEhardt	5235	50	0	12	0	0	305	3	0	0	1	5606
SCZenz	447	17	0	17	21	5	149	26	0	0	0	682
SD6-Agent	1	0	0	0	0	0	0	0	0	0	0	1
SGGH	2133	33	0	18	5	0	771	28	7	0	2	2997
SQL	2451	46	0	372	10	66	262	124	0	0	34	3365
ST47	37691	4965	0	229	74	89	5847	2327	2	0	3	51227
SWAdair	1600	7	0	49	1	0	38	1	0	0	0	1696
Sabine's Sunbird	43	0	0	7	0	3	0	0	0	0	0	53
Sadalmelik	0	0	0	1	0	0	0	0	0	0	0	1
Sade	148	5	0	3	0	0	1	2	0	0	0	159
Salix alba	111	7	0	8	4	4	6	0	0	0	0	140
Sam	104	21	0	24	4	0	22	0	0	0	2	177
Sam Blacketer	2387	15	0	45	8	2	193	33	1	0	1	2685
Sam Hocevar	6	7	0	0	0	0	1	2	0	0	0	16
Sam Korn	1014	21	6	65	10	13	974	76	4	0	13	2196
Sam Vimes	42	5	0	0	0	0	34	0	0	0	0	81
Samir	2583	98	0	260	132	10	484	58	0	0	10	3635
Samotnik	0	0	0	2	0	0	0	0	0	0	0	2
Samsara	36	21	0	73	4	2	63	33	0	0	0	232
Samuel Blanning	1742	97	0	157	65	0	1197	170	0	0	0	3428
Samulili	2	0	0	0	0	0	1	0	0	0	0	3
Sanchom	233	3	0	4	1	0	58	8	0	0	0	307
Sandahl	7802	91	0	354	8	8	3481	65	9	0	2	11820
Sandstein	6509	78	0	419	23	18	1073	214	35	0	3	8372
Sango123	4193	11	0	41	3	0	1567	66	0	0	0	5881
Sannse	882	30	0	19	10	0	57	35	0	0	0	1033
Sarah	2621	139	0	132	42	4	474	106	7	0	41	3566
Saravask	406	15	0	27	17	10	78	13	0	0	0	566
Sardanaphalus	0	0	0	7	0	0	0	0	0	0	0	7
SarekOfVulcan	852	55	0	65	8	16	163	28	22	0	0	1209
Sasquatch	1915	25	0	83	25	1	677	104	0	0	1	2831
Sassygurl192	0	0	0	2	0	0	0	0	0	0	0	2
Satori Son	1371	49	0	191	11	2	497	14	5	0	1	2141
SatyrTN	2102	17	0	18	8	4	36	7	0	0	0	2192
Savidan	62	5	0	13	5	0	3	0	0	0	0	88
Saxifrage	292	2	0	10	4	0	13	0	0	0	0	321
Scarian	650	23	0	179	3	22	1014	65	4	0	5	1965
Sceptre	1628	92	0	81	8	0	518	89	0	0	0	2416
Schissel	11	0	0	1	0	0	2	2	0	0	0	16
Schneelocke	30	3	0	15	2	0	11	2	0	0	0	63
SchuminWeb	11864	263	0	124	12	6	476	6	16	0	0	12767
Schutz	837	3	0	3	0	0	3	0	0	0	0	846
Scientizzle	2823	55	0	175	16	4	928	30	3	0	3	4037
Scimitar	192	3	0	9	3	0	97	4	0	0	0	308
Scipius	0	0	0	0	0	0	1	0	0	0	0	1
Scjessey	0	0	0	1	0	0	0	0	0	0	0	1
Scm83x	229	5	0	6	1	0	37	2	0	0	0	280
Scorpion0422	0	0	0	1	0	0	0	0	0	0	0	1
Scott Burley	842	1	0	11	1	0	33	3	0	0	0	891
Scott MacDonald	633	10	0	15	0	2	14	3	1	0	0	678
Scott5114	1219	6	0	120	5	0	30	5	0	0	1	1386
ScottDavis	301	36	0	9	5	0	37	4	0	0	0	392
Seabhcan	193	3	0	5	2	0	27	2	0	0	0	232
Sean Whitton	439	16	0	18	7	0	55	3	0	0	2	540
Sean William	868	45	0	109	8	4	414	35	0	0	2	1485
Searchme	147	0	0	0	0	0	11	0	0	0	0	158
Seattle Skier	286	8	0	8	0	0	21	1	0	0	0	324
SebastianHelm	225	20	0	10	2	2	6	5	0	0	0	270
Sebastiankessel	2	2	0	8	4	0	38	1	0	0	0	55
Secret	6060	64	0	144	6	9	252	19	4	0	21	6579
Secretlondon	427	6	0	2	0	0	420	8	0	849	24	1736
Seddon	80	3	0	20	1	2	76	3	10	0	6	201
Seglea	192	4	0	2	0	0	1	0	0	0	0	199
Seicer	1867	43	0	336	37	47	707	48	12	0	0	3097
Selket	1184	8	0	19	3	2	212	16	0	0	0	1444
Sephiroth BCR	909	17	0	36	6	1	323	7	0	0	0	1299
Seraphim	404	35	0	40	9	11	135	22	1	0	3	660
Seraphimblade	2717	17	0	39	9	2	709	50	2	0	3	3548
Seresin	3003	90	0	184	8	29	166	1	3	0	5	3489
Sesel	76	4	0	19	12	0	12	0	0	0	0	123
Seth Ilys	343	2	0	7	2	0	5	3	0	0	0	362
Sethant	1	2	0	0	0	0	0	0	0	0	0	3
Sfoskett	11	1	0	1	0	0	0	0	0	0	0	13
Sgeureka	452	20	0	1	0	0	3	1	1	0	0	478
Shadow1	284	13	0	32	4	0	170	27	0	0	0	530
ShamelessAngel	0	0	0	1	0	0	0	0	0	0	0	1
Shanel	4684	76	0	71	17	0	2595	517	0	0	0	7960
Shanes	2431	21	0	89	162	3	1096	24	0	0	0	3826
Shauri	44	0	0	0	1	0	2	0	0	0	0	47
SheffieldSteel	43	5	0	28	2	10	115	17	17	0	0	237
Sheldon Rampton	2	0	0	0	0	0	1	0	0	0	0	3
Shell Kinney	10861	293	2	56	7	3	671	81	4	0	2	11980
Shereth	820	34	0	12	4	1	484	10	0	0	1	1366
Sherool	42039	70	0	19	6	0	18	1	0	0	0	42153
Shii	401	32	0	24	12	0	66	55	0	0	2	592
Shimeru	789	0	0	6	0	0	2	0	0	0	0	797
Shimgray	1283	140	0	145	4	5	32	18	0	0	9	1636
Shirahadasha	171	2	0	10	4	3	55	8	0	0	0	253
Shizhao	1	1	0	1	0	0	0	0	0	0	0	3
Shoeofdeath	903	4	0	7	1	0	117	0	1	0	0	1033
Shreshth91	2323	19	0	33	12	0	390	48	0	0	0	2825
Shubinator	277	0	0	1	0	0	0	0	0	0	0	278
Shyam	16920	56	0	19	2	0	57	1	0	0	1	17056
Shyamal	77	6	0	21	2	5	27	2	0	0	3	143
Silence	24	0	0	0	1	0	0	0	0	0	0	25
SilkTork	359	25	0	12	2	6	1	1	2	0	1	409
Silsor	523	6	0	35	41	0	139	137	0	0	0	881
SimonP	5287	60	0	12	276	0	45	2	0	0	0	5682
Singularity	7381	115	0	61	15	2	79	7	0	0	1	7661
Sir Nicholas de Mimsy-Porpington	2149	60	0	84	11	4	814	82	0	0	0	3204
SirFozzie	347	18	1	89	8	40	308	32	4	0	0	847
Siroxo	73	4	0	0	0	0	18	0	0	0	0	95
Sitthisoneout1	0	0	0	1	0	0	0	0	0	0	0	1
Sj	115	164	0	10	9	1	57	8	0	0	0	364
Sjakkalle	4697	378	0	43	29	1	830	66	3	0	0	6047
Sjc	19	1	0	0	0	0	3	0	0	0	0	23
Sjorford	428	34	0	4	5	0	3	0	0	0	0	474
Skier Dude	67755	2105	0	376	8	29	686	1418	11	0	7	72395
Skomorokh	1538	107	0	126	3	7	0	0	0	0	6	1787
Sky Harbor	0	0	0	0	0	0	1	0	0	0	0	1
Slakr	3923	61	0	277	24	87	9111	97	22	0	14	13616
Slambo	696	18	0	33	0	0	184	5	0	0	0	936
SlimVirgin	1194	296	0	758	391	16	1136	228	0	0	1	4020
Slowking Man	1350	29	0	130	25	1	859	132	0	0	0	2526
Slp1	480	17	0	31	9	6	140	3	7	0	0	693
Slrubenstein	34	2	0	28	7	2	43	10	4	0	0	130
Slumgum	154	1	0	1	0	0	0	0	0	0	0	156
Smalljim	802	7	0	13	2	0	390	7	3	0	0	1224
Smashville	1614	13	0	57	4	1	385	19	28	0	0	2121
Smith03	117	4	0	5	0	1	6	68	0	0	0	201
Smith609	147	1	0	2	0	0	3	2	2	0	0	157
SmthManly	519	4	0	32	9	1	51	2	0	0	0	618
Smurrayinchester	67	3	0	10	6	0	17	6	0	0	0	109
Sn0wflake	406	3	0	15	2	0	107	2	0	0	0	535
Snowolf	693	15	0	40	6	2	603	30	2	0	3	1394
Snoyes	95	0	0	1	0	0	40	0	0	0	0	136
SoLando	296	14	0	18	7	0	191	6	0	0	0	532
SoWhy	7856	99	0	694	57	138	274	8	12	0	10	9148
Solid Falcon	0	0	0	2	0	0	0	0	0	0	0	2
Solipsist	78	1	0	136	49	0	108	12	0	0	0	384
Someguy1221	1293	16	0	23	3	3	518	3	26	0	4	1889
Somno	866	22	0	14	5	2	16	0	1	0	0	926
SorryGuy	11	2	0	2	2	0	18	2	0	0	0	37
Sortior	1	0	0	0	0	0	0	0	0	0	0	1
Soumyasch	2802	55	0	74	10	3	670	32	0	0	6	3652
SouthernNights	2082	51	0	131	35	10	254	6	4	0	0	2573
SpacemanSpiff	1382	8	0	48	1	2	176	0	9	0	2	1628
Spangineer	262	10	0	16	11	0	94	8	0	0	0	401
Spartaz	3548	249	0	190	32	10	335	81	9	0	9	4463
Spebi	1549	31	0	165	9	26	493	26	0	0	10	2309
Spellcast	8015	423	0	635	7	38	9208	642	125	0	11	19104
Spencer	204	3	0	29	3	4	264	3	0	0	1	511
Spencer195	12	0	0	0	0	0	3	0	0	0	0	15
Spike Wilbury	2640	102	0	24	4	1	147	4	1	0	1	2924
Spinningspark	109	14	0	23	2	11	148	1	7	0	0	315
Splash	8210	319	0	262	758	7	414	136	0	0	1	10107
SpuriousQ	625	1	0	17	1	0	569	5	0	0	0	1218
Srikeit	1840	18	0	86	45	0	387	22	0	0	0	2398
Ssd	1699	2	0	7	1	0	14	0	0	0	0	1723
Staecker	1692	21	0	1	1	0	2	0	0	0	0	1717
Stan Shebs	2652	74	0	1	0	0	25	0	0	1	0	2753
Star Mississippi	2054	56	0	79	4	6	247	8	1	0	0	2455
Starblind	2493	13	0	92	1	1	241	6	1	0	0	2848
Staxringold	331	3	0	3	0	0	43	0	0	0	0	380
Steel	9468	74	0	969	333	27	1200	89	2	0	7	12169
Steinsky	34	0	0	7	2	0	32	1	0	0	0	76
Stemonitis	3685	126	0	10	12	2	38	2	0	0	0	3875
Stephan Schulz	8	0	0	17	1	3	96	3	1	0	1	130
Stephen	6808	83	0	83	2	0	1399	72	9	0	9	8465
Stephen Bain	1746	42	0	85	23	1	96	18	0	0	0	2011
StephenBuxton	670	15	0	30	3	3	264	9	0	0	0	994
Steve	188	3	0	2	1	0	1	1	0	0	0	196
Steve Smith	1330	95	3	107	6	21	326	34	11	0	3	1936
SteveSims	0	0	0	1	0	0	0	0	0	0	0	1
Steven Walling	694	3	0	71	1	8	61	3	0	0	0	841
Stevenfruitsmaak	95	10	0	10	0	0	11	0	0	0	0	126
Stevenj	33	1	0	23	0	0	42	1	0	0	0	100
Stevertigo	136	16	0	46	11	0	22	14	0	0	0	245
Stewartadcock	828	0	0	10	3	0	6	1	0	0	0	848
Stifle	18606	513	0	517	55	50	494	65	10	0	41	20351
Stormie	2439	63	0	46	6	3	375	11	0	0	2	2945
StuffOfInterest	173	5	0	29	2	0	104	2	0	0	0	315
Stuffdoing	0	0	0	1	0	0	0	0	0	0	0	1
Stwalkerster	2542	63	0	80	1	7	360	44	3	0	32	3132
Sub619	0	0	0	1	0	0	0	0	0	0	0	1
Sue Anne	499	9	0	0	0	0	1	0	0	0	0	509
Sugarfish	2	2	0	1	1	0	0	0	0	0	0	6
Sundar	39	13	0	0	0	1	6	3	0	0	0	62
Superm401	255	24	0	21	22	23	47	12	0	0	1	405
Sverdrup	501	4	0	1	2	0	2	2	0	0	0	512
Swatjester	951	30	0	183	16	30	375	49	0	0	5	1639
Syrthiss	3216	42	0	210	24	8	1931	96	57	0	7	5591
TFOWR	0	0	0	2	0	0	0	0	0	0	0	2
TKD	2746	150	0	75	17	19	315	30	3	0	3	3358
TPK	62	0	0	0	0	0	0	0	0	0	0	62
TSO1D	89	1	0	34	8	2	21	2	0	0	0	157
TShilo12	59	4	0	8	2	0	5	2	0	0	0	80
TUF-KAT	542	39	0	0	0	0	12	1	0	0	0	594
Ta bu shi da yu	1396	57	0	88	47	0	171	56	0	0	0	1815
Tabercil	393	30	0	51	7	1	176	4	1	0	0	663
Tadakuni	9	0	0	0	0	0	0	0	0	0	0	9
Talrias	255	8	0	23	14	0	82	17	0	0	0	399
Tango	341	2	0	4	2	0	75	4	0	0	0	428
Tangotango	1509	28	0	23	1	1	621	17	0	0	0	2200
Tanner-Christopher	9	0	0	12	0	4	1	1	0	0	0	27
Tannin	57	2	0	1	0	0	22	1	0	0	0	83
Tanthalas39	2231	25	0	1008	39	151	3148	62	42	0	5	6711
Tariqabjotu	303	26	0	826	90	46	452	75	2	0	0	1820
Tassedethe	2190	102	0	2	3	0	1	0	0	0	0	2298
Taw	88	17	0	0	2	0	0	0	0	0	0	107
Tawker	4359	51	0	281	18	12	1753	349	0	0	9	6832
Taxman	246	19	1	15	10	0	175	12	0	34	337	849
Tbo 157	30	2	0	3	1	0	24	6	0	0	0	66
Tbsdy lives	106	8	0	17	4	4	8	2	5	0	0	154
Tcncv	186	2	0	113	4	28	183	4	10	0	0	530
TeaDrinker	1745	19	0	19	1	2	248	4	1	0	1	2040
Tedder	1559	17	0	825	57	176	422	15	48	0	3	3122
TenOfAllTrades	407	14	0	65	5	9	615	41	10	0	3	1169
TerriersFan	1409	60	0	153	12	9	246	10	2	0	0	1901
Terrillja	0	0	0	1	0	0	0	0	0	0	0	1
TexasAndroid	18747	470	0	350	41	11	635	37	1	0	1	20293
Texture	450	10	0	1	1	0	34	1	0	0	0	497
Tfinc	0	0	0	0	0	0	0	0	0	0	2	2
ThaddeusB	1526	268	0	7	1	4	31	5	1	0	1	1844
Thatcher	2740	118	9	243	59	27	3065	338	24	0	32	6655
Thatcher131	0	1	0	0	0	0	0	0	0	0	0	1
Thatislifeandlove	0	0	0	2	0	0	0	0	0	0	0	2
The Anome	3260	84	0	338	33	23	4263	188	72	0	2	8263
The Cunctator	7	63	0	5	17	0	11	6	0	0	0	109
The Earwig	400	15	0	3	1	0	10	0	0	0	8	437
The Epopt	3283	41	0	27	2	0	44	12	0	0	0	3409
The JPS	7699	40	0	202	23	12	403	14	0	0	0	8393
The Land	454	6	0	12	5	0	96	13	0	0	0	586
The Placebo Effect	366	12	0	41	8	7	27	4	0	0	2	467
The Rambling Man	3137	8	0	77	3	4	741	6	0	261	24	4261
The Random Editor	88	0	0	21	0	0	39	1	0	0	0	149
The Singing Badger	25	0	0	0	0	0	2	0	0	0	0	27
The Tom	144	12	0	41	12	0	4	0	0	0	0	213
The Transhumanist	0	0	0	3	0	0	0	0	0	0	0	3
The ed17	125	9	0	34	2	12	13	0	4	0	3	202
The undertow	809	10	0	38	9	4	112	7	0	0	4	993
The wub	6382	53	0	26	5	0	171	8	0	0	2	6647
The-G-Unit-Boss	1409	5	0	102	3	12	24	0	0	0	0	1555
TheCoffee	29317	43	0	18	13	0	26	1	1	0	0	29419
TheCustomOfLife	43	0	0	6	1	0	3	0	0	0	0	53
TheDJ	335	20	0	7	1	3	0	0	0	0	0	366
TheParanoidOne	12440	29	0	0	0	0	0	0	0	0	0	12469
TheProject	2201	13	0	21	8	0	67	3	0	0	0	2313
Thedemonhog	28	0	0	0	0	1	0	0	0	0	2	31
Thehelpfulone	629	20	0	222	8	42	133	7	15	0	7	1083
TheoClarke	269	17	0	0	1	0	17	2	0	0	0	306
Therequiembellishere	0	0	0	1	0	0	0	0	0	0	0	1
Theresa knott	1785	53	0	246	59	16	1527	233	1	0	0	3920
Thespian	2	1	0	4	0	0	2	1	0	0	0	10
Thingg	3539	42	0	59	3	10	440	7	8	0	5	4113
Thogo	0	0	2	0	0	0	0	0	0	0	0	2
Thorpe	319	4	0	10	2	1	22	4	0	0	0	362
Thryduulf	792	52	0	74	42	1	56	18	1	0	0	1036
Thue	8063	32	0	28	8	0	370	37	1	0	0	8539
Thunderboltz	610	28	0	13	6	0	79	0	0	0	0	736
Thunderbrand	3589	9	0	3	2	0	39	2	0	0	0	3644
TigerShark	1142	55	0	40	11	3	1019	43	0	0	0	2313
Tijuana Brass	2988	48	0	33	4	0	99	10	0	0	0	3182
Tikiwont	6424	666	0	73	16	0	463	8	11	0	0	7661
Tillwe	45	0	0	0	0	0	3	0	0	0	0	48
Tim Ivorson	8	4	0	1	0	0	0	0	0	0	0	13
Tim Starling	42	11	1	7	3	0	15	23	0	5	0	107
Tim!	854	27	0	4	3	0	46	2	0	0	0	936
TimVickers	1310	43	0	199	15	81	878	28	10	0	5	2569
Timc	35	1	0	0	1	0	2	0	0	0	0	39
Timichal	1	17	0	0	0	0	0	0	0	0	0	18
Timrollpickering	346	2	0	22	3	7	7	0	0	0	0	387
Timwi	337	17	0	3	6	0	0	0	0	0	0	363
Tinselfairy1	0	0	0	2	0	0	0	0	0	0	0	2
Tinucherian	3	1	0	34	0	5	0	0	0	0	4	47
Tiptoety	6129	147	0	1165	1071	250	4495	222	356	0	231	14066
Titoxd	2935	419	0	106	42	3	1562	366	0	0	5	5438
Tivedshambo	2047	25	0	33	3	4	648	15	15	0	23	2813
Tizio	1866	51	0	21	31	0	21	1	0	0	0	1991
Tkinias	3	0	0	0	0	0	0	0	0	0	0	3
Tnxman307	8667	41	0	159	1	3	3453	24	54	0	8	12410
Toby Bartels	20	146	0	1	3	0	0	1	0	0	0	171
Toddst1	6118	87	0	731	44	72	6238	248	176	0	26	13740
Tom	1374	30	0	33	11	5	82	1	0	0	0	1536
Tom harrison	3132	160	0	364	113	32	1833	103	4	0	0	5741
Tom-	37	3	0	8	3	0	4	0	0	0	0	55
TomStar81	319	5	0	48	6	4	43	2	0	0	0	427
TomTheHand	97	54	0	0	2	0	61	8	0	0	0	222
Tompagenet	5	0	0	0	0	0	0	0	0	0	0	5
Tone	17286	170	0	51	3	6	134	0	0	0	0	17650
Tony Fox	1445	7	0	77	2	9	537	10	6	0	0	2093
Tony Sidaway	1039	403	0	359	596	0	357	124	0	0	0	2878
Tonywalton	3240	11	0	34	5	7	339	23	15	0	2	3676
Toon05	1162	74	0	56	10	4	153	7	16	0	5	1487
Topbanana	662	5	0	6	0	2	3	0	0	0	0	678
Tra	115	11	0	37	5	0	5	0	0	0	0	173
TravisTX	889	14	0	64	3	11	225	42	35	0	5	1288
Trebor	296	3	0	75	26	0	83	7	0	0	0	490
Tregoweth	4330	57	0	140	18	0	890	40	0	0	0	5475
Trevor MacInnis	2229	232	0	136	7	18	472	11	2	0	1	3108
Trevor Parscal	1	0	0	0	0	0	0	0	0	0	0	1
Trialsanderrors	662	291	0	52	60	0	20	2	0	0	0	1087
Triddle	5	0	0	3	2	0	4	0	0	0	0	14
Trilobite	514	1	0	3	3	0	63	6	0	0	0	590
Tristanb	5	7	0	0	0	0	0	0	0	0	0	12
Troy 07	0	0	0	1	0	0	0	0	0	0	0	1
Trusilver	754	11	0	59	1	4	1164	33	6	0	1	2033
Trödel	177	23	0	6	2	0	60	12	1	0	0	281
Turnstep	786	8	0	2	0	0	1	0	0	0	0	797
TwinsMetsFan	348	21	0	0	1	0	14	0	0	0	0	384
Typesships	0	0	0	1	0	0	0	0	0	0	0	1
Tyrenius	2548	58	0	63	12	7	257	31	1	0	6	2983
Tznkai	222	5	0	80	7	17	137	21	6	0	2	497
UberScienceNerd	165	2	0	0	0	0	69	0	0	0	0	236
Ucucha	292	22	0	9	3	3	18	0	0	0	0	347
Ugen64	1037	30	0	33	6	1	174	22	0	0	0	1303
UkPaolo	1439	57	0	15	5	0	131	3	0	0	0	1650
Ultraexactzz	3057	67	0	85	4	4	453	54	5	0	2	3731
Uncle G	1888	220	0	31	0	5	161	1	1	0	0	2307
UninvitedCompany	1546	40	0	57	27	0	119	33	0	8	42	1872
UpstateNYer	394	1	0	1	0	4	4	1	0	0	70	475
Urhixidur	386	21	0	2	0	0	8	0	0	0	0	417
Useight	1724	18	0	36	3	4	338	8	0	28	7	2166
User2004	117	2	0	16	6	0	124	27	0	0	0	292
Utcursch	6572	155	0	77	4	9	2224	18	1	0	0	9060
UtherSRG	5414	90	0	53	8	2	708	19	0	0	0	6294
Vague Rant	26	4	0	0	2	0	4	1	0	0	0	37
Valley2city	512	7	0	23	5	8	187	1	8	0	14	765
VampWillow	388	1	0	30	8	0	12	3	0	0	0	442
Vancouverguy	935	0	0	0	0	0	0	0	0	0	0	935
Vanished user	166	16	0	29	8	2	105	14	0	0	0	340
Vaoverland	43	2	0	0	0	0	17	0	0	0	0	62
Vary	650	55	0	33	4	3	201	9	1	0	0	956
Vassyana	599	15	30	31	4	3	120	30	0	0	0	832
VegaDark	11915	283	0	167	150	104	801	334	1	0	0	13755
Vegaswikian	9865	48	0	74	5	10	33	1	2	0	0	10038
Veinor	2215	18	0	36	4	1	360	24	2	0	0	2660
Verrai	748	5	0	14	6	0	69	2	1	0	0	845
Versageek	3245	26	0	104	1	17	652	15	17	0	11	4088
Viajero	52	4	0	10	9	0	15	4	0	0	0	94
Vianello	854	8	0	19	1	2	117	3	8	0	0	1012
Vicky Lee	0	0	0	1	0	0	0	0	0	0	0	1
Victuallers	73	5	0	220	2	12	10	0	0	0	0	322
Violetriga	1640	119	0	79	33	0	131	43	0	0	0	2045
Viridae	1036	101	0	86	34	26	530	88	11	0	19	1931
VirtualSteve	1817	40	0	402	22	37	1482	36	47	0	8	3891
Vishal	1	0	0	5	3	0	0	0	0	0	0	9
Visorstuff	6	1	0	4	1	0	0	0	0	0	0	12
Visviva	51	0	0	3	1	0	3	1	0	0	0	59
Voice of All	5632	83	1	488	2115	6	1046	107	0	0	6	9484
Vsmith	1258	4	0	150	11	30	4759	24	12	0	3	6251
Vulcan Hephaestus	0	0	0	4	0	0	0	0	0	0	0	4
WAvegetarian	270	20	0	8	3	0	69	6	0	0	0	376
WJBscribe	9306	213	0	395	496	40	2635	163	0	2667	305	16220
WODUP	2286	35	0	86	3	10	665	57	6	0	10	3158
Wafulz	5364	95	0	160	11	9	1297	44	0	0	0	6980
Waggers	884	2	0	46	1	2	1095	8	0	0	0	2038
Walter	0	0	0	0	0	0	1	0	0	0	0	1
Walton One	842	19	0	3	3	0	25	2	0	0	0	894
Waltpohl	29	0	0	2	0	0	0	0	0	0	0	31
Wangi	822	45	0	23	21	2	387	22	0	0	0	1322
Wapcaplet	2	0	0	0	0	0	0	0	0	0	0	2
Warofdreams	1003	25	0	5	1	1	27	1	0	257	146	1466
Wassupwestcoast	224	22	0	14	5	2	14	2	0	0	0	283
Water Bottle	282	22	0	2	0	0	30	3	0	0	0	339
Wayward	1420	1	0	2	2	0	695	30	0	0	0	2150
Wee Jas	0	0	0	1	0	0	0	0	0	0	0	1
Wehwalt	346	6	0	27	14	13	56	11	10	0	6	489
Werdna	362	9	1	35	1	4	74	24	4	0	7	521
Werdna648	0	0	0	1	0	0	0	0	0	0	0	1
WereSpielChequers	4015	80	0	56	0	1	126	1	1	0	60	4340
Wernher	49	0	0	0	0	0	1	0	0	0	0	50
Wesley	0	1	0	0	0	0	2	0	0	0	0	3
Wgfinley	159	5	0	9	1	0	19	10	0	0	0	203
Where	412	4	0	0	0	0	81	11	0	0	0	508
WhisperToMe	403	166	0	53	10	2	29	4	0	0	0	667
Who	1298	5	0	15	9	0	456	98	0	0	0	1881
Whouk	511	6	0	1	1	0	13	0	0	0	0	532
Wickethewok	2740	44	0	18	0	0	62	2	0	0	0	2866
Wiglaf	48	3	0	4	1	0	26	6	0	0	0	88
Wiki alf	1888	18	0	59	27	0	1503	32	5	0	0	3532
WikiLeon	534	18	0	110	20	2	545	61	10	0	5	1305
Wikiacc	779	31	0	7	5	0	31	8	0	0	0	861
Wikibofh	246	7	0	42	48	0	784	37	0	0	0	1164
Wile E. Heresiarch	619	1	0	1	0	0	25	0	0	0	0	646
Wilfried Derksen	75	7	0	13	5	0	2	0	0	0	0	102
Will Beback	891	105	0	433	120	31	1607	109	19	0	2	3317
William M. Connolley	510	18	0	173	29	25	2029	223	27	0	0	3034
William Pietri	450	4	0	1	0	0	10	0	0	0	0	465
WilliamH	287	4	0	24	2	1	121	2	3	0	16	460
Willking1979	3280	64	0	69	2	15	1995	12	56	0	3	5496
WilyD	1595	52	0	25	2	8	175	15	1	0	1	1874
Wimt	622	30	0	59	8	2	917	21	0	0	12	1671
Winhunter	7310	71	0	292	52	5	1376	252	1	0	3	9362
Wissel Wall	0	0	0	1	0	0	0	0	0	0	0	1
Wizardman	13575	106	56	516	14	24	322	12	4	0	6	14635
Wknight94	16199	381	0	786	192	102	8359	203	48	0	5	26275
Wneedham02	0	0	0	1	0	0	0	0	0	0	0	1
Woggly	167	7	0	12	0	0	75	14	0	0	0	275
Woody	4828	63	0	170	12	24	194	34	11	0	8	5344
Woohookitty	7748	162	0	503	474	5	1257	171	0	0	2	10322
Woooooooooop	0	0	0	1	0	0	0	0	0	0	0	1
Worldtraveller	215	0	0	4	4	0	19	2	0	0	0	244
Wouterstomp	18	0	0	0	0	0	0	0	0	0	0	18
Wpedzich	4	0	0	0	0	0	0	0	0	0	0	4
Wrp103	1	0	0	0	0	0	111	0	0	0	0	112
Wtmitchell	31	0	0	3	1	0	25	0	5	0	0	65
Wwoods	142	13	0	84	4	9	57	0	0	0	0	309
Wwwwolf	2625	27	0	39	5	0	5	1	0	0	0	2702
X!	1966	46	0	60	17	13	215	36	12	0	19	2384
XDanielx	65	5	0	0	0	0	0	0	0	0	0	70
XJamRastafire	7	0	0	5	3	0	0	0	0	0	0	15
Xaosflux	7808	308	0	612	287	251	852	83	31	0	12	10244
Xavexgoem	394	24	0	51	11	10	115	11	6	0	3	625
Xdamr	1035	10	0	2	0	0	25	1	1	0	0	1074
Xeno	9914	628	0	302	198	442	1075	284	74	0	273	13190
Xezbeth	8055	87	0	56	10	0	388	6	2	0	0	8604
Xiner	210	4	0	10	1	0	72	4	0	0	0	301
Xnuala	62	0	0	0	0	0	3	1	0	0	0	66
Xoloz	7424	810	0	211	56	1	70	6	0	0	0	8578
Xy7	2053	45	0	149	42	9	2330	203	0	0	0	4831
Xymmax	875	61	0	154	16	43	89	4	6	0	4	1252
Y	2410	49	0	51	11	8	92	5	0	0	0	2626
Y0u	345	0	0	0	0	0	13	2	0	0	0	360
Yamamoto Ichiro	1123	19	0	218	21	17	1565	35	9	0	67	3074
Yamla	3564	27	0	1223	59	16	4159	980	0	0	0	10028
Yandman	304	3	0	16	1	2	134	8	0	0	0	468
Yanksox	2711	57	0	113	30	0	228	20	0	0	0	3159
Yann	2	0	0	0	0	0	0	0	0	0	0	2
Yannismarou	294	2	0	18	6	1	47	1	0	0	1	370
YellowMonkey	8837	224	1	739	96	69	2075	160	18	0	5	12224
Yelyos	43	0	0	1	1	0	8	1	0	0	0	54
Yet Another Redirect Cleanup Bot	2657	0	0	0	0	0	0	0	0	0	0	2657
Ynhockey	190	3	0	5	1	0	4	0	0	0	0	203
Yomangani	1125	9	0	36	8	0	31	2	0	0	0	1211
Yonatan	255	54	0	10	9	6	85	9	0	0	2	430
Youngamerican	1271	52	0	56	23	3	33	2	0	0	0	1440
Zanimum	1370	61	0	56	17	0	119	12	0	0	0	1635
Zedla	873	6	0	32	2	2	122	9	0	0	0	1046
Zemaiteska	0	0	0	1	0	0	0	0	0	0	0	1
Zero0000	107	3	0	13	3	2	31	2	1	0	0	162
ZimZalaBim	2604	19	0	58	8	0	139	2	0	0	0	2830
Zippy	13	8	0	5	2	4	35	6	0	0	0	73
Zocky	262	18	0	21	8	0	21	8	0	0	0	338
Zoe	5859	83	0	244	12	0	1240	99	0	0	0	7537
Zoicon5	33	0	0	0	0	0	0	0	0	0	0	33
Zoney	20	11	0	3	2	0	1	1	0	0	0	38
Zscout370	11042	267	0	311	62	26	599	94	3	0	6	12410
Zsinj	2556	13	0	38	2	0	442	39	0	0	0	3090
Zzuuzz	5402	198	0	1046	1221	577	8945	732	266	0	20	18407
Zzyzx11	9336	302	0	1210	563	17	375	53	5	0	2	11863
^demon	28641	182	0	40	7	3	75	12	1	0	1	28962
Ævar Arnfjörð Bjarmason	213	3	0	1	0	0	7	2	0	0	0	226
Ø	0	0	0	2	0	0	0	0	0	0	0	2
èªç±åå¤	0	0	0	1	0	0	0	0	0	0	0	1
ï¾	0	0	0	2	0	0	0	0	0	0	0	2
Totals	6286771	127365	1296	194855	40810	18494	1010396	78438	15590	15558	10455	7800028
