User	DL	UD	RD	PT	UP	PM	BL	UB	BM	UR	RM	Total
(aeropagitica)	11928	38	0	50	2	0	1733	42	0	0	0	13793
172	16	0	0	23	7	0	52	40	0	0	0	138
17Drew	317	1	0	2	0	0	37	1	0	0	0	358
23skidoo	537	8	0	32	6	0	131	13	0	0	0	727
2over0	183	22	0	9	0	8	25	0	0	0	1	248
52 Pickup	104	3	0	6	1	0	73	6	0	0	0	193
@pple	527	51	0	4	1	0	66	9	0	0	0	658
A Man In Black	3052	63	0	164	24	1	179	34	0	0	0	3517
A Train	237	6	0	19	4	0	51	2	2	0	0	321
A. B.	121	587	0	100	2	4	238	32	6	0	0	1090
AA	494	5	0	2	1	0	11	2	0	0	0	515
ABCD	3138	29	0	432	27	0	62	41	0	0	2	3731
AGK	1728	121	0	244	60	57	576	83	3	0	63	2935
AKeen	9	5	0	8	0	2	0	0	0	0	0	24
AQu01rius	299	2	0	12	5	0	41	0	0	0	0	359
AZT2008	0	0	0	1	0	0	0	0	0	0	0	1
Aarktica	207	2	0	1	0	0	2	1	0	0	0	213
Aaron Brenneman	1030	25	0	41	81	1	136	13	0	0	0	1327
Abecedare	186	5	0	43	1	10	133	5	10	0	1	394
Academic Challenger	19770	38	0	183	34	0	2666	21	5	0	0	22717
Acalamari	5880	69	0	2870	72	188	1277	112	14	0	845	11327
Accounting4Taste	23908	52	0	337	12	2	84	0	1	0	4	24400
Acetic Acid	65	3	0	7	2	0	66	9	0	0	0	152
Acropolis now	0	0	0	3	0	0	0	0	0	0	0	3
Acroterion	25559	71	0	515	18	19	2037	44	67	0	12	28342
Adam Bishop	3641	17	0	45	13	2	121	22	0	0	1	3862
Adambiswanger1	75	0	0	15	4	0	48	1	0	0	0	143
Adambro	1718	15	0	36	1	4	154	6	3	0	4	1941
Adashiel	362	51	0	51	33	1	369	29	0	0	0	896
Addshore	556	7	0	3	1	2	183	7	4	0	5	768
AdjustShift	164	0	0	17	1	1	551	2	29	0	2	767
Admiral Norton	380	6	0	6	0	0	6	0	0	0	2	400
Admrboltz	2754	4	0	27	15	0	101	11	0	0	2	2914
Aecis	3805	39	0	91	5	0	163	3	0	0	0	4106
Aervanath	1892	303	0	43	5	6	51	10	2	0	0	2312
After Midnight	31823	186	0	32	6	0	59	6	0	0	0	32112
Agathoclea	1130	52	0	51	5	4	167	16	1	0	1	1427
Ahoerstemeier	13552	107	0	43	5	1	2001	11	2	0	0	15722
Ais523	299	16	0	16	3	0	8	6	0	0	0	348
Aitias	3438	68	0	224	18	298	1224	78	51	0	74	5473
Akhilleus	856	4	0	43	3	4	427	30	1	0	0	1368
Akradecki	5185	53	0	168	3	3	304	22	31	0	0	5769
Aksi great	1926	12	0	26	8	1	591	30	0	0	0	2594
Al Ameer son	28	3	0	7	2	3	6	1	0	0	1	51
Alai	1393	17	0	10	3	0	42	3	0	0	0	1468
AlainV	1	0	0	0	0	0	0	0	0	0	0	1
Alasdair	547	3	0	11	1	0	226	11	1	0	0	800
Aldux	109	1	0	170	36	0	201	18	0	0	0	535
Ale jrb	1254	8	0	3	1	0	231	1	1	0	2	1501
Alex Bakharev	1733	153	0	495	46	49	1780	181	5	0	0	4442
Alex S	34	4	0	0	0	0	0	0	0	0	0	38
Alex.muller	549	24	0	22	1	1	306	15	0	0	11	929
Alex756	2	0	0	0	0	0	0	0	0	0	0	2
Alexf	16085	96	0	292	10	61	4431	39	7	0	0	21021
AlexiusHoratius	6	0	0	143	5	43	220	0	2	0	0	419
Alhutch	621	3	0	15	6	0	175	9	0	0	0	829
Alison	2425	131	140	1136	199	145	4892	340	26	0	66	9500
AlisonW	488	11	0	56	5	2	125	10	0	0	0	697
AlistairMcMillan	212	16	0	16	1	0	62	3	0	0	0	310
AliveFreeHappy	192	1	0	2	0	0	2	0	0	0	0	197
Alkivar	2396	136	0	252	27	9	470	41	0	0	0	3331
Allen3	11058	54	0	208	51	13	131	5	0	0	1	11521
AllyUnion	1913	26	0	98	11	0	38	11	0	0	0	2097
Alphachimp	6552	108	0	292	146	1	3924	117	2	0	0	11142
Altenmann	5100	264	0	275	63	16	1258	99	5	0	0	7080
Alteripse	2	0	0	2	1	0	13	1	0	0	0	19
Alvestrand	457	29	0	6	4	0	54	4	1	0	0	555
Amalas	1220	2	0	4	52	0	0	0	0	0	0	1278
Amalthea	2487	66	0	55	12	5	77	12	13	0	13	2740
Amberrock	545	7	0	19	3	0	115	9	0	0	0	698
Amcaja	54	3	0	0	1	0	58	2	0	0	0	118
Ameliorate!	390	6	0	46	3	2	126	8	1	0	2	584
AmiDaniel	2801	138	0	165	44	2	749	126	1	0	1	4027
Amire80	291	41	0	5	2	1	30	4	0	0	1	375
Amophar	0	0	0	1	0	0	0	0	0	0	0	1
Amorymeltzer	765	3	0	6	3	2	1	1	0	0	6	787
Ams80	12	0	0	0	0	0	0	0	0	0	0	12
Anas Salloum	665	5	0	1	0	0	351	2	0	0	0	1024
Ancheta Wis	15	2	0	1	0	0	5	0	0	0	0	23
AndonicO	374	28	0	291	30	45	1347	51	0	0	0	2166
Andre Engels	2	0	0	0	0	0	1	0	0	0	0	3
Andres	3	4	0	1	0	0	0	0	0	0	0	8
Andrevan	705	88	0	21	11	0	87	28	1	1207	63	2211
Andrew Levine	718	15	0	19	2	0	34	6	0	0	0	794
Andrew Norman	48	1	0	27	2	0	75	7	0	0	0	160
Andrew Yong	22	7	0	0	0	0	0	0	0	0	0	29
Andrew c	1405	55	0	33	2	1	120	8	1	0	0	1625
Andrewa	85	6	0	0	0	0	0	0	0	0	0	91
Andris	17	0	0	0	0	0	0	0	0	0	0	17
Android79	3349	27	0	56	13	0	260	29	0	0	0	3734
Andrwsc	7760	97	0	65	54	9	113	1	0	0	0	8099
AndyZ	911	12	0	0	0	0	113	4	0	0	0	1040
AnemoneProjectors	965	78	0	106	50	4	169	1	6	0	0	1379
Anetode	9256	336	0	256	13	7	1256	61	0	0	8	11193
AngelOfSadness	1033	2	0	44	2	5	133	14	1	0	0	1234
Angela	2316	43	0	5	2	0	59	30	0	157	7	2619
Angelo.romano	957	118	0	123	15	9	80	2	1	0	0	1305
Angr	34381	209	0	203	52	27	780	29	2	0	0	35683
Angusmclellan	16314	192	0	11	2	1	63	8	1	0	17	16609
AniMate	191	5	0	10	2	0	82	5	3	0	1	299
Animum	1925	276	0	225	29	54	1711	319	4	0	28	4571
AnonEMouse	146	25	0	30	4	2	122	9	0	0	0	338
Anonymous Dissident	1421	24	0	378	33	56	490	14	2	606	55	3079
Anonymous editor	481	1	0	57	16	0	431	32	0	0	0	1018
Antandrus	7433	26	0	421	56	32	5386	354	49	0	1	13758
Anthere	38	1	0	4	4	0	4	2	0	0	2	55
Anthony Appleyard	25323	3617	0	61	6	14	1	0	0	0	0	29022
Anthony.bradbury	14350	71	0	64	2	3	1644	37	28	0	2	16201
AntiAbuseBot	50	0	0	0	0	46	1036	2	18	0	0	1152
AntonioMartin	9	5	0	6	3	0	5	18	0	0	0	46
Apokryltaros	0	0	0	1	0	0	0	0	0	0	0	1
Appraiser	323	6	0	5	0	0	1	0	0	0	0	335
Aqwis	211	10	0	74	6	27	54	2	0	0	5	389
Aranel	1087	18	0	13	0	0	24	3	0	0	0	1145
Arbitrarily0	564	1	0	3	0	0	0	0	0	0	28	596
Arcadian	218	23	0	31	1	0	74	4	0	0	0	351
Archtransit	5	2	0	13	2	1	17	15	0	0	0	55
Arctic.gnome	206	5	0	18	2	1	25	1	0	0	1	259
Aris Katsaris	6	0	0	1	0	0	0	0	0	0	0	7
Arjun01	557	6	0	117	23	0	402	14	1	0	0	1120
Arminius	130	1	0	7	3	0	14	2	0	0	0	157
ArnoldReinhold	221	2	0	6	2	2	5	1	1	0	0	240
Art LaPella	71	2	0	0	0	0	0	0	0	0	0	73
Arthur Rubin	465	44	0	44	10	5	356	47	11	0	2	984
Aruk Besadii Aora	0	0	0	2	0	0	0	0	0	0	0	2
Arvindn	13	0	0	1	1	0	0	0	0	0	0	15
Arwel Parry	148	8	0	39	8	0	662	39	1	0	0	905
Asbestos	72	2	0	0	0	0	25	3	0	0	0	102
Asterion	95	7	0	69	8	3	121	15	0	0	0	318
AstroNomer	0	0	0	0	0	0	1	0	0	0	0	1
Atama	132	2	0	0	2	0	3	0	0	0	0	139
Athaenara	24999	142	0	15	2	1	27	6	0	0	0	25192
Atlant	92	1	0	11	0	0	573	20	2	0	0	699
AuburnPilot	2964	223	0	508	68	51	1125	139	25	0	19	5122
Audacity	20	2	0	2	1	0	1	1	0	0	0	27
Aude	1173	39	0	47	11	5	516	17	0	0	2	1810
Ausir	24	2	0	0	0	0	1	0	0	0	0	27
Avraham	1363	147	36	177	37	16	996	109	35	334	86	3336
Awiseman	19	2	0	14	0	0	9	0	0	0	0	44
Awolf002	13	0	0	0	0	0	2	0	0	0	0	15
AxelBoldt	42	6	0	8	1	0	0	0	0	0	0	57
AzaToth	1679	122	0	118	39	30	159	22	1	0	8	2178
B	14208	200	0	299	28	30	810	100	6	0	11	15692
BD2412	3577	1836	0	48	14	1	215	24	1	0	0	5716
BOZ	15	105	0	30	3	6	1	0	0	0	0	160
Babajobu	297	2	0	1	1	0	19	3	0	0	0	323
Baboon Faceless	0	0	0	2	0	0	0	0	0	0	0	2
Backslash Forwardslash	4353	92	0	89	4	12	401	6	61	0	7	5025
Balloonman	272	13	0	13	2	1	50	8	4	0	2	365
Banes	62	7	0	2	0	0	158	2	0	0	0	231
Banno	10	5	0	9	2	0	50	2	0	0	0	78
BanyanTree	1873	63	0	203	245	4	403	11	0	0	0	2802
Barneca	1231	47	0	110	11	14	1013	46	19	0	1	2492
Barneca sock 1	0	0	0	1	0	0	0	0	0	0	0	1
BaronLarf	185	19	0	5	1	0	118	1	0	0	0	329
Bastique	354	92	0	48	8	4	121	51	0	7	51	736
Bazonka	0	0	0	1	0	0	0	0	0	0	0	1
Bbatsell	391	9	0	18	2	0	350	18	0	0	0	788
Bcorr	131	7	0	9	1	0	67	10	0	2	1	228
Bdesham	26	0	0	3	0	0	0	0	0	0	0	29
Bduke	259	18	0	24	7	3	24	0	0	0	0	335
Bearcat	4101	219	0	103	6	5	75	8	2	0	0	4519
Bearian	1130	19	0	225	4	2	675	34	2	0	1	2092
Bedford	9	3	0	50	0	4	5	2	0	0	0	73
Beeblebrox	1373	1	0	334	9	52	586	43	63	0	1	2462
Beetstra	711	65	0	99	19	12	424	31	9	0	1	1371
Bel123456	0	0	0	1	0	0	0	0	0	0	0	1
Beland	195	1	0	14	12	1	11	0	0	0	0	234
Bellhalla	22	2	0	0	0	0	0	0	0	0	0	24
Ben MacDui	391	3	0	2	0	0	11	1	0	0	0	408
Bencherlite	4182	106	0	186	5	14	559	8	11	0	11	5082
Berig	28	0	0	2	0	2	10	0	0	0	1	43
Betacommand	7463	46	0	76	379	0	3297	120	0	0	0	11381
Bettia	419	9	0	14	1	0	6	1	1	0	0	451
Bhadani	1301	7	0	95	19	1	478	10	0	0	0	1911
Bibliomaniac15	4037	26	0	221	32	20	1408	23	5	846	56	6674
BigHaz	3152	2	0	8	6	0	33	2	0	0	0	3203
BigrTex	960	10	0	2	0	0	1	0	0	0	0	973
Bigtimepeace	444	7	0	2	1	1	74	4	1	0	0	534
Bill	0	0	0	1	0	0	0	0	0	0	0	1
Billinghurst	1036	3	0	2	0	0	4	0	3	0	0	1048
BillyH	48	2	0	0	1	0	1	0	0	0	0	52
BirgitteSB	173	7	0	0	0	0	1	1	0	0	1	183
Bishonen	575	76	0	197	47	8	571	209	1	0	0	1684
Bishzilla	53	11	0	16	2	2	24	6	0	0	5	119
Bjarki S	91	0	0	2	1	0	41	4	0	0	0	139
Bjelleklang	642	7	0	4	0	3	12	2	0	0	0	670
Bkell	1166	13	0	0	0	0	1	0	0	0	0	1180
Bkonrad	719	104	0	3	0	0	145	2	0	0	0	973
Black Falcon	4373	68	0	3	1	0	28	1	0	0	0	4474
Black Kite	5247	146	0	412	50	54	1324	104	30	0	15	7382
Blankfaze	386	1	0	3	2	0	7	1	0	0	0	400
Blood Red Sandman	664	5	0	5	0	0	243	11	2	0	1	931
Blubberboy92	0	0	0	1	0	0	0	0	0	0	0	1
Blueboy96	1347	23	0	222	5	31	2688	127	111	0	0	4554
Bluemoose	10610	47	0	27	10	0	93	18	0	0	0	10805
Bmicomp	404	2	0	6	4	0	38	11	0	0	0	465
Bobak	230	12	0	160	6	9	752	11	11	0	0	1191
Bobet	4965	181	0	56	18	1	224	10	0	0	0	5455
Bobo192	4958	3	0	2	3	0	2	0	0	0	0	4968
Bogdangiusca	3142	66	0	28	10	1	107	13	0	0	0	3367
Bongwarrior	8779	59	0	440	8	108	3691	34	111	0	2	13232
Bonkers Bobcat	0	0	0	1	0	0	0	0	0	0	0	1
Bookofjude	650	27	0	29	5	0	85	9	0	0	0	805
Bopped Kia	0	0	0	1	0	0	0	0	0	0	0	1
BorgHunter	598	25	0	54	19	1	117	28	0	0	0	842
BorgQueen	4037	41	0	1197	126	49	3501	168	20	0	0	9139
Borisblue	248	1	0	14	39	0	92	8	0	0	0	402
Bovlb	23	2	0	14	1	0	28	2	0	0	0	70
BozMo	290	6	0	16	3	1	142	15	0	0	0	473
BradBeattie	294	0	0	6	0	0	118	3	0	0	0	421
BradPatrick	17	0	0	4	0	0	5	0	0	0	0	26
Bradeos Graphon	4877	19	0	65	19	3	1211	79	0	0	0	6273
Brandon	3847	76	0	107	39	26	706	33	37	0	16	4887
Bratsche	568	16	0	18	46	0	145	19	0	0	0	812
Brendanconway	955	23	0	26	8	0	87	14	0	0	0	1113
BrendelSignature	3	0	0	74	5	4	105	8	0	0	0	199
Brian	6	2	0	3	0	1	2	1	0	0	0	15
Brian Kendig	28	3	0	5	6	0	2	0	0	0	0	44
Brian0918	931	79	0	258	47	4	2143	109	0	0	0	3571
Brianga	2289	9	0	1	1	1	453	7	5	0	0	2766
Briangotts	138	7	0	1	0	0	7	0	0	0	0	153
Brighterorange	181	12	0	1	0	0	21	1	0	0	0	216
Brion VIBBER	192	9	0	12	0	1	27	11	0	0	4	256
Brockert	189	51	0	3	3	0	31	30	0	0	0	307
BrokenSegue	1363	11	0	62	67	0	153	40	0	0	0	1696
Brookie	3998	53	0	212	3	0	229	4	0	0	0	4499
BrownHairedGirl	959	118	0	140	6	9	127	16	1	0	0	1376
Bryan Derksen	828	324	0	5	7	0	10	0	0	0	2	1176
Bubba hotep	2638	69	0	38	3	2	779	12	18	0	4	3563
Buchanan-Hermit	514	18	0	28	6	0	452	20	0	0	0	1038
Bucketsofg	646	22	0	66	6	0	224	8	0	0	0	972
Buckshot06	308	4	0	2	0	0	9	0	1	0	0	324
Bumm13	842	39	0	6	1	0	31	4	0	0	5	928
Bunchofgrapes	738	10	0	62	44	0	203	37	0	0	0	1094
Burgundavia	1105	0	0	4	0	0	1	0	0	0	0	1110
Burstorder	0	0	0	2	0	0	0	0	0	0	0	2
Butseriouslyfolks	5143	83	0	36	3	1	137	15	0	0	0	5418
C-3PO	0	0	0	3	0	0	0	0	0	0	0	3
C.Fred	8234	70	0	220	5	6	1596	34	20	0	0	10185
C12H22O11	1351	5	0	49	8	0	47	7	0	0	0	1467
CALR	29	0	0	0	0	0	1	0	0	0	0	30
CAT:TEMP deletion bot	2120	0	0	0	0	0	0	0	0	0	0	2120
CBDunkerson	3497	64	0	683	49	0	30	22	0	0	1	4346
CBM	4353	142	0	239	96	22	62	23	2	0	3	4942
CIreland	1114	32	0	173	12	24	372	18	10	0	1	1756
CJ	1927	79	0	112	22	3	277	18	0	0	1	2439
CJCurrie	400	19	0	126	8	2	127	13	0	0	0	695
CJLL Wright	1855	30	0	59	3	7	243	4	0	0	0	2201
CLW	13900	54	0	3	0	0	26	0	0	0	0	13983
CMBJ	0	0	0	1	0	0	0	0	0	0	0	1
COGDEN	57	14	0	2	0	0	4	0	1	0	0	78
CRGreathouse	8	0	0	0	0	0	1	1	1	0	0	11
CSTAR	58	5	0	6	3	0	93	3	0	0	0	168
CYD	1	0	0	1	0	0	0	0	0	0	0	2
Cactus.man	592	16	0	61	34	0	178	10	0	0	0	891
CactusWriter	878	105	0	14	2	0	35	3	5	0	4	1046
Cacycle	180	11	0	26	2	1	13	1	0	0	1	235
Cailil	116	3	0	33	0	2	50	12	0	0	0	216
Caknuck	1943	8	0	185	30	32	706	11	6	0	0	2921
Calliopejen1	2754	80	0	11	2	0	5	0	0	0	0	2852
Caltrop	58	22	0	0	0	0	6	3	0	0	0	89
Camaron	767	298	0	317	51	79	297	27	27	0	20	1883
CambridgeBayWeather	14763	261	0	216	18	136	998	23	8	0	0	16423
Camembert	11	2	0	0	1	0	0	0	0	0	0	14
Camw	319	7	0	5	0	0	171	0	7	0	0	509
Can't sleep, clown will eat me	9514	230	0	3000	125	133	32088	586	0	0	0	45676
Canadian Paul	1003	32	0	15	5	0	22	3	0	0	0	1080
Canadian-Bacon	426	2	0	16	3	0	232	5	0	0	0	684
CanadianCaesar	3505	62	0	53	14	0	1084	85	0	0	0	4803
Canderson7	1183	11	0	18	13	1	220	2	0	0	0	1448
Canley	882	8	0	0	1	0	4	0	0	0	0	895
Canterbury Tail	1450	7	0	80	8	8	400	21	12	0	0	1986
Cantthinkofagoodname	2	0	0	0	0	0	2	0	0	0	0	4
CapitalR	356	2	0	3	5	0	49	1	1	0	1	418
Capitalistroadster	620	1	0	3	0	0	23	3	0	0	0	650
Carabinieri	415	7	0	4	3	0	3	2	0	0	0	434
Carbonite	188	3	0	28	10	0	226	22	0	0	0	477
Carcharoth	35	75	0	2	1	0	1	2	0	0	0	116
Caribbean H.Q.	362	14	0	70	10	8	248	20	0	0	0	732
Carioca	2534	11	0	6	1	1	9	0	0	0	0	2562
Carlosguitar	2924	20	0	30	1	3	166	11	0	0	0	3155
Carlossuarez46	10571	129	0	27	2	0	66	6	1	0	0	10802
Carnildo	2388	98	0	91	17	2	60	21	0	0	3	2680
Cary Bass	2	2	14	5	1	1	1	2	0	2	0	30
Casliber	103	54	7	142	7	26	110	6	0	0	2	457
Catbar	28	0	0	2	1	0	11	0	0	0	0	42
CatherineMunro	69	13	0	0	0	0	3	3	0	0	0	88
CattleGirl	908	12	0	19	3	1	42	7	0	0	0	992
Caulde	2522	84	0	423	28	54	892	36	0	0	78	4117
Causa sui	1691	40	0	88	53	19	255	17	3	0	1	2167
Cbl62	14	0	0	6	0	0	0	0	0	0	0	20
Cbrown1023	3423	75	0	403	72	7	206	32	0	0	8	4226
Cburnett	48	18	0	6	2	0	14	5	0	0	0	93
Cdc	2188	10	0	10	9	0	21	2	0	0	0	2240
Cecropia	39	3	0	36	5	0	6	6	0	215	334	644
Cedrus-Libani	101	4	0	1	0	0	0	0	0	0	0	106
Celestianpower	735	9	0	19	3	0	170	70	0	0	0	1006
Cenarium	1726	75	0	361	140	176	131	4	6	0	27	2646
Centrx	17220	404	0	1005	947	13	1334	212	0	0	0	21135
CesarB	3606	141	0	123	49	0	942	212	0	0	0	5073
Ceyockey	1779	47	0	4	0	0	15	2	0	0	0	1847
Chadloder	0	0	0	0	0	0	6	0	0	0	0	6
Chairboy	5156	13	0	69	8	0	187	14	0	0	0	5447
Chamal N	114	4	0	43	3	11	63	2	1	0	5	246
Chancemill	0	0	0	1	1	0	2	0	0	0	0	4
Charles Matthews	1938	36	0	5	1	0	130	20	0	0	0	2130
Chase me ladies, I'm the Cavalry	2529	49	0	443	26	49	856	32	16	0	1	4001
Chaser	2025	96	0	308	45	37	855	113	7	0	10	3496
Ched Davis	118	9	0	4	0	0	11	4	0	0	4	150
Chell and the cake	0	0	0	2	0	0	0	0	0	0	0	2
Chessnotator1967	0	0	0	1	0	0	0	0	0	0	0	1
Chick Bowen	4689	202	0	77	14	3	137	30	0	0	1	5153
Chillum	1489	27	0	57	12	7	721	49	75	0	9	2446
Chmod007	13	2	0	2	0	0	1	1	0	0	0	19
Chochopk	27	37	0	1	0	0	2	1	0	0	0	68
Choess	10	7	0	0	0	0	0	0	0	0	0	17
Cholmes75	4601	10	0	26	0	0	112	3	0	0	0	4752
Chris 73	1933	15	0	62	8	1	712	30	3	0	0	2764
Chris G	6906	159	0	249	15	38	2926	70	227	0	11	10601
Chris Roy	3	0	0	0	0	0	1	0	0	0	0	4
ChrisGriswold	1126	16	0	51	8	0	210	21	0	0	0	1432
ChrisO	2405	22	0	337	63	35	757	39	3	0	1	3662
ChrisTheDude	690	18	0	6	1	0	16	2	0	0	0	733
Chrislk02	4100	61	0	134	21	8	1632	91	12	0	5	6064
Christopher Mahan	38	5	0	0	0	0	0	0	0	0	0	43
Christopher Parham	640	8	0	4	2	0	24	1	0	0	0	679
Christopher Sundita	62	39	0	8	4	0	17	2	0	0	0	132
Chuck SMITH	0	1	0	0	0	0	0	0	0	0	0	1
Chunky Rice	342	1	0	4	3	0	31	2	0	0	0	383
Chuq	216	19	0	13	2	1	93	6	0	0	0	350
CieloEstrellado	0	0	0	1	0	0	0	0	0	0	0	1
Cimon Avaro	214	10	0	2	5	1	4	0	0	6	3	245
Circeus	1737	8	0	50	27	0	155	13	0	0	0	1990
Cirt	8744	68	0	441	19	69	4138	35	19	0	2	13535
Citicat	715	15	0	22	1	0	34	4	0	0	0	791
Ck lostsword	308	4	0	13	1	5	308	16	0	0	0	655
Ckatz	1369	56	0	189	5	40	810	18	18	0	1	2506
Clarkk	23	0	0	0	1	0	0	0	0	0	0	24
Cleared as filed	1346	19	0	0	0	0	53	2	0	0	0	1420
Climie.ca	0	0	0	2	1	0	12	1	1	0	1	18
ClockworkLunch	20	4	0	11	1	0	4	0	0	0	0	40
ClockworkSoul	758	46	0	38	7	4	214	19	3	0	0	1089
Closedmouth	18326	124	0	73	2	3	1159	32	56	0	33	19808
CloudNine	422	15	0	24	1	2	32	2	0	0	0	498
ClueBot	0	0	0	1	0	0	0	0	0	0	0	1
Cnwb	661	11	0	0	0	0	23	2	0	0	0	697
Cobaltbluetony	6526	91	0	421	24	8	393	20	4	0	0	7487
Cobi	51	0	0	1	0	0	3	1	0	0	1	57
Coelacan	1194	30	0	85	10	1	845	53	0	0	0	2218
Coffee	1183	86	0	137	9	55	313	13	81	0	8	1885
Coffeedrinker87	0	0	0	1	0	0	0	0	0	0	0	1
Cohesion	6798	46	0	2	18	1	3	0	0	0	0	6868
Colds7ream	130	6	0	1	1	0	2	0	0	0	2	142
Commander Keane	4774	219	0	39	22	0	145	29	0	0	1	5229
Conscious	13449	65	0	2	2	0	56	0	0	0	0	13574
Consumed Crustacean	732	22	0	42	3	1	354	36	1	0	0	1191
Conti	463	41	0	12	38	2	73	3	0	0	1	633
Cool Hand Luke	938	573	0	61	12	20	71	16	0	0	0	1691
Cool3	35	0	0	3	2	0	22	1	2	0	3	68
Coralmizu	168	2	0	23	1	2	47	2	1	0	0	246
Coredesat	11148	136	0	235	25	11	494	60	0	0	0	12109
Coren	858	22	38	55	7	6	187	35	3	0	1	1212
Cowman109	433	36	0	101	43	4	360	44	0	0	0	1021
Craigy144	3099	11	0	8	3	1	38	0	0	0	0	3160
Crazycomputers	443	8	0	54	15	6	716	40	2	0	3	1287
Crazytales	157	15	0	18	1	2	117	18	0	0	0	328
Cremepuff222	176	6	0	3	2	1	98	5	0	0	0	291
Croat Canuck	83	3	0	1	1	0	5	1	0	0	0	94
Crum375	182	18	0	89	6	12	229	12	0	0	0	548
Cryptic	9383	238	0	136	15	1	322	21	0	0	0	10116
CryptoDerk	1091	1	0	67	9	0	1014	45	0	0	0	2227
Crzrussian	5139	133	0	156	28	0	150	13	0	0	0	5619
Cuchullain	338	64	0	12	0	3	40	0	0	0	0	457
Curps	5148	166	0	461	101	0	26558	1065	0	0	0	33499
Cutler	69	0	0	0	0	0	7	0	0	0	0	76
CyborgTosser	2	0	0	0	0	0	0	0	0	0	0	2
Cyde	19096	107	0	258	32	2	829	168	0	0	0	20492
Cydebot	13938	0	0	0	0	0	0	0	0	0	0	13938
Cyp	3	0	0	0	0	0	0	0	0	0	0	3
Cyrius	1623	101	0	27	13	0	69	8	0	0	0	1841
D. Recorder	172	18	0	2	0	0	34	2	0	0	0	228
DDima	527	9	0	1	0	0	1	0	0	0	0	538
DESiegel	1034	121	0	9	2	0	40	29	0	0	0	1235
DGG	9270	212	0	206	7	12	113	10	6	0	1	9837
DJ Clayworth	6247	31	0	39	11	0	335	18	3	0	0	6684
DMacks	5452	54	0	317	13	50	890	11	71	0	1	6859
DO11.10	417	28	0	2	0	0	5	1	0	0	2	455
DVD R W	6129	53	0	54	17	7	962	21	0	0	3	7246
DaGizza	941	1	0	8	4	1	54	3	0	0	0	1012
Dale Arnett	69	1	0	2	0	0	4	0	0	0	0	76
Dan100	294	16	0	18	12	0	186	44	0	0	0	570
DanKeshet	104	1	0	6	0	0	2	0	0	0	0	113
DanMS	65	0	0	2	1	0	0	0	0	0	0	68
Danaman5	284	4	0	6	0	0	4	4	0	0	1	303
Daniel	4953	266	0	632	41	65	566	76	4	0	13	6616
Daniel Case	2391	34	22	297	16	8	4893	168	36	0	10	7875
Daniel J. Leivick	761	7	0	19	1	0	82	5	2	0	0	877
Daniel Olsen	711	1	0	10	0	0	84	2	0	0	0	808
Daniel Quinlan	54	3	0	0	2	0	2	0	0	0	0	61
DanielCD	243	1	0	15	11	0	37	2	0	0	0	309
Dank	10467	88	0	127	7	1	2246	13	18	0	1	12968
Danny	1072	126	0	26	9	0	105	29	0	4	7	1378
Dannyisme	5	0	0	4	0	0	2	2	0	0	0	13
Dante Alighieri	683	18	0	20	17	3	180	29	0	0	0	950
DarkFalls	2676	143	0	301	37	78	768	44	7	0	7	4061
Darkoneko	2	0	3	0	0	0	1	0	0	1	0	7
Darthgriz98	250	4	0	5	0	0	115	2	0	0	0	376
Darwinek	2191	14	0	69	5	0	191	6	0	0	0	2476
Dave souza	79	3	0	14	2	0	557	20	5	0	0	680
Davemeistermoab	4	0	0	1	0	1	3	1	0	0	1	11
Davewild	3078	40	0	3	3	0	387	1	0	0	0	3512
Daveydweeb	134	1	0	2	0	0	4	1	0	0	0	142
David D.	26	4	0	12	1	5	11	2	1	0	0	62
David Eppstein	2253	29	0	36	7	1	49	2	2	0	0	2379
David Fuchs	989	33	0	67	5	12	87	8	0	0	0	1201
David Gerard	527	43	1	70	7	1	1478	357	0	0	2	2486
David Kernow	635	5	0	45	0	0	0	0	0	0	0	685
David Levy	941	122	0	228	58	3	143	10	2	0	7	1514
David Newton	54	3	0	4	0	0	12	12	0	0	0	85
David.Monniaux	523	60	0	100	13	0	222	30	3	0	0	951
DavidLevinson	35	52	0	9	0	0	9	0	0	0	0	105
DavidWBrooks	1204	1	0	13	2	1	94	0	0	0	0	1315
Davidcannon	155	57	0	30	4	0	137	26	1	0	0	410
Davidgothberg	92	59	0	112	6	35	21	7	0	0	0	332
Davidruben	35	0	0	7	1	1	79	2	0	0	0	125
Davodd	191	29	0	3	3	1	24	1	0	0	0	252
Dbachmann	433	30	0	140	41	20	206	20	1	0	0	891
Dbenbenn	6085	109	0	260	583	0	26	7	0	0	0	7070
Dcoetzee	341	46	0	10	4	0	51	11	0	0	1	464
Ddstretch	13	0	0	20	5	6	207	20	6	0	0	277
Deacon of Pndapetzim	617	23	0	31	3	3	172	13	13	0	34	909
DeadEyeArrow	934	14	0	26	5	0	199	6	0	0	0	1184
Deathphoenix	1168	49	0	17	5	0	420	80	0	0	0	1739
Deb	13215	55	0	26	2	0	317	4	1	0	0	13620
Deckiller	1228	35	0	80	14	2	300	46	0	0	0	1705
Decltype	1164	46	0	5	0	0	101	5	9	0	15	1345
Decumanus	42	0	0	3	0	0	12	0	0	0	0	57
Deiz	953	16	0	163	8	3	392	20	0	0	0	1555
Dekimasu	1154	63	0	16	1	0	20	6	7	0	1	1268
Delirium	3469	23	0	20	11	0	306	18	0	0	0	3847
Delldot	1885	26	0	16	6	1	608	9	0	0	0	2551
Deltabeignet	836	1	0	5	6	0	130	2	0	0	0	980
Demi	151	32	0	2	1	0	51	17	0	0	0	254
Denelson83	1136	18	0	57	12	11	39	6	0	0	0	1279
Denni	2324	30	0	23	3	0	5	0	0	0	0	2385
DerHexer	134628	44	0	93	3	9	5845	39	4	0	20	140685
Derek Ross	523	11	0	15	4	3	2	0	0	0	0	558
Deryck Chan	1	1	0	0	2	0	1	0	0	0	0	5
Deskana	1384	86	70	217	77	19	1005	111	37	335	183	3524
Deville	1015	6	0	16	1	0	193	4	3	0	0	1238
Dfrg.msc	35	1	0	0	0	0	7	0	0	0	0	43
Dgies	575	29	0	27	4	3	223	18	0	0	2	881
Dgrant	0	0	0	1	0	0	0	0	0	0	0	1
Diberri	128	3	0	3	1	0	5	0	0	0	0	140
Dieter Simon	3	0	0	30	0	2	0	0	0	0	0	35
Dijxtra	135	6	0	13	6	0	36	4	0	0	0	200
Dina	3371	18	0	49	1	0	273	5	0	0	0	3717
Dino	24	0	0	0	0	0	0	0	0	0	0	24
Dinoguy1000	103	5	0	41	1	3	7	0	0	0	1	161
Discospinster	16688	377	0	140	8	12	1126	6	6	0	0	18363
Djsasso	1021	187	0	40	6	4	351	10	1	0	8	1628
Dlohcierekim	5325	115	0	151	7	12	422	36	9	0	1	6078
Dmn	35	1	0	10	4	0	12	15	0	0	0	77
Doc glasgow	4087	123	0	370	42	11	1060	83	0	0	42	5818
Docu	1171	60	0	123	2	6	11	5	0	0	2	1380
Doczilla	73	5	0	9	6	0	87	8	0	0	0	188
Dominic	13275	61	42	81	186	2	3293	635	27	0	34	17636
DonCalo	0	0	0	1	0	0	0	0	0	0	0	1
Donald Albury	1157	3	0	7	2	2	118	4	0	0	0	1293
DoomsDay349	222	4	0	2	0	0	0	0	0	0	0	228
Dori	11	0	0	0	0	0	2	2	0	0	0	15
Doug	421	50	0	20	135	8	24	3	11	0	4	676
Doug Bell	2427	36	0	29	12	0	25	3	0	0	0	2532
Dougweller	306	5	0	161	16	32	866	16	31	0	1	1434
Dpbsmith	133	4	0	3	2	0	17	0	0	0	0	159
Dppowell	4	0	0	5	0	0	112	6	0	0	0	127
DrBob	17	1	0	0	0	0	7	0	0	0	0	25
DrKiernan	1338	28	0	44	5	3	138	8	0	0	0	1564
DragonflySixtyseven	25437	331	0	338	35	10	4330	183	182	0	167	31013
Dragons flight	614	65	0	115	35	2	117	28	0	0	1	977
Dravecky	700	6	0	93	5	1	0	0	0	0	0	805
Dreadstar	980	76	0	248	12	14	1870	96	2	0	0	3298
Drilnoth	15939	57	0	53	2	13	0	0	0	0	6	16070
Drini	9599	93	0	178	38	1	4455	233	1	0	8	14606
DropDeadGorgias	340	3	0	24	1	0	90	5	0	0	0	463
Dsmdgold	819	11	0	3	0	0	3	0	0	0	0	836
Duja	875	136	0	20	9	2	72	9	0	0	0	1123
Duk	3834	30	0	61	15	2	129	25	0	0	1	4097
Dumelow	9	1	0	4	0	0	0	0	0	0	0	14
Duncharris	986	57	0	47	10	0	92	20	0	0	0	1212
Durin	2448	7	0	28	13	0	168	15	0	0	0	2679
Durova	24	1	0	211	37	11	388	66	0	0	0	738
Dustimagic	216	2	0	4	2	0	50	8	1	0	0	283
Dvyost	56	0	0	0	0	0	11	1	0	0	0	68
Dweller	1642	28	1	109	2	4	291	10	0	297	10	2394
Dysprosia	154	6	0	3	1	0	97	11	0	0	0	272
ERcheck	2944	9	0	66	10	0	1002	29	1	0	0	4061
ESkog	11051	76	0	123	22	4	895	108	2	0	0	12281
EVula	2362	95	3	154	20	13	915	28	1	452	41	4084
EWS23	643	3	0	7	2	0	136	11	0	0	0	802
Earl Andrew	111	36	0	26	6	0	69	12	0	0	0	260
Earle Martin	264	11	0	7	2	1	31	2	0	0	0	318
East718	226045	1910	0	5559	1632	290	3530	1007	16	0	31	240020
Ed Poor	73	13	0	35	32	0	71	28	0	10	16	278
Ed g2s	3050	69	0	30	27	2	50	5	0	0	0	3233
EdJohnston	894	25	0	484	24	54	750	46	11	0	3	2291
Edcolins	32	4	0	2	2	0	2	0	0	0	0	42
Edgar181	35631	228	0	478	18	17	14351	177	147	0	19	51066
Edison	803	20	0	3	1	1	181	3	0	0	0	1012
Edokter	1336	36	0	32	14	20	46	5	1	0	1	1491
Edward	369	0	0	1	0	0	21	3	0	0	0	394
Edward Z. Yang	12	0	0	3	0	0	8	1	0	0	0	24
EdwinHJ	565	4	0	14	4	1	23	7	0	0	0	618
Efe	1597	5	0	11	1	3	164	0	2	0	1	1784
Egil	61	0	0	1	0	0	214	3	0	0	0	279
Either way	5470	37	0	161	10	9	879	43	9	0	7	6625
El C	1717	52	0	637	58	24	2996	116	0	0	3	5603
Eleassar	146	32	0	6	0	0	3	0	0	0	0	187
Electionworld	1285	33	0	1	0	0	0	0	0	0	0	1319
Elf	138	14	0	0	0	0	0	0	0	0	0	152
Elf-friend	465	1	0	17	0	0	15	0	0	0	0	498
ElinorD	7274	69	0	60	1	5	254	15	0	0	0	7678
Eliz81	960	48	0	93	0	19	229	4	0	0	1	1354
Elkman	5946	12	0	45	5	4	404	29	0	0	0	6445
Ellsworth	18	0	0	0	0	0	1	0	0	0	0	19
Elonka	1305	21	0	46	13	2	515	26	5	0	0	1933
Eloquence	126	5	0	8	5	0	29	10	0	0	1	184
Eluchil404	941	62	0	5	0	0	11	0	0	0	0	1019
Emperor	49	35	0	0	0	0	1	1	0	0	0	86
EncMstr	578	56	0	236	115	33	1006	21	18	0	1	2064
Encephalon	92	22	0	27	6	0	28	36	0	0	0	211
Enchanter	14	0	0	1	3	0	2	0	0	0	0	20
EncycloPetey	122	15	0	66	0	3	30	2	0	0	0	238
Enigmaman	805	11	0	394	7	106	930	13	200	0	1	2467
Enochlau	17605	26	0	72	20	1	56	4	0	0	0	17784
Epbr123	2483	8	0	9	0	1	633	7	3	0	1	3145
Erdem Tüzün	0	0	0	2	0	0	0	0	0	0	0	2
Ericorbit	183	6	0	184	5	8	304	0	3	0	0	693
Esanchez7587	2371	3	0	69	4	7	249	1	0	0	0	2704
Espresso Addict	284	8	0	5	1	0	2	0	0	0	0	300
Esprit15d	389	9	0	9	2	0	1	0	0	0	0	410
Essexmutant	19	0	0	1	0	0	7	1	0	0	0	28
Essjay	1806	171	0	218	23	0	1236	248	0	715	102	4519
Esteffect	788	24	0	16	6	0	95	21	0	0	0	950
Eugene van der Pijll	970	54	0	9	3	0	8	1	0	0	0	1045
EurekaLott	746	68	0	18	1	0	34	0	0	0	0	867
Euryalus	995	8	0	51	1	10	347	8	15	0	3	1438
Ev	145	14	0	6	0	0	2	0	0	0	0	167
EvanProdromou	0	0	0	0	0	0	1	0	0	0	0	1
Eventtable	0	0	0	1	0	0	0	0	0	0	0	1
Evercat	340	6	0	32	24	1	259	35	0	0	0	697
Everyking	1272	4	0	7	12	0	28	12	0	0	0	1335
Evil Monkey	1894	13	0	28	12	0	284	23	0	0	0	2254
Evil saltine	1143	40	0	23	9	1	529	22	16	0	3	1786
Evilphoenix	835	60	0	79	5	0	143	16	0	0	0	1138
Explicit	3985	12	0	67	2	15	56	1	3	0	0	4141
Exploding Boy	1419	6	0	7	3	1	403	21	7	0	0	1867
Extraordinary Machine	342	142	0	14	5	0	178	28	0	0	0	709
Extreme Unction	543	22	0	26	2	0	26	4	0	0	0	623
Eye of the Mind	16	2	0	9	2	1	9	0	0	0	0	39
EyeSerene	109	15	0	59	2	16	427	27	13	0	0	668
Eyrian	633	23	0	33	3	0	40	1	0	0	0	733
Ezeu	897	30	0	37	35	3	123	9	0	0	0	1134
Ezhiki	1110	260	0	42	13	6	65	23	0	0	1	1520
FCYTravis	3479	174	0	158	46	19	192	31	0	0	0	4099
FT2	407	31	37	73	6	5	226	37	13	0	17	852
Fabrictramp	4501	109	0	213	5	22	114	3	4	0	0	4971
Faithlessthewonderboy	3324	69	0	200	1	1	456	3	5	0	1	4060
Falco McCloud	0	0	0	1	0	0	0	0	0	0	0	1
Fang Aili	29076	83	0	118	52	0	253	12	0	0	0	29594
Fantasy	18	4	0	4	2	1	1	0	0	0	0	30
Fastfission	194	11	0	9	6	2	160	20	0	0	0	402
Fastily	8294	107	0	65	1	10	489	6	23	0	12	9007
Fawcett5	813	8	0	3	2	0	58	0	0	0	0	884
FayssalF	409	8	0	309	52	13	1308	85	0	0	0	2184
Feco	3	0	0	0	0	0	0	0	0	0	0	3
FeloniousMonk	17	13	0	29	4	0	143	20	0	0	0	226
Femto	370	4	0	30	7	0	288	9	0	0	0	708
Fences and windows	126	6	0	2	0	0	7	0	0	0	0	141
Fennec	18	3	0	5	3	0	30	3	0	0	0	62
Ferkelparade	589	3	0	2	1	0	37	0	0	0	0	632
Feydey	6660	38	0	68	18	9	140	3	0	0	0	6936
Filelakeshoe	227	7	0	8	1	3	75	4	1	0	8	334
Filiocht	851	2	0	3	5	0	36	0	0	0	0	897
Finlay McWalter	335	3	0	19	5	0	428	19	0	0	0	809
Fir0002	21	0	0	0	0	0	1	0	0	0	0	22
Firsfron	1554	10	0	157	6	7	289	31	0	0	1	2055
Fish and karate	9146	208	0	371	21	20	633	374	1	0	11	10785
FisherQueen	7091	19	0	305	7	12	1539	47	99	0	0	9119
Fishhead64	24	1	0	0	0	0	27	0	0	0	0	52
Fl	519	7	0	2149	3	21	129	2	4	0	16	2850
Flcelloguy	855	42	0	775	720	0	268	40	0	0	0	2700
FloNight	473	5	12	52	6	2	144	18	0	0	0	712
Flockmeal	146	1	0	1	0	0	14	0	0	0	0	162
Flowerparty	1957	59	0	19	3	0	29	0	0	0	0	2067
Flucky	0	0	0	1	0	0	0	0	0	0	0	1
Flyguy649	1339	22	0	201	8	21	744	37	1	0	0	2373
FlyingToaster	59	1	0	0	1	0	1	0	2	0	2	66
Formeruser-81	44	0	0	21	3	0	25	20	0	0	0	113
Formeruser-82	199	24	0	45	24	0	121	25	0	0	0	438
Fram	8768	149	0	196	6	34	398	8	5	0	0	9564
Fran Rogers	14869	109	0	310	26	43	3893	822	2369	0	7	22448
Franamax	1	0	0	0	0	0	2	0	0	0	0	3
FrancisTyers	172	5	0	20	7	0	67	15	0	0	0	286
Francs2000	10097	74	0	122	17	0	574	21	0	0	12	10917
Frank	4318	44	0	45	2	4	210	10	4	0	6	4643
Frazzydee	363	13	0	64	32	0	12	13	0	0	0	497
Freakofnurture	9841	927	0	551	96	5	10422	1134	0	0	0	22976
Fred Bauder	180	47	262	114	31	1	328	212	53	0	36	1264
Fred J	1431	16	0	12	7	0	36	1	0	0	0	1503
Fredrik	209	3	0	1	0	0	40	1	0	0	0	254
Freestylefrappe	14	0	0	4	1	0	48	1	0	0	0	68
FreplySpang	6790	37	0	35	5	0	776	47	0	0	0	7690
Fribbler	496	4	0	10	0	3	3	2	1	0	2	521
Friday	9712	96	0	55	22	3	398	40	0	0	12	10338
Fritzpoll	1118	28	0	42	3	7	67	11	4	0	31	1311
Fropuff	28	1	0	2	0	0	2	0	0	0	0	33
Fuhghettaboutit	6719	149	0	195	10	0	324	9	14	0	2	7422
Func	9	0	0	14	1	0	1215	124	0	0	0	1363
Furrykef	110	11	0	0	1	0	1	0	0	0	0	123
Future Perfect at Sunrise	3729	168	0	458	50	39	1773	290	26	0	8	6541
Fuzheado	886	20	0	62	13	3	574	42	0	0	0	1600
Fvasconcellos	1680	121	0	222	18	49	166	7	2	0	3	2268
Fvw	2867	41	0	28	17	0	2226	3509	31	0	0	8719
Fys	802	7	0	29	13	0	168	40	0	0	0	1059
G-Man	112	33	0	10	5	0	12	1	0	0	0	173
G.A.S	53	4	0	1	0	0	0	0	0	0	0	58
GDonato	3020	33	0	296	19	13	428	38	1	0	11	3859
GRBerry	1667	195	0	53	20	1	113	10	0	0	0	2059
GTBacchus	4082	315	0	19	13	0	176	13	0	0	0	4618
Gabbe	636	0	0	1	1	2	16	3	0	0	0	659
Gadfium	2083	33	0	59	13	4	2492	182	5	0	10	4881
Gadget850	409	30	0	4	1	0	0	0	0	0	0	444
Gaillimh	27	13	0	13	2	0	35	7	0	0	0	97
Gaius Cornelius	9	0	0	1	0	0	62	3	0	0	0	75
Galwhaa	235	6	0	2	0	0	11	3	0	0	0	257
Gamaliel	1554	109	0	183	72	11	1086	167	8	0	0	3190
Ganeshk	810	132	0	11	7	0	20	10	0	0	0	990
Garden	1046	41	0	46	5	11	152	16	5	0	8	1330
Garion96	13275	335	0	67	11	7	218	9	2	0	6	13930
Garzo	351	4	0	40	5	2	444	8	0	0	0	854
Gatoclass	126	2	0	48	28	1	1	0	0	0	0	206
Gator1	172	15	0	55	3	0	183	26	0	0	0	454
Gazimoff	327	3	0	5	2	1	73	2	1	0	2	416
Gdr	337	10	0	47	45	0	5	0	0	0	0	444
Ged UK	3256	30	0	290	5	48	386	0	20	0	1	4036
GeeJo	707	8	0	63	33	0	4	0	0	0	0	815
GeneralPatton	25	0	0	3	3	0	13	3	0	0	0	47
Geni	10192	300	0	181	102	2	451	90	0	0	4	11322
Geniac	187	0	0	55	17	3	461	4	0	0	0	727
Gentgeen	99	6	0	2	0	1	35	4	0	0	0	147
Geogre	5178	12	0	21	2	0	221	16	1	0	0	5451
Geometry guy	249	25	0	1	1	3	3	0	2	0	3	287
Georgewilliamherbert	62	111	0	174	4	19	1115	105	13	0	1	1604
Gerald Farinas	65	0	0	3	4	1	4	1	0	0	0	78
Geschichte	6791	78	0	3	0	0	19	6	0	0	0	6897
Getluv	0	0	0	1	0	0	0	0	0	0	0	1
Gilliam	1026	4	0	129	24	16	7011	15	9	0	0	8234
Gimmetrow	943	69	0	171	3	64	400	29	9	0	10	1698
Ginkgo100	963	17	0	38	13	0	527	14	0	0	2	1574
Gladys j cortez	4	0	0	24	2	2	86	4	6	0	0	128
GlassCobra	2269	66	0	76	8	8	1311	13	6	0	9	3766
Glen	1627	83	0	182	17	1	4516	198	0	0	0	6624
Gnangarra	1625	33	0	192	17	6	238	40	1	0	2	2154
Gnasher29	0	0	0	1	0	0	0	0	0	0	0	1
Goatasaur	16	2	0	1	1	0	2	0	0	0	0	22
Gogo Dodo	30567	107	0	771	6	107	4077	40	108	0	1	35784
Golbez	5616	85	0	223	80	17	1333	165	9	0	1	7529
Goldom	1900	7	0	8	0	0	50	4	0	0	0	1969
GoneAwayNowAndRetired	149	4	0	135	4	41	89	3	12	0	2	439
Gonzo fan2007	3778	80	0	405	38	66	240	21	0	0	9	4637
Good Olfactory	6808	397	0	51	16	3	78	7	5	0	0	7365
Goodnightmush	626	1	0	13	1	4	105	1	0	0	0	751
Goodoldpolonius2	1	0	0	4	2	0	27	0	0	0	0	34
Graeme Bartlett	5362	81	0	52	2	6	375	0	20	0	1	5899
GraemeL	971	6	0	59	28	2	1177	87	3	0	0	2333
Graft	3	1	0	1	1	2	0	0	0	0	0	8
Graham87	5453	9722	0	105	7	21	119	7	6	0	2	15442
GrahamColm	32	0	0	12	3	3	22	4	0	0	0	76
Grandmasterka	3058	35	0	118	12	2	528	30	1	0	3	3787
Grant65	6	5	0	2	1	0	3	0	0	0	0	17
Greeves	323	5	0	6	2	0	26	0	0	0	7	369
GregAsche	239	1	0	13	17	0	152	9	0	0	0	431
GregRobson	1	0	0	0	0	0	0	0	0	0	0	1
Grenavitar	864	32	0	3	2	0	41	7	0	0	1	950
Grendelkhan	38	2	0	0	0	0	4	0	0	0	0	44
Grm wnr	533	6	0	4	2	0	38	5	0	0	0	588
Grossmünster	0	0	0	1	0	0	0	0	0	0	0	1
Ground Zero	63	0	0	29	6	4	30	0	3	0	0	135
Grue	199	103	0	10	18	0	25	7	0	0	0	362
Grunt	86	5	0	4	2	0	10	2	0	0	0	109
Grutness	2474	103	0	90	10	3	24	16	0	0	0	2720
Gryffindor	109	8	0	5	0	0	1	1	0	0	0	124
Gtrmp	403	12	0	3	0	0	1	0	0	0	0	419
Guanaco	513	188	0	40	42	0	387	257	0	0	0	1427
Guettarda	205	73	0	41	27	5	69	18	0	0	0	438
Guillom	3	0	0	0	0	0	0	0	0	0	0	3
Gurch	36411	1467	0	76	22	0	695	17	0	0	0	38688
Gurubrahma	309	6	0	144	93	0	39	2	0	0	0	593
Gutza	12	1	0	2	1	2	5	3	0	0	0	26
Gwalla	926	10	0	2	1	0	72	8	0	0	0	1019
Gwen Gale	7206	241	0	511	40	37	1079	152	52	0	9	9327
Gwernol	3832	26	0	344	45	11	4359	157	0	0	0	8774
Gyrofrog	154	11	0	12	2	2	269	14	2	0	0	466
H	6668	26	0	96	39	0	1080	129	0	0	0	8038
Hadal	1484	0	0	6	7	0	316	3	0	0	0	1816
Haemo	2305	14	0	69	7	18	226	43	0	0	0	2682
Hajor	163	7	0	13	12	0	16	1	0	0	0	212
Hall Monitor	460	12	0	270	32	1	2964	235	0	0	0	3974
Hamster Sandwich	3	1	0	1	0	0	26	3	3	0	0	37
Happy-melon	2523	54	15	198	52	19	0	0	0	0	4	2865
HappyCamper	4332	105	0	121	87	0	586	458	0	0	0	5689
Happyme22	571	9	0	44	1	7	11	0	0	0	0	643
Harej	2727	76	0	133	46	7	38	21	2	0	9	3059
Harold Oxley	0	0	0	2	0	0	0	0	0	0	0	2
Harro5	4810	33	0	72	4	0	168	10	0	0	0	5097
Harryboyles	2379	2	0	10	1	0	4	1	0	0	0	2397
Hashar	19	0	0	0	0	0	0	0	0	0	0	19
Hatricide	0	0	0	1	0	0	0	0	0	0	0	1
Haukurth	1198	68	0	15	34	0	78	13	0	0	3	1409
Hawstom	3	0	0	5	1	0	6	1	0	0	0	16
Hbdragon88	671	7	0	7	1	2	1	0	0	0	0	689
Hcheney	20	0	0	0	0	0	15	0	0	0	0	35
Hdt83	25	1	0	9	2	0	76	2	0	0	1	116
Heah	782	14	0	17	6	0	92	9	0	0	0	920
Heimstern	447	19	0	98	8	7	931	38	7	0	0	1555
Hemanshu	447	5	0	0	0	0	5	0	0	0	0	457
Hemlock Martinis	817	44	0	28	2	5	84	8	0	0	0	988
Henrik	486	30	0	38	13	5	190	23	1	0	4	790
Henry Flower	125	3	0	18	10	0	213	8	0	0	0	377
Henrygb	1491	36	0	6	3	0	21	0	0	0	0	1557
Hephaestos	1	2	0	3	2	0	0	0	0	0	0	8
Herbythyme	3022	11	0	45	2	6	515	25	7	0	1	3634
HereToHelp	140	5	0	39	11	3	17	3	0	0	0	218
Hermione1980	501	4	0	4	3	1	11	2	0	0	0	526
Hernando Magallanes	0	0	0	4	0	0	0	0	0	0	0	4
Heron	24	2	0	0	0	0	54	4	0	0	0	84
Herostratus	5268	77	0	14	4	0	65	5	0	0	0	5433
Hersfold	3265	67	0	991	20	361	1177	217	142	0	47	6287
Hesperian	2273	201	0	95	16	4	356	55	1	0	0	3001
Hiberniantears	933	8	0	65	3	22	1020	23	8	0	2	2084
Hiding	1868	134	0	35	25	1	52	14	0	0	4	2133
Hit bull, win steak	167	5	0	2	0	0	32	0	1	0	0	207
Hmhur	0	0	0	1	0	0	0	0	0	0	0	1
Hmwith	5442	52	3	37	2	1	69	4	3	0	1	5614
Hoary	437	15	0	77	5	7	239	8	2	0	0	790
Horologium	517	3	0	122	4	31	78	2	6	0	1	764
HorsePunchKid	189	0	0	0	0	0	0	0	0	0	0	189
HowDumbAreYou	0	0	0	1	0	0	0	0	0	0	0	1
Howcheng	18985	179	3	68	101	1	75	11	0	0	1	19424
Hu12	1454	54	0	364	14	3	1036	37	1	0	2	2965
Humblefool	596	11	0	3	2	0	4	2	0	0	0	618
Humus sapiens	73	2	0	64	4	0	124	12	0	0	0	279
Huntster	456	26	0	27	4	2	28	0	0	0	0	543
Hurricanehink	214	2	0	0	0	0	7	0	0	0	0	223
Husnock	59	1	0	22	8	0	27	9	0	0	0	126
Husond	1241	11	0	422	39	22	1139	39	0	0	1	2914
Hut 8.5	5822	57	0	628	17	37	1159	17	4	0	19	7760
Hyacinth	697	12	0	0	1	0	6	1	0	0	0	717
IMatthew	0	0	0	1	0	0	0	0	0	0	0	1
Ian Dalziel	0	0	0	1	0	0	0	0	0	0	0	1
Ian13	1926	51	0	30	8	2	65	21	0	0	0	2103
IanManka	1212	236	0	73	11	7	225	26	2	0	0	1792
Ianblair23	132	39	0	1	2	0	0	0	0	0	0	174
Icairns	262	7	0	1	1	0	3903	65	1	0	0	4240
Ice Cold Beer	1457	11	0	10	3	2	320	11	6	0	0	1820
IceKarma	1743	8	0	2	2	0	0	1	0	0	0	1756
Icestorm815	1542	29	0	93	7	24	403	11	19	0	5	2133
Icewedge	656	5	0	4	0	1	147	1	4	0	3	821
Idont Havaname	159	5	0	3	2	0	48	0	0	0	0	217
Ihcoyc	273	4	0	22	0	0	1	0	0	0	0	300
Ike9898	303	3	0	5	1	1	30	3	0	0	0	346
Ikiroid	62	5	0	6	0	0	20	1	0	0	0	94
Ilmari Karonen	1080	641	0	32	2	1	210	32	0	0	1	1999
Ilyanep	153	2	0	6	2	0	32	7	0	15	18	235
Improv	1233	9	0	188	11	0	79	15	0	0	0	1535
Imran	1	0	0	0	0	0	1	0	0	0	0	2
InShaneee	3951	20	0	91	5	0	528	56	0	0	0	4651
Infrogmation	4674	80	0	132	8	3	6033	116	9	2	1	11058
Inter	649	4	0	6	1	0	181	10	0	0	0	851
Interiot	1319	23	0	14	8	0	11	1	0	0	0	1376
Ioeth	2633	53	0	124	30	15	1570	40	6	0	12	4483
Iridescent	3376	81	0	124	10	37	839	44	8	0	8	4527
Irina Spalko	0	0	0	1	0	0	0	0	0	0	0	1
Irishguy	11708	25	0	107	3	0	1413	14	0	0	0	13270
IronGargoyle	3554	247	0	59	21	6	128	2	0	0	0	4017
Ish ishwar	46	3	0	1	0	0	11	1	0	0	0	62
Islander	678	22	0	109	1	6	79	5	1	0	4	905
Isomorphic	213	0	0	1	0	0	14	1	0	0	0	229
Isotope23	2009	23	0	124	33	10	490	59	0	0	0	2748
It Is Me Here	225	3	0	12	2	0	8	3	1	0	3	257
Ixfd64	3603	98	0	74	315	6	1340	3741	11	0	4	9192
Izehar	148	3	0	18	21	0	89	20	0	0	0	299
J Di	1548	57	0	75	32	0	581	44	0	0	0	2337
J Greb	1731	69	0	102	2	16	37	2	1	0	0	1960
J Milburn	7953	126	0	52	7	21	83	0	0	0	9	8251
J-stan	178	7	0	7	3	4	76	6	0	0	24	305
J.J.	1	2	0	0	0	0	1	0	0	0	0	4
J.delanoy	8420	257	0	765	32	234	15607	245	816	0	82	26458
J.smith	1172	48	0	27	7	2	240	42	0	0	0	1538
JCarriker	122	29	0	9	4	0	61	13	0	0	0	238
JDoorjam	1760	44	0	100	18	3	121	21	0	0	0	2067
JForget	6489	96	0	452	506	177	1602	13	13	0	0	9348
JGHowes	281	17	0	29	0	2	84	1	5	0	0	419
JHunterJ	1053	101	0	11	2	3	13	2	0	0	0	1185
JIP	7204	69	0	25	4	1	148	3	0	0	0	7454
JLaTondre	14017	69	0	33	4	0	1293	15	0	0	0	15431
JPD	622	5	0	2	2	0	19	1	0	0	0	651
JPG-GR	6815	70	0	14	2	0	18	0	0	0	0	6919
JRM	174	9	0	11	17	0	15	28	0	0	0	254
JWSchmidt	43	2	0	13	5	0	58	1	0	0	1	123
JYolkowski	2375	20	0	11	27	0	139	9	1	0	0	2582
JaGa	0	0	0	1	0	0	0	0	0	0	0	1
Jac16888	15760	59	0	59	3	8	218	13	86	0	2	16208
Jacoplane	325	33	0	92	47	3	159	11	0	0	0	670
Jafeluv	711	51	0	4	1	0	4	0	0	0	0	771
Jake Nelson	21	1	0	0	0	0	1	0	0	0	0	23
Jake Wartenberg	1970	92	0	106	9	10	483	31	30	0	52	2783
James086	4107	26	0	17	1	2	343	12	0	0	1	4509
JamesR	1090	8	0	42	4	10	104	10	1	0	3	1272
JamesTeterenko	222	2	0	27	18	0	160	4	0	0	0	433
Jamesday	6	7	0	2	0	0	6	1	0	0	0	22
JamieS93	6657	54	0	81	13	21	96	1	5	0	27	6955
Jaranda	17921	149	0	323	98	2	1208	229	0	0	0	19930
Jarry1250	635	10	0	11	1	2	29	1	3	0	3	695
Jasonbres	0	0	0	1	0	0	0	0	0	0	0	1
Jauerback	1253	8	0	55	8	7	800	56	7	0	4	2198
Jaxl	1604	10	0	3	1	0	36	0	0	0	0	1654
Jay	18	8	0	0	0	0	0	0	0	0	0	26
Jayjg	1204	158	3	425	68	1	1985	228	1	0	0	4073
Jayron32	1494	26	0	311	9	36	1593	215	75	0	19	3778
Jbmurray	87	8	0	7	6	0	18	1	0	0	0	127
Jc37	1453	101	0	41	9	9	60	7	1	0	1	1682
Jclemens	12007	99	0	190	2	1	631	3	26	0	8	12967
Jcw69	67	1	0	0	0	0	108	3	0	0	0	179
Jdavidb	81	0	0	13	2	0	48	2	0	0	0	146
Jdforrester	389	53	0	23	7	0	48	12	0	0	0	532
JeLuF	146	3	0	2	0	0	2	1	0	0	4	158
Jedi6	14	0	0	2	3	0	10	1	0	0	0	30
Jeepday	523	9	0	16	1	0	564	8	5	0	0	1126
Jeffrey O. Gustafson	14386	197	0	469	28	37	727	107	0	0	1	15952
Jehochman	148	23	0	95	12	12	501	86	10	0	1	888
Jengod	126	0	0	7	0	0	0	0	0	0	0	133
Jennavecia	4317	517	0	284	29	58	438	49	1	0	13	5706
JeremyA	2100	16	0	37	16	0	267	14	0	0	0	2450
Jerry	3516	200	0	99	14	1	73	10	0	0	3	3916
Jersey Devil	555	10	0	28	6	2	190	18	0	0	0	809
Jersyko	578	1	0	52	10	5	116	6	0	0	0	768
Jerzy	297	158	0	4	0	0	111	5	3	0	0	578
Jesse Viviano	1715	70	0	11	5	2	348	57	7	0	0	2215
JesseW	29055	126	0	37	8	0	78	21	0	0	1	29326
Jfdwolff	442	40	0	104	16	8	267	19	0	0	0	896
Jiang	371	18	0	17	5	0	89	3	0	0	0	503
Jimbo Wales	299	16	0	42	13	3	79	41	0	0	9	502
Jimfbleak	31496	132	0	773	32	4	1443	234	1	0	0	34115
Jimregan	3	0	0	0	0	0	0	0	0	0	0	3
Jimtinman3909	0	0	0	1	0	0	0	0	0	0	0	1
Jingiby	0	0	0	1	0	0	0	0	0	0	0	1
Jinian	1839	5	0	9	3	0	0	0	0	0	0	1856
Jitse Niesen	627	24	0	14	9	2	35	4	0	0	0	715
Jj137	5100	59	0	286	30	49	876	20	0	0	33	6453
Jkelly	3628	61	0	35	17	0	188	12	0	0	0	3941
Jmabel	172	33	0	7	7	0	127	5	0	0	0	351
Jmlk17	11140	72	0	942	48	79	2032	52	0	0	0	14365
Jnc	1906	158	0	114	34	0	46	20	0	0	0	2278
Jni	19112	26	0	24	4	0	199	2	0	0	0	19367
Jnothman	62	1	0	1	0	0	1	1	0	0	0	66
JoJan	6511	33	0	117	2	6	1280	9	1	0	0	7959
JoanneB	1180	48	0	51	22	0	816	105	0	0	0	2222
JodyB	1848	38	0	21	4	4	305	22	0	0	0	2242
Joe Beaudoin Jr.	544	1	0	17	3	0	68	2	0	0	0	635
Joelr31	661	12	0	9	8	0	83	1	0	0	0	774
Jogers	91	0	0	0	0	0	0	0	0	0	0	91
Johan Elisson	352	14	0	11	4	0	42	5	0	0	0	428
Johann Wolfgang	58	2	0	2	1	0	58	1	0	0	0	122
John	2594	19	0	96	4	6	1230	25	1	0	0	3975
John Carter	332	3	0	22	2	2	43	4	18	0	3	429
John Kenney	190	33	0	4	3	0	8	4	0	0	0	242
John Reaves	11925	176	0	418	161	42	2262	228	1	0	49	15262
John Vandenberg	900	195	106	93	17	24	150	35	2	0	18	1540
JohnCD	3133	32	0	14	0	2	280	0	13	0	0	3474
JohnOwens	6	0	0	0	1	0	0	0	0	0	0	7
Johnleemk	1751	20	0	6	3	0	240	20	0	0	0	2040
Johntex	131	28	0	27	4	1	180	11	0	0	0	382
Joke137	15	0	0	1	1	0	29	3	0	0	0	49
Jon513	1325	20	0	3	0	0	43	1	0	0	2	1394
JonMoore	39	1	0	2	2	0	0	0	0	0	0	44
Jonathunder	137	13	0	8	1	0	65	3	0	0	0	227
Jondel	243	1	0	32	8	0	72	1	0	0	0	357
Jonny-mt	1027	40	0	67	5	10	217	15	0	0	8	1389
Joolz	244	3	0	0	1	0	0	1	0	0	0	249
Josephjames21	0	0	0	1	0	0	0	0	0	0	0	1
Josh Grosse	38	2	0	0	0	0	0	0	0	0	0	40
Joshbuddy	22	0	0	0	0	0	5	0	0	0	0	27
JoshuaZ	597	51	0	102	13	0	627	71	0	0	0	1461
Josiah Rowe	110	25	0	76	10	0	335	19	0	0	0	575
Jossi	760	34	0	356	95	28	2058	77	2	0	1	3411
Journalist	404	7	0	53	20	9	125	14	0	0	4	636
Joy	285	101	0	19	7	0	4	0	0	0	0	416
Joyous!	8434	13	0	133	50	0	451	18	0	0	0	9099
Jpgordon	973	22	1	201	17	10	3086	301	63	0	2	4676
Jrdioko	429	0	0	0	0	0	18	0	0	0	0	447
Jredmond	583	12	0	37	4	1	203	10	19	0	1	870
Jreferee	1375	49	0	144	6	27	36	4	0	0	0	1641
Jtdirl	112	30	0	118	44	0	432	29	0	0	0	765
Jtkiefer	870	100	0	53	15	0	403	85	0	0	0	1526
Judas Preist is effin awsome	0	0	0	2	0	0	0	0	0	0	0	2
Juliancolton	16729	285	0	625	35	218	2841	47	35	0	381	21196
Jusjih	1423	88	0	9	1	1	5	0	0	0	0	1527
Justinc	520	2	0	0	0	0	0	0	0	0	0	522
Jwrosenzweig	40	0	0	1	0	0	7	0	0	0	1	49
JzG	10196	258	0	645	36	20	1381	90	6	0	0	12632
Jza84	340	0	0	61	1	5	147	6	1	0	6	567
Jéské Couriano	549	121	0	763	62	125	1035	112	77	0	4	2848
K1Bond007	354	8	0	3	3	0	37	4	0	0	0	409
KF	511	16	0	2	0	0	1	0	0	0	0	530
KFP	742	117	0	14	4	1	65	10	0	0	0	953
Kafziel	1999	32	0	210	23	23	1441	60	11	0	8	3807
Kaihsu	338	27	0	11	6	0	128	15	0	0	0	525
Kaiser matias	17	3	0	4	0	0	16	0	0	0	0	40
Kaisershatner	70	0	0	14	3	2	480	16	0	0	0	585
Kakofonous	66	3	0	5	1	0	4	1	0	0	1	81
Kaldari	265	28	0	67	18	12	72	11	3	0	0	476
Kane5187	241	6	0	1	0	0	1	0	0	0	0	249
Kanonkas	613	27	0	81	12	55	1275	66	503	0	19	2651
Karada	625	16	0	48	8	1	561	23	1	0	0	1283
Karanacs	698	12	0	13	0	2	13	0	2	0	5	745
Karl Dickman	2771	41	0	9	8	0	33	10	0	0	0	2872
Karmafist	165	35	0	15	5	0	160	21	0	0	0	401
Katefan0	841	20	0	212	128	0	351	52	0	0	0	1604
Kateshortforbob	450	3	0	9	2	0	28	3	1	0	2	498
Kathryn NicDhàna	59	0	0	11	1	0	7	1	0	0	0	79
Kbdank71	22379	57	0	43	2	0	357	13	7	0	1	22859
Kbh3rd	112	10	0	23	0	1	1157	47	12	0	0	1362
Kbthompson	142	26	0	25	1	1	128	2	0	0	2	327
Kcordina	1220	41	0	9	0	0	168	7	0	0	0	1445
Keegan	3820	137	39	93	20	11	260	35	6	0	16	4437
Keenan Pepper	297	1	0	3	0	0	11	0	0	0	0	312
Keeper76	3086	78	0	67	12	10	89	14	0	0	22	3378
Keilana	1635	51	0	72	12	9	615	19	0	0	11	2424
Keith D	1081	562	0	128	0	9	52	1	0	0	1	1834
Kelly Martin	736	56	0	27	11	0	413	60	0	0	0	1303
Khaosworks	330	12	0	10	4	0	162	80	0	0	0	598
Khendon	3	0	0	1	2	0	0	0	0	0	0	6
Khoikhoi	1198	298	0	594	223	11	1758	143	3	0	1	4229
Khukri	1056	12	0	60	7	2	444	14	1	0	0	1596
Khym Chanur	0	0	0	6	0	0	0	0	0	0	0	6
Kicking222	529	1	0	0	0	0	0	0	0	0	0	530
KieferSkunk	725	11	0	3	0	3	15	3	0	0	0	760
KillerChihuahua	1237	37	0	109	12	11	403	30	8	0	0	1847
Killervogel5	6	0	0	0	0	0	3	0	0	0	0	9
Killiondude	2433	39	0	37	3	15	145	0	12	0	13	2697
Kilo-Lima	1207	2	0	36	9	0	668	69	0	0	0	1991
Kim Bruning	49	5	0	11	3	0	33	14	0	0	0	115
Kim Dent-Brown	284	1	0	17	2	0	3	1	0	0	0	308
Kimchi.sg	43255	715	0	538	118	20	2185	211	21	0	0	47063
KimvdLinde	890	55	0	61	19	1	47	7	1	0	0	1081
King of Hearts	5570	168	0	462	80	35	1741	551	14	0	14	8635
Kingboyk	3143	316	0	103	12	0	214	24	0	0	2	3814
Kingturtle	745	26	0	172	14	28	338	10	7	1489	77	2906
Kinu	7585	43	0	468	20	9	812	62	15	0	0	9014
Kirill Lokshin	1847	50	0	22	2	5	161	15	0	0	1	2103
Kizor	60	252	0	9	8	2	25	3	0	0	0	359
Kjkolb	515	14	0	1	1	0	138	8	0	0	0	677
Kmccoy	201	5	0	23	3	4	44	9	5	0	4	298
KnightLago	1040	54	0	204	16	34	848	91	8	0	1	2296
Knowledge Seeker	115	32	0	19	19	0	110	75	0	0	0	370
KnowledgeOfSelf	1671	27	0	261	27	17	5512	114	0	0	0	7629
Konstable	1080	91	0	97	25	0	435	135	0	0	0	1863
Kosebamse	335	0	0	1	0	0	10	0	0	0	0	346
Kotra	25	1	0	2	0	0	2	0	0	0	0	30
Kpjas	121	0	0	2	0	0	1	0	0	0	0	124
KrakatoaKatie	3346	70	0	99	5	17	318	16	0	0	3	3874
Kralizec!	845	98	0	716	202	88	3516	43	37	0	14	5559
Ktsquare	11	0	0	0	0	0	0	1	0	0	0	12
Kubigula	8177	39	0	116	9	1	566	19	2	0	0	8929
Kukini	920	11	0	50	2	2	3481	4	2	0	0	4472
Kungfuadam	16119	264	0	186	39	0	2569	245	0	0	0	19422
Kurt Shaped Box	2065	18	0	133	6	33	1637	20	12	0	0	3924
Kuru	1917	5	0	267	10	7	4002	63	75	0	10	6356
Kurykh	6192	108	0	184	19	42	600	72	4	0	4	7225
Kusma	11424	101	0	172	36	10	955	31	6	0	8	12743
Kwamikagami	760	31	0	127	9	19	237	16	12	0	0	1211
Kwsn	1720	13	0	47	4	17	220	32	0	0	0	2053
Kyle Barbour	477	115	0	2	0	0	46	11	0	0	0	651
Kylu	1427	44	0	191	12	25	246	26	0	0	35	2006
Kyorosuke	1014	46	0	43	23	0	162	47	0	0	0	1335
Kzollman	125	34	0	1	0	0	2	1	0	0	0	163
L'Aquatique	667	10	0	21	3	13	46	8	0	0	3	771
LAX	219	3	0	3	4	1	95	1	0	0	4	330
LFaraone	289	7	0	12	2	2	7	0	0	0	2	321
La goutte de pluie	591	30	0	32	17	2	184	37	0	0	0	893
Lachatdelarue	237	7	0	0	1	0	6	1	0	0	0	252
Lacrimosus	222	3	0	16	1	0	44	1	0	0	0	287
LadyofShalott	1564	14	0	27	4	1	84	6	1	0	2	1703
Lankiveil	1030	29	0	18	0	5	145	3	14	0	1	1245
Lar	929	64	1	113	29	12	567	43	2	0	12	1772
Larry V	272	11	0	1	1	0	2	0	0	0	0	287
Laser brain	165	1	0	2	0	0	5	2	0	0	0	175
Laurascudder	848	4	0	3	2	0	9	1	0	0	0	867
Law	361	20	0	15	2	1	205	6	5	0	1	616
Lazulilasher	211	9	0	16	4	5	59	1	2	0	2	309
LeaveSleaves	0	0	0	6	0	0	0	0	0	0	0	6
Lectonar	16108	67	0	203	148	84	391	9	9	0	0	17019
Leebo	547	11	0	16	0	0	128	7	0	0	0	709
Leinad	4	0	1	0	0	0	0	0	0	0	0	5
Leithp	367	22	0	6	1	0	329	12	0	0	0	737
Lenticel	227	5	0	1	0	0	0	0	0	0	0	233
LessHeard vanU	559	57	0	291	12	29	2794	81	36	0	0	3859
Lethe	35	13	0	3	2	0	34	16	0	0	0	103
Lexi Marie	605	28	0	41	25	0	157	52	0	0	0	908
Lexicon	167	23	0	10	3	1	57	5	0	0	0	266
Lexor	40	0	0	0	0	0	0	0	0	0	0	40
Lid	2441	11	0	17	0	0	49	0	0	0	0	2518
Lifebaka	2782	158	0	44	11	10	155	12	8	0	2	3182
Lightdarkness	1528	18	0	5	3	0	183	19	0	0	0	1756
Ligulem	4947	12	0	749	660	0	150	6	0	0	0	6524
LinguistAtLarge	175	2	0	1	0	0	0	0	0	0	2	180
Linuxbeak	339	5	0	64	17	0	389	34	0	20	15	883
Lipinki	0	0	0	2	0	0	0	0	0	0	0	2
LiquidGhoul	27	1	0	1	0	0	0	0	0	0	0	29
LittleDan	34	1	0	1	2	0	4	0	0	0	0	42
Llywrch	163	15	0	18	6	1	27	8	0	0	0	238
Lommer	737	2	0	1	2	0	1	0	0	0	0	743
Lomn	9	0	0	1	1	0	8	0	0	0	0	19
Longhair	5717	10	0	124	38	3	1680	41	1	0	4	7618
Lord Emsworth	2	0	0	0	0	0	0	0	0	0	0	2
Lord Voldemort	182	1	0	9	26	0	4	4	0	0	0	226
LordAmeth	52	1	0	0	0	0	0	0	0	0	0	53
Loren36	76	1	0	12	4	1	302	20	0	0	0	416
Lostintherush	792	7	0	27	6	2	112	6	0	0	0	952
LouI	35	1	0	0	0	0	0	0	0	0	0	36
Lowellian	258	73	0	5	1	0	0	0	0	0	0	337
Lquilter	22	1	0	0	0	0	6	0	0	0	0	29
Lradrama	181	2	0	0	0	0	201	15	0	0	1	400
Lucky 6.9	27946	129	0	766	50	0	1919	248	0	0	0	31058
Ludraman	16	3	0	2	2	0	4	0	0	0	0	27
Luigi30	3280	15	0	52	2	0	152	5	0	0	0	3506
Luis Hernández García	0	0	0	2	0	0	0	0	0	0	0	2
Luk	22417	218	0	622	26	126	3991	344	128	0	18	27890
Luna Santin	6256	102	11	1818	160	122	12628	1035	109	0	15	22256
Lupin	642	1	0	5	3	0	126	8	0	0	0	785
Lupo	1911	15	0	9	0	0	398	21	0	0	0	2354
Lyrl	257	1	0	0	1	0	5	0	0	0	0	264
M7	0	0	0	0	0	0	0	0	1	0	0	1
MBK004	724	15	0	142	4	20	335	17	11	0	20	1288
MBisanz	57020	667	0	521	19	82	1361	89	20	1812	370	61961
MBoarSidwell	0	0	0	1	0	0	0	0	0	0	0	1
MC MasterChef	103	0	0	0	0	0	35	4	0	0	0	142
MCB	1166	17	0	33	4	3	422	17	1	0	0	1663
MECU	5336	21	0	2	0	1	7	0	0	0	0	5367
MER-C	0	0	0	15	0	0	0	0	0	0	0	15
MGodwin	3	0	0	0	0	0	0	0	0	0	0	3
MJCdetroit	104	6	0	28	3	11	5	0	0	0	0	157
MLauba	289	66	0	5	1	0	3	1	0	0	0	365
MONGO	3035	27	0	116	35	0	396	39	0	0	0	3648
MPF	441	9	0	7	0	0	17	0	0	0	0	474
MPUploadBot	50	7	0	52	0	3	0	0	0	0	0	112
MSGJ	1181	138	0	91	41	27	58	1	5	0	23	1565
MZMcBride	805730	585	0	7291	950	422	168	118	188	0	2	815454
MacGyverMagic	5629	110	0	195	106	3	281	33	0	0	0	6357
Mackensen	2517	107	0	71	7	1	1581	237	0	0	0	4521
Mackeriv	96	1	0	3	0	0	14	3	0	0	0	117
Madchester	514	15	0	102	18	4	242	10	0	0	0	905
Madman	873	61	0	24	5	4	140	16	3	0	0	1126
Maedin	262	205	0	2	2	0	8	1	1	0	3	484
Magioladitis	2378	18	0	27	2	4	61	3	2	0	0	2495
Magnus Manske	889	4	0	1	1	0	14	0	0	0	0	909
Mahanga	891	10	0	9	1	3	61	3	0	0	0	978
Mailer diablo	49319	245	22	157	15	2	248	14	2	0	1	50025
Mairi	759	5	0	3	2	0	5	0	0	0	0	774
Majorly	15244	506	0	548	104	7	660	39	0	0	10	17118
Makemi	4809	53	0	79	13	0	378	25	0	0	0	5357
Malcolm	1284	63	0	47	17	2	274	19	0	0	0	1706
Malcolm Farmer	776	3	0	0	0	0	24	1	0	0	0	804
Malcolmxl5	6060	40	0	212	6	13	35	1	3	0	2	6372
Malik Shabazz	1447	7	0	2	0	1	11	1	0	0	0	1469
Malinaccier	728	4	0	245	20	62	670	15	9	0	267	2020
Mallanox	1860	19	0	2	1	0	5	0	0	0	0	1887
Malo	3612	20	0	113	8	1	2248	246	0	0	0	6248
Mangojuice	4269	82	0	108	12	8	846	342	62	0	31	5760
Manning Bartlett	1403	12	0	8	1	10	31	5	1	0	3	1474
Marasmusine	4448	33	0	42	4	0	256	4	0	0	0	4787
Mardetanha	0	0	0	0	0	0	2	1	0	0	0	3
Marianocecowski	242	8	0	0	3	0	32	0	0	0	0	285
Marine 69-71	256	5	0	67	27	0	121	35	0	0	1	512
Mark	454	84	0	120	26	8	158	37	3	0	0	890
Mark Dingemanse	293	0	0	1	3	0	45	3	0	0	0	345
Mark Richards	0	0	0	0	0	0	0	5	0	0	0	5
Mark83	368	10	0	1	2	0	3	0	0	0	0	384
MarkGallagher	1932	27	0	81	61	0	116	26	0	0	0	2243
MarkSweep	1945	23	0	105	5	0	1133	41	0	0	0	3252
Markles	65	8	0	46	3	10	1	0	0	0	0	133
Marshman	25	0	0	0	0	0	30	2	0	0	0	57
Marskell	40	2	0	32	16	3	25	0	0	0	0	118
Martijn Hoekstra	1160	14	0	4	1	0	121	4	1	0	2	1307
MartinHarper	14	0	0	0	1	0	0	0	0	0	0	15
Martinp23	1387	89	0	228	31	4	359	71	2	0	4	2175
Martyman	131	2	0	2	0	0	35	1	0	0	0	171
Marudubshinki	4852	55	0	28	14	0	448	30	0	0	0	5427
Marumari	0	0	0	0	0	1	8	0	0	0	0	9
Masamage	841	16	0	16	2	3	19	1	0	0	0	898
Masem	91	13	0	9	0	2	13	0	0	0	0	128
MastCell	5578	71	0	509	23	50	985	77	3	0	1	7297
Master Jay	196	8	0	82	7	1	303	36	0	0	0	633
Master Thief Garrett	1144	6	0	7	1	0	12	2	0	0	0	1172
Master of Puppets	2544	68	0	278	32	55	988	35	13	0	10	4023
Materialscientist	1405	6	0	161	3	18	1296	4	70	0	0	2963
Matilda	221	20	0	33	15	1	231	10	0	0	0	531
Matt Britt	5	2	0	2	0	0	1	0	0	0	0	10
Matt Crypto	132	22	0	38	22	0	174	18	0	0	0	406
Mattbr	2551	66	0	4	0	0	9	0	0	0	0	2630
Mattgirling	101	0	0	0	0	0	9	1	1	0	0	112
MatthewUND	53	1	0	0	0	0	5	0	0	0	0	59
Matthewedwards	2126	89	0	30	8	1	26	3	0	0	0	2283
Mattinbgn	1116	39	0	43	3	9	81	2	0	0	0	1293
Mattyb420	0	0	0	2	0	0	0	0	0	0	0	2
Maunus	1	0	0	7	0	1	3	0	0	0	0	12
Maury Markowitz	154	19	0	0	0	1	47	5	0	0	0	226
Mav	505	12	0	125	2	1	18	7	0	0	0	670
MaxSem	4846	23	0	167	25	7	343	96	3	0	14	5524
Maxim	106756	925	0	2479	276	563	2484	137	84	0	200	113904
Maxim's JS test account	0	0	0	1	0	0	0	0	0	0	0	1
Maximus Rex	68	0	0	0	0	0	0	0	0	0	0	68
Mazca	1027	9	0	24	2	7	322	4	13	0	3	1411
Mbecker	0	0	0	1	3	0	3	1	0	0	0	8
Mdd4696	2234	8	0	31	8	0	89	4	0	0	0	2374
MediaWiki default	1310	0	0	0	0	0	0	0	0	0	0	1310
Meegs	8893	33	0	1	0	0	97	5	0	0	0	9029
Meelar	1264	7	0	2	1	0	121	1	0	0	0	1396
MegaHL90	0	0	0	1	0	0	0	0	0	0	0	1
Mel Etitis	3126	19	0	160	24	0	848	57	0	0	0	4234
Melburnian	123	2	0	6	1	0	30	0	0	0	0	162
Melchoir	1169	9	0	31	1	0	95	2	1	0	0	1308
Melesse	22102	56	0	3	0	0	1	0	0	0	0	22162
Menchi	23	2	0	0	0	0	0	0	0	0	0	25
Meno25	527	32	0	3	1	1	7	3	1	0	16	591
Mentifisto	5487	21	0	35	0	8	6762	15	75	0	67	12470
Mercury	314	93	0	82	34	25	137	62	0	0	0	747
Merkinsmum	0	0	0	3	0	0	0	0	0	0	0	3
Merope	11766	60	0	56	6	0	834	15	0	0	0	12737
Merovingian	2013	100	0	32	14	0	275	21	0	0	28	2483
Merphant	1	2	0	0	0	0	0	0	0	0	0	3
Metalx97856	0	0	0	1	0	0	0	0	0	0	0	1
Metamagician3000	110	4	0	11	4	0	28	5	0	0	0	162
Metropolitan90	2740	25	0	1	0	1	6	2	0	0	0	2775
Mets501	9380	98	0	207	38	0	293	22	0	0	0	10038
Mfield	896	17	0	148	6	32	651	10	24	0	1	1785
Miborovsky	46	3	0	19	13	0	30	5	0	0	0	116
Michael Greiner	853	14	0	10	7	0	12	1	5	0	0	902
Michael Hardy	300	74	0	1	0	0	17	5	1	0	0	398
Michael Snow	875	106	0	22	164	1	54	68	1	0	0	1291
MichaelBillington	507	8	0	6	0	0	4567	70	0	0	2	5160
Michaelas10	363	22	0	80	8	1	61	8	0	0	0	543
Midom	0	0	0	0	0	0	1	0	0	0	0	1
Mifter	1731	6	0	114	4	6	348	1	27	0	30	2267
Mikaey	1099	1115	0	11	1	2	73	0	1	0	2	2304
Mike 7	1263	16	0	39	3	0	285	6	0	0	0	1612
Mike Halterman	149	9	0	13	9	1	64	10	0	0	0	255
Mike Peel	3029	20	0	4	4	0	4	0	1	0	0	3062
Mike Rosoft	14594	409	0	429	47	19	2306	390	11	0	0	18205
Mike Selinker	2018	15	0	11	4	0	17	1	0	0	0	2066
Mike.lifeguard	2	0	0	0	0	0	0	1	0	0	0	3
Mikeblas	128	1	0	0	0	0	0	0	0	0	0	129
MilborneOne	372	0	0	6	4	0	15	0	0	0	0	397
Mindmatrix	2333	26	0	26	2	0	48	1	1	0	1	2438
Mindspillage	2299	75	0	53	27	2	92	46	0	0	0	2594
Minesweeper	13	2	0	0	0	0	1	0	0	0	0	16
Mirv	1146	28	0	38	37	0	40	46	0	0	1	1336
MisfitToys	79	8	0	0	0	0	0	0	0	0	0	87
Misza13	223396	280	0	284	22	2	4609	271	0	0	6	228870
Mitchazenia	123	4	0	2	1	0	16	2	0	0	0	148
Mjroots	56	1	0	18	1	4	48	3	5	0	0	136
Mkmcconn	20	0	0	3	3	0	0	0	0	0	0	26
Mkweise	30	2	0	0	1	0	1	0	0	0	0	34
Mlaffs	105	0	0	1	0	0	0	0	0	0	0	106
Mo0	3125	23	0	14	3	0	229	21	1	0	0	3416
MoRsE	57	3	0	0	0	0	25	1	0	0	0	86
Modemac	14	0	0	3	5	0	6	1	0	0	0	29
Moink	304	3	0	2	0	0	7	7	0	0	0	323
Molikroth	0	0	0	1	0	0	0	0	0	0	0	1
Moncrief	99	1	0	4	3	0	40	1	0	0	0	148
Moni3	41	3	0	67	1	20	27	0	2	0	0	161
Montrealais	22	1	0	0	0	0	0	0	0	0	0	23
Moondyne	1958	55	0	58	14	2	299	38	0	0	0	2424
Moonriddengirl	8902	1330	0	229	24	14	344	20	14	0	0	10877
Moreschi	1044	26	0	198	11	41	887	81	9	0	20	2317
Moriori	3534	3	0	0	0	0	252	5	0	0	0	3794
Morven	814	26	0	7	1	0	224	54	1	0	0	1127
Morwen	615	14	0	6	1	0	84	8	0	0	0	728
Mr. Lefty	1550	10	0	62	6	0	614	31	1	0	0	2274
Mr.Z-man	19473	242	1	481	50	285	1636	182	25	0	26	22401
MrDarcy	222	5	0	36	7	0	143	12	0	0	0	425
MrKIA11	3205	15	0	0	0	0	3	1	1	0	0	3225
Mtmelendez	1041	5	0	11	0	0	2	0	0	0	0	1059
MuZemike	1628	55	0	62	0	9	1095	37	81	0	5	2972
Mufka	2055	9	0	55	1	6	611	1	21	0	0	2759
Mulad	43	6	0	0	0	0	0	0	0	0	0	49
Mushroom	21984	184	0	34	9	3	445	90	0	0	0	22749
Musical Linguist	324	149	0	109	24	0	900	71	0	0	0	1577
Mustafaa	131	1	0	0	3	0	10	1	0	0	0	146
MykReeve	2	0	0	0	0	0	0	0	0	0	0	2
Myleslong	22	29	0	6	3	0	28	8	0	0	0	96
Mysekurity	728	14	0	40	21	0	81	2	0	0	0	886
Mysid	2493	2	0	2	1	0	14	5	0	0	0	2517
Mzajac	148	4	0	8	2	1	46	4	0	0	0	213
NCurse	1616	11	0	1	1	0	34	0	0	0	0	1663
NJA	1882	33	0	176	6	37	1370	34	72	0	43	3653
NSLE	561	11	0	90	18	0	440	101	0	0	0	1221
Nabla	900	50	0	16	5	1	1	0	0	0	0	973
Nae'blis	844	53	0	28	2	0	15	2	0	0	0	944
Nagy	0	0	0	1	0	0	0	0	0	0	0	1
Nakon	35009	391	0	603	67	30	12813	6151	22	0	91	55177
Nancy	11814	84	0	359	19	12	850	13	12	0	7	13170
Nandesuka	694	29	0	96	16	2	383	27	1	0	0	1248
Nanfoodle	0	0	0	1	0	0	0	0	0	0	0	1
Nanobug	1	0	0	0	0	0	0	0	0	0	0	1
Nat	189	35	0	156	9	31	263	15	0	0	0	698
Natalie Erin	4503	23	0	69	3	0	988	27	0	0	0	5613
Natalya	325	13	0	36	7	3	109	39	0	0	0	532
NawlinWiki	166169	6741	0	8983	26	668	14761	467	388	0	6	198209
Necrothesp	374	11	0	1	0	1	107	8	0	0	0	502
Nehrams2020	4674	20	0	6	2	1	126	2	0	0	0	4831
Netsnipe	1161	60	0	605	91	10	3672	1757	12	0	1	7369
Neutrality	3906	32	0	48	10	0	175	58	0	0	0	4229
Nev1	319	16	0	43	3	21	195	3	6	0	0	606
Newyorkbrad	769	15	0	50	5	2	536	32	0	0	1	1410
Ngb	622	62	0	9	6	0	10	0	0	0	0	709
Nichalp	1191	70	0	50	16	4	72	9	0	979	163	2554
NicholasTurnbull	212	14	0	15	10	0	139	17	0	0	0	407
Nick	2893	130	0	245	23	20	671	67	9	0	2	4060
Nick-D	503	12	0	59	3	8	342	17	22	0	0	966
Nickptar	612	13	0	3	1	0	116	31	0	0	0	776
Nickshanks	54	1	0	3	0	0	0	0	0	0	0	58
Nicman911	0	0	0	2	0	0	0	0	0	0	0	2
Night Gyr	490	38	0	10	3	1	31	2	0	0	0	575
Nightmarishnight	0	0	0	1	0	0	0	0	0	0	0	1
Nightscream	24	8	0	65	6	4	143	2	6	0	0	258
Nightstallion	1769	128	0	71	7	0	29	2	0	0	0	2006
Nihiltres	12645	185	0	117	29	27	268	16	2	0	11	13300
Nihonjoe	6062	305	0	266	34	8	863	30	20	15	5	7608
Nikki311	440	2	0	25	1	2	44	1	0	0	1	516
Nilfanion	570	25	0	4	3	0	3	0	0	0	0	605
Nishkid64	7435	349	1	1518	641	130	7406	306	651	0	26	18463
Niteowlneils	4157	80	0	1	0	0	16	1	0	0	0	4255
Nixdorf	2	0	0	0	0	0	0	0	0	0	0	2
Nixeagle	10319	243	0	93	14	9	3324	84	26	0	2	14114
Nlu	1599	92	0	602	226	13	3542	220	0	0	0	6294
Nmajdan	218	5	0	7	7	4	63	2	0	0	0	306
No Guru	927	11	0	33	14	0	442	8	1	0	0	1436
NoSeptember	1593	47	0	24	25	1	122	61	0	0	45	1918
NodpiW	0	0	0	1	0	0	0	0	0	0	0	1
Nohat	265	38	0	39	33	0	62	5	0	0	0	442
Noldoaran	2	0	0	0	0	0	0	0	0	0	0	2
Notheruser	70	0	0	0	0	0	0	0	0	0	0	70
Nousernamesleft	198	7	0	5	2	3	2	1	0	0	3	221
NrDg	1619	123	0	279	19	28	846	27	44	0	4	2989
NuclearWarfare	8071	192	0	260	12	68	1724	52	84	0	81	10544
Nufy8	371	1	0	35	2	7	332	15	1	0	0	764
Number 57	6120	71	0	74	2	1	53	4	0	0	0	6325
Nunh-huh	454	29	0	27	3	1	319	12	3	0	1	849
Nv8200p	59584	181	0	26	3	0	108	3	0	0	0	59905
Nyttend	5207	183	0	42	1	0	177	2	3	0	0	5615
Oberiko	294	3	0	8	2	0	162	0	0	0	0	469
Obli	1047	6	0	28	5	0	99	7	0	0	0	1192
Ocatecir	1340	11	0	106	16	1	248	9	0	0	0	1731
Ocee	195	0	0	3	3	10	95	5	0	0	0	311
Od Mishehu	6482	193	0	176	25	26	341	59	107	0	4	7413
OhanaUnited	505	35	0	11	3	1	139	7	0	0	8	709
Ohnoitsjamie	4749	62	0	283	11	19	2526	50	27	0	0	7727
Okiefromokla	195	2	0	21	3	3	208	7	0	0	0	439
OlEnglish	43	3	0	1	2	0	15	0	0	0	0	64
OldakQuill	325	22	0	6	2	0	2	1	0	0	0	358
Oldboy212	0	0	0	1	0	0	0	0	0	0	0	1
Oldelpaso	667	12	0	19	10	0	36	1	0	0	2	747
Oldwindybear	2	0	0	0	0	0	2	1	0	0	0	5
Oleg Alexandrov	690	57	0	14	8	0	35	10	0	0	1	815
Olessi	142	6	0	0	0	0	14	1	0	0	0	163
Oliver Pereira	2	6	0	0	1	0	0	0	0	0	0	9
Olivier	193	8	0	7	1	0	24	0	0	0	0	233
Omegatron	308	90	0	27	12	0	15	0	0	0	0	452
One	974	103	0	117	18	1	143	28	1	0	0	1385
Opabinia regalis	1410	5	0	15	2	0	3	0	0	0	0	1435
Orangemike	22127	140	0	573	25	13	4839	42	44	0	0	27803
Orderinchaos	4675	140	0	91	18	8	233	36	2	0	1	5204
Oren0	179	7	0	26	6	7	37	8	3	0	4	277
Orioane	114	1	0	4	2	0	11	0	0	0	0	132
Orlady	93	11	0	19	3	6	26	0	1	0	0	159
Orphaned image deletion bot	115	0	0	0	0	0	0	0	0	0	0	115
Orphaned talkpage deletion bot	923	58	0	0	0	0	0	0	0	0	0	981
Oscarthecat	3300	21	0	248	5	0	310	7	2	0	0	3893
OverlordQ	588	4	0	14	1	0	411	86	33	0	0	1137
Owen	254	24	0	15	33	0	84	23	0	0	0	433
OwenX	2324	22	0	183	20	1	1252	82	3	0	8	3895
Oxymoron83	11019	98	0	410	11	64	5365	34	51	0	0	17052
PDH	9821	82	0	355	197	0	243	21	0	0	0	10719
PFHLai	3443	132	0	851	751	1	58	1	0	0	0	5237
PMDrive1061	23967	313	0	1306	27	37	4051	129	469	0	5	30304
PS2pcGAMER	2303	23	0	25	32	0	87	18	0	0	0	2488
PZFUN	93	3	0	6	2	0	14	6	0	0	0	124
Pablo-flores	920	2	0	16	6	2	180	2	0	0	0	1128
Paginazero	3	3	0	0	0	0	0	0	0	0	0	6
Pagrashtak	3190	13	0	3	2	0	10	1	0	0	0	3219
Pakaran	134	9	0	4	5	0	54	6	0	21	26	259
Pamri	707	1	0	0	4	0	0	0	0	0	0	712
Papa November	3172	47	0	24	6	13	234	13	1	0	0	3510
Parsecboy	2668	108	0	34	6	0	392	11	2	0	4	3225
Parthian Scribe	0	0	0	1	0	0	0	0	0	0	0	1
Pascal.Tesson	16227	95	0	85	2	1	799	20	0	0	2	17231
Pastor Theo	474	0	0	8	0	0	59	9	1	0	1	552
Pastordavid	1312	9	0	8	6	0	10	1	0	0	0	1346
Patar knight	256	6	0	3	0	0	8	1	2	0	0	276
Pathoschild	8349	149	1	151	33	1	2432	705	76	0	1	11898
Patrick	134	112	0	9	1	1	3	1	0	0	0	261
Pats1	517	61	0	143	8	16	390	7	6	0	0	1148
Paul A	91	18	0	0	0	0	0	0	0	0	0	109
Paul August	1115	9	0	8	1	3	123	3	0	0	0	1262
Paul Benjamin Austin	25	4	0	45	9	0	65	16	0	0	0	164
Paul Erik	1803	52	0	13	2	0	329	6	5	0	0	2210
Pax:Vobiscum	574	38	0	182	6	13	34	1	0	0	0	848
Paxse	7	0	0	0	0	0	4	1	0	0	0	12
Pb30	858	1	0	0	0	1	278	3	0	0	0	1141
Pcb21	101	43	0	3	6	0	1	1	0	0	0	155
PeaceNT	5087	175	0	105	10	8	298	9	0	0	0	5692
PedanticallySpeaking	41	8	0	2	0	0	0	0	0	0	0	51
Pedro	8855	42	0	93	14	11	789	14	7	0	269	10094
Pedro Paulo Vasconcellos	0	0	0	2	0	0	0	0	0	0	0	2
Pegship	191	2	0	1	0	0	1	0	0	0	0	195
Penader	0	0	0	1	0	0	0	0	0	0	0	1
Pending deletion script	1210	0	0	0	0	0	0	0	0	0	0	1210
Pengo	50	14	0	2	1	0	7	0	0	0	0	74
Penwhale	147	8	0	45	6	14	52	13	1	0	0	286
Pepsidrinka	993	33	0	34	19	0	395	34	0	0	0	1508
Perceval	29	0	0	5	4	0	19	0	0	0	0	57
Peripitus	8987	49	0	90	18	13	161	10	8	0	3	9339
Persian Poet Gal	2289	95	0	998	25	39	3214	141	10	0	1	6812
Peruvianllama	624	7	0	18	4	0	366	6	0	0	0	1025
Peteforsyth	18	6	0	5	2	3	11	2	3	0	0	50
Peter	3642	47	0	74	23	0	652	39	0	0	0	4477
PeterSymonds	5890	180	0	1082	354	377	2511	126	382	0	423	11325
Pgk	3711	73	0	556	54	0	4060	2204	0	0	0	10658
Phaedriel	3551	55	0	199	30	16	308	19	0	0	0	4178
Pharos	403	70	0	593	153	0	41	7	1	0	0	1268
Phil Bordelon	0	0	0	2	1	0	0	0	0	0	0	3
Phil Boswell	532	10	0	79	1	3	19	4	0	0	0	648
Phil Sandifer	676	138	0	80	58	8	280	69	0	0	0	1309
PhilKnight	23735	415	0	833	52	32	4647	189	137	0	27	30067
Philip Baird Shearer	414	76	0	82	16	21	15	2	0	0	0	626
Philippe	4124	51	0	351	33	44	1505	67	2	0	8	6185
Philosopher	1195	20	0	28	2	5	35	2	7	0	25	1319
Phils	15	1	0	0	0	0	26	2	0	0	0	44
Philwelch	933	44	0	28	7	0	72	14	0	0	0	1098
Phuntsok2000	0	0	0	2	0	0	0	0	0	0	0	2
Physchim62	1115	41	0	34	5	0	107	17	0	0	0	1319
Piazzajordan2	0	0	0	1	0	0	0	0	0	0	0	1
Picaroon	4039	61	0	55	12	5	461	27	0	0	1	4661
PierreAbbat	0	0	0	0	0	0	6	0	0	0	0	6
Pigman	1024	9	0	14	0	1	21	4	0	0	0	1073
Pilotguy	7231	64	0	294	29	1	2576	685	0	0	0	10880
PinchasC	119	18	0	48	14	1	188	6	0	0	0	394
Pinkville	1	0	0	6	0	0	2	0	0	0	0	9
Piotrus	619	178	0	19	8	2	80	17	0	0	0	923
Pjacobi	230	6	0	15	3	0	99	2	0	0	0	355
Plange	123	0	0	3	1	0	32	0	0	0	0	159
Plastikspork	4105	148	0	244	27	24	21	0	5	0	0	4574
Please try again.	0	0	0	1	0	0	0	0	0	0	0	1
Poeloq	22	1	0	0	0	0	52	2	0	0	4	81
Polaron	0	0	0	1	0	0	0	0	0	0	0	1
Pollinator	35	0	0	4	0	0	146	1	0	0	0	186
Poor Yorick	93	0	0	6	3	1	0	0	0	0	0	103
Postdlf	5682	84	0	120	5	3	729	9	3	0	0	6635
Pratyeka	1	2	0	0	0	0	0	0	0	0	0	3
Premeditated Chaos	1732	18	0	3	0	0	19	1	0	0	0	1773
PrimeHunter	68	8	0	3	2	0	0	0	0	0	1	82
ProcseeBot	0	0	0	0	0	0	91742	0	0	0	0	91742
Prodego	2131	268	0	147	102	69	1272	226	68	0	42	4325
ProhibitOnions	254	1	0	0	1	0	50	0	0	0	0	306
Prolog	1267	34	0	68	5	5	638	2	4	0	1	2024
Promethean	0	0	0	1	0	0	0	0	0	0	0	1
Proteus	117	0	0	2	0	0	11	10	0	0	0	140
Protonk	2731	1224	0	97	7	14	206	21	28	0	4	4332
ProveIt	4433	7	0	3	0	0	2	0	0	0	0	4445
Pschemp	2135	247	0	169	29	0	3321	319	0	0	0	6220
Psy guy	110	0	0	10	9	0	181	17	0	0	0	327
Qaz	75	0	0	0	0	0	0	0	0	0	0	75
Quadell	95659	301	0	51	16	3	120	11	1	0	0	96162
Quarl	7973	111	0	22	10	0	37	3	0	0	0	8156
Quell	0	0	0	1	0	0	0	0	0	0	0	1
Quercusrobur	15	2	0	3	2	0	8	0	0	0	0	30
Qwghlm	592	31	0	17	1	0	17	0	0	0	0	658
R'n'B	8623	195	0	20	5	0	5	0	0	0	0	8848
R-Con 9	0	0	0	1	0	0	0	0	0	0	0	1
R. Baley	8	3	0	26	1	11	78	6	0	0	1	134
R. fiend	2822	21	0	19	4	0	56	1	0	0	0	2923
R3m0t	1340	15	0	30	0	0	4	4	0	0	0	1393
RG2	3298	61	0	18	1	0	162	8	0	0	0	3548
RHaworth	44830	2936	0	2342	42	2	542	16	4	0	0	50714
RJFJR	35	2	0	0	0	0	1	0	0	0	0	38
RL0919	27	0	0	0	0	0	0	0	0	0	0	27
RN	706	132	0	17	15	0	28	7	0	0	0	905
Radiant!	2464	50	0	180	45	0	178	23	0	0	0	2940
RadicalBender	510	8	0	3	0	0	13	0	0	0	0	534
RadioKirk	2676	77	0	164	15	0	1678	74	0	0	0	4684
Ragesoss	358	42	0	5	1	2	6	0	0	0	0	414
Ragib	500	18	0	53	8	2	267	12	0	0	0	860
Raith Sienar	0	0	0	8	0	0	0	0	0	0	0	8
Ral315	2267	121	0	353	28	24	347	49	0	0	2	3191
Ram-Man	834	3	0	16	0	1	25	6	0	0	0	885
Rama	809	12	0	18	10	0	316	13	1	0	0	1179
Rama's Arrow	1202	3	0	46	9	0	200	25	0	0	0	1485
Ramallite	2	0	0	0	0	0	6	0	0	0	0	8
Rambo's Revenge	90	8	0	2	0	2	5	0	1	0	0	108
Ran	194	3	0	7	0	2	87	2	0	0	0	295
Random832	609	127	0	30	11	10	33	8	0	0	9	837
RandomXYZb	2778	36	0	242	19	24	1506	49	8	0	7	4669
Raso mk	0	0	0	1	0	0	0	0	0	0	0	1
RasputinAXP	2198	13	0	28	5	0	84	3	0	0	0	2331
Raul654	1163	104	0	1703	505	42	2495	226	5	148	83	6474
Raven4x4x	407	2	0	3	0	0	200	1	0	0	1	614
Raymolayenie	0	0	0	1	0	0	0	0	0	0	0	1
Raymond arritt	874	2	0	32	8	5	344	21	0	0	0	1286
Rbrwr	346	2	0	0	0	0	1	0	0	0	0	349
Rd232	1692	5	0	67	8	20	84	6	2	0	0	1884
Rdm2376	3674	63	0	171	9	39	611	28	8	0	6	4609
Rdsmith4	3198	65	0	139	61	0	597	269	2	872	96	5299
Rebecca	2211	69	0	32	3	2	138	71	0	0	0	2526
Recurring dreams	6	0	0	1	0	0	21	1	0	0	0	29
RedWolf	14622	50	0	0	0	0	3	0	0	0	0	14675
RedWordSmith	240	11	0	13	20	0	20	1	0	0	0	305
RedirectCleanupBot	4377	0	0	0	0	0	0	0	0	0	0	4377
Redux	196	12	0	24	7	0	48	1	0	131	129	548
Redvers	17295	160	0	891	28	20	2168	201	321	0	1	21085
Redwolf24	1943	48	0	50	25	0	208	45	0	0	0	2319
Reedy	1128	32	0	38	14	13	40	11	0	0	10	1286
Refdoc	61	5	0	11	4	0	28	5	0	0	0	114
Reflex Reaction	511	14	0	1	2	0	6	0	0	0	0	534
RegentsPark	333	9	0	125	16	46	98	1	3	0	0	631
Remember the dot	816	11	0	26	2	7	18	1	0	0	13	894
Renata3	4803	34	0	15	2	0	61	4	0	0	0	4919
Renesis	148	0	0	25	1	0	19	6	0	0	0	199
Resolute	1222	21	0	23	2	1	51	2	0	0	0	1322
Retired username	12142	239	0	115	33	8	206	14	0	0	2	12759
RetiredUser2	376	88	0	25	15	0	12	6	0	0	0	522
Rettetast	22144	64	0	21	70	12	416	6	1	0	15	22749
Revolving Bugbear	102	7	0	5	1	0	25	11	0	0	0	151
RexNL	2299	11	0	153	11	9	4191	66	15	0	0	6755
ReyBrujo	952	36	0	101	29	5	138	2	0	0	0	1263
Rfl	364	39	0	0	0	0	0	0	0	0	0	403
Rhobite	719	15	0	67	26	0	617	47	0	0	0	1491
Rholton	277	3	0	8	1	0	22	3	0	0	0	314
Riana	14438	155	0	1058	108	108	2446	192	3	0	18	18526
Rich Farmbrough	3015	232	0	84	33	16	248	30	10	0	3	3671
Richardcavell	433	8	0	29	9	1	73	2	0	0	0	555
Richardshusr	988	38	0	53	24	12	16	3	0	0	0	1134
Rick Block	632	3	0	3	1	0	66	2	0	0	0	707
RickK	2466	14	0	53	5	0	651	26	0	0	0	3215
Ricky81682	4092	22	0	34	73	20	142	16	10	0	0	4409
Rifleman 82	387	41	0	34	9	5	117	7	4	0	3	607
Rigadoun	216	10	0	2	1	0	2	1	0	0	0	232
Risker	527	57	190	121	31	79	209	15	31	0	5	1265
Rjanag	686	27	0	63	7	8	134	16	16	0	1	958
Rjd0060	15143	390	0	671	46	106	1182	134	68	0	30	17770
Rje	1206	8	0	93	171	0	315	5	0	0	0	1798
Rkitko	675	48	0	15	2	2	11	1	0	0	0	754
Rklawton	879	14	0	25	2	2	480	15	10	0	0	1427
Rlandmann	1057	68	0	23	3	0	44	3	0	0	0	1198
Rlevse	1379	59	27	150	20	29	2744	158	12	549	95	5222
Rlquall	4	1	0	0	0	0	1	1	0	0	0	7
Rmhermen	2069	15	0	26	7	4	55	0	0	0	0	2176
Roadrunner	0	0	0	0	0	0	5	0	0	0	0	5
RobH	0	0	0	0	0	0	0	0	0	1	0	1
RobLa	2	1	0	0	0	0	0	0	0	0	0	3
Robchurch	714	11	0	6	4	0	83	12	0	0	0	830
Robdurbar	1591	72	0	147	84	0	112	25	0	0	0	2031
Robert Merkel	0	1	0	0	0	0	5	4	0	0	0	10
RobertG	6057	23	0	39	5	4	398	23	0	0	1	6550
Robin Patterson	0	0	0	0	0	0	1	0	0	0	0	1
Robth	3830	187	0	5	3	0	10	0	0	0	0	4035
RobyWayne	122	0	0	0	0	0	14	0	0	0	0	136
RockMFR	2045	171	0	175	124	25	319	5	2	0	1	2867
Rockero	78	1	0	5	2	0	13	0	0	0	0	99
Rockpocket	464	17	0	29	9	4	141	17	1	0	1	683
Rocky Road	0	0	0	1	0	0	0	0	0	0	0	1
Rodhullandemu	998	58	0	795	28	160	2566	105	82	0	15	4807
Roger Davies	437	24	20	10	3	3	47	18	5	0	3	570
Rogerd	580	11	0	24	5	0	139	1	0	0	0	760
Ronhjones	537	12	0	19	3	0	28	9	2	0	0	610
Ronline	62	3	0	6	9	0	11	1	0	0	0	92
Ronnotel	19	2	0	42	9	6	87	25	1	0	1	192
Roozbeh	152	2	0	27	7	0	8	1	0	0	0	197
Rosiestep	11	5	0	2	2	0	0	0	0	0	2	22
Rossami	1006	467	0	36	9	1	230	2	0	0	0	1751
RoyBoy	129	2	0	36	2	1	611	13	0	0	0	794
RoySmith	347	11	0	29	5	0	233	10	1	0	0	636
Royalbroil	965	23	0	69	23	5	49	4	0	0	0	1138
Royalguard11	1825	32	0	267	379	28	179	19	0	0	0	2729
Royboycrashfan	6095	107	0	73	0	0	386	22	0	0	0	6683
Rschen7754	1079	52	0	346	5	20	531	52	11	0	7	2103
Rspeer	119	5	0	15	1	0	112	24	1	0	0	277
Ruhrfisch	281	14	0	46	4	2	51	4	4	0	1	407
Runcorn	72	4	0	5	2	0	143	79	0	0	0	305
Rune.welsh	819	5	0	28	7	0	33	1	0	0	0	893
Runningonbrains	171	5	0	9	2	2	27	2	4	0	0	222
Ruslik0	2159	23	0	175	16	40	185	4	8	0	27	2637
Ruud Koot	1297	82	0	67	16	4	312	61	1	0	1	1841
Rwiggum	0	0	0	1	0	0	0	0	0	0	0	1
RxS	791	3	0	9	3	4	468	10	1	0	0	1289
Ryan Postlethwaite	1344	93	0	268	54	63	1348	148	13	0	57	3388
RyanGerbil10	3623	18	0	46	4	2	190	11	0	0	2	3896
Ryulong	10729	212	0	1213	49	77	6278	615	62	0	2	19237
S@bre	43	2	0	1	0	1	1	0	0	0	0	48
SB Johnny	35	2	0	10	0	4	9	4	0	0	0	64
SCEhardt	5235	50	0	12	0	0	305	3	0	0	0	5605
SCZenz	447	17	0	17	21	5	149	26	0	0	0	682
SD6-Agent	1	0	0	0	0	0	0	0	0	0	0	1
SGGH	2034	32	0	18	5	0	724	26	4	0	2	2845
SQL	2451	46	0	372	10	66	262	124	0	0	34	3365
ST47	37691	4965	0	229	74	89	5847	2327	2	0	3	51227
SWAdair	1600	7	0	49	1	0	38	1	0	0	0	1696
Sabine's Sunbird	40	0	0	7	0	2	0	0	0	0	0	49
Sadalmelik	0	0	0	1	0	0	0	0	0	0	0	1
Sade	148	5	0	3	0	0	1	2	0	0	0	159
Salix alba	111	7	0	8	4	4	6	0	0	0	0	140
Sam	104	21	0	24	4	0	22	0	0	0	2	177
Sam Blacketer	2387	15	0	45	8	2	193	33	1	0	1	2685
Sam Hocevar	6	7	0	0	0	0	1	2	0	0	0	16
Sam Korn	1014	21	6	65	10	13	974	76	4	0	13	2196
Sam Vimes	42	5	0	0	0	0	34	0	0	0	0	81
Samir	2583	98	0	260	132	10	484	58	0	0	10	3635
Samotnik	0	0	0	2	0	0	0	0	0	0	0	2
Samsara	36	21	0	73	4	2	63	33	0	0	0	232
Samuel Blanning	1742	97	0	157	65	0	1197	170	0	0	0	3428
Samulili	2	0	0	0	0	0	1	0	0	0	0	3
Sanchom	233	3	0	4	1	0	58	8	0	0	0	307
Sandahl	7646	90	0	351	8	8	3466	65	9	0	2	11645
Sandstein	6452	76	0	414	23	17	1055	208	31	0	3	8279
Sango123	4193	11	0	41	3	0	1567	66	0	0	0	5881
Sannse	882	30	0	19	10	0	57	35	0	0	0	1033
Sarah	2613	138	0	130	42	4	470	106	4	0	40	3547
Saravask	406	15	0	27	17	10	78	13	0	0	0	566
Sardanaphalus	0	0	0	7	0	0	0	0	0	0	0	7
SarekOfVulcan	843	53	0	62	8	14	156	28	22	0	0	1186
Sasquatch	1915	25	0	83	25	1	677	104	0	0	1	2831
Sassygurl192	0	0	0	2	0	0	0	0	0	0	0	2
Satori Son	1371	49	0	191	11	2	497	14	5	0	1	2141
SatyrTN	2024	17	0	18	8	4	36	7	0	0	0	2114
Savidan	62	5	0	13	5	0	2	0	0	0	0	87
Saxifrage	292	2	0	10	4	0	13	0	0	0	0	321
Scarian	650	23	0	179	3	22	1014	65	4	0	5	1965
Sceptre	1628	92	0	81	8	0	518	89	0	0	0	2416
Schissel	11	0	0	1	0	0	2	2	0	0	0	16
Schneelocke	29	3	0	15	2	0	11	2	0	0	0	62
SchuminWeb	11412	253	0	120	12	6	460	6	15	0	0	12284
Schutz	837	3	0	3	0	0	3	0	0	0	0	846
Scientizzle	2742	54	0	172	16	4	909	30	1	0	3	3931
Scimitar	192	3	0	9	3	0	97	4	0	0	0	308
Scipius	0	0	0	0	0	0	1	0	0	0	0	1
Scjessey	0	0	0	1	0	0	0	0	0	0	0	1
Scm83x	229	5	0	6	1	0	37	2	0	0	0	280
Scorpion0422	0	0	0	1	0	0	0	0	0	0	0	1
Scott Burley	842	1	0	11	1	0	33	3	0	0	0	891
Scott MacDonald	117	2	0	15	0	2	11	1	1	0	0	149
Scott5114	1197	6	0	120	5	0	29	5	0	0	1	1363
ScottDavis	301	36	0	9	5	0	37	4	0	0	0	392
Seabhcan	193	3	0	5	2	0	27	2	0	0	0	232
Sean Whitton	439	16	0	18	7	0	55	3	0	0	2	540
Sean William	868	45	0	109	8	4	414	35	0	0	2	1485
Searchme	147	0	0	0	0	0	11	0	0	0	0	158
Seattle Skier	286	8	0	8	0	0	21	1	0	0	0	324
SebastianHelm	221	20	0	10	2	2	5	5	0	0	0	265
Sebastiankessel	2	2	0	8	4	0	38	1	0	0	0	55
Secret	6060	64	0	144	6	9	252	19	4	0	21	6579
Secretlondon	427	6	0	2	0	0	420	8	0	849	24	1736
Seddon	80	3	0	20	1	2	74	3	9	0	6	198
Seglea	188	3	0	2	0	0	1	0	0	0	0	194
Seicer	1867	43	0	335	37	47	707	48	12	0	0	3096
Selket	1184	8	0	19	3	2	212	16	0	0	0	1444
Sephiroth BCR	909	17	0	36	6	1	321	7	0	0	0	1297
Seraphim	404	35	0	40	9	11	135	22	1	0	3	660
Seraphimblade	2709	17	0	39	9	2	709	50	2	0	3	3540
Seresin	2928	88	0	183	8	29	163	1	3	0	5	3408
Sesel	76	4	0	19	12	0	12	0	0	0	0	123
Seth Ilys	343	2	0	7	2	0	5	3	0	0	0	362
Sethant	1	2	0	0	0	0	0	0	0	0	0	3
Sfoskett	11	1	0	1	0	0	0	0	0	0	0	13
Sgeureka	452	20	0	1	0	0	3	1	1	0	0	478
Shadow1	284	13	0	32	4	0	170	27	0	0	0	530
ShamelessAngel	0	0	0	1	0	0	0	0	0	0	0	1
Shanel	4684	76	0	71	17	0	2595	517	0	0	0	7960
Shanes	2431	21	0	89	162	3	1096	24	0	0	0	3826
Shauri	44	0	0	0	1	0	2	0	0	0	0	47
SheffieldSteel	43	5	0	28	2	10	115	17	17	0	0	237
Sheldon Rampton	2	0	0	0	0	0	1	0	0	0	0	3
Shell Kinney	10861	292	0	56	7	3	671	81	4	0	2	11977
Shereth	781	31	0	12	4	1	484	10	0	0	1	1324
Sherool	42026	70	0	19	6	0	18	1	0	0	0	42140
Shii	400	32	0	24	12	0	66	55	0	0	2	591
Shimeru	789	0	0	6	0	0	2	0	0	0	0	797
Shimgray	1262	139	0	145	4	5	32	18	0	0	9	1614
Shirahadasha	171	2	0	10	4	3	55	8	0	0	0	253
Shizhao	1	1	0	1	0	0	0	0	0	0	0	3
Shoeofdeath	903	3	0	7	1	0	117	0	1	0	0	1032
Shreshth91	2323	19	0	33	12	0	390	48	0	0	0	2825
Shubinator	37	0	0	1	0	0	0	0	0	0	0	38
Shyam	16920	56	0	19	2	0	57	1	0	0	1	17056
Shyamal	76	5	0	19	2	5	25	2	0	0	3	137
Silence	24	0	0	0	1	0	0	0	0	0	0	25
SilkTork	314	22	0	10	2	6	1	1	2	0	1	359
Silsor	523	6	0	35	41	0	139	137	0	0	0	881
SimonP	5287	59	0	12	276	0	45	2	0	0	0	5681
Singularity	7381	115	0	61	15	2	79	7	0	0	1	7661
Sir Nicholas de Mimsy-Porpington	2149	60	0	84	11	4	814	82	0	0	0	3204
SirFozzie	347	18	0	88	8	39	301	32	3	0	0	836
Siroxo	73	4	0	0	0	0	18	0	0	0	0	95
Sitthisoneout1	0	0	0	1	0	0	0	0	0	0	0	1
Sj	115	164	0	10	9	1	57	8	0	0	0	364
Sjakkalle	4680	378	0	43	29	1	828	66	3	0	0	6028
Sjc	19	1	0	0	0	0	3	0	0	0	0	23
Sjorford	428	34	0	4	5	0	3	0	0	0	0	474
Skier Dude	66458	2098	0	364	8	27	680	1418	10	0	7	71070
Skomorokh	1495	101	0	124	3	6	0	0	0	0	6	1735
Sky Harbor	0	0	0	0	0	0	1	0	0	0	0	1
Slakr	3923	61	0	274	24	87	9110	97	21	0	14	13611
Slambo	696	18	0	33	0	0	184	5	0	0	0	936
SlimVirgin	1175	292	0	758	390	16	1130	228	0	0	1	3990
Slowking Man	1350	29	0	130	25	1	859	132	0	0	0	2526
Slp1	478	17	0	29	7	4	129	3	7	0	0	674
Slrubenstein	34	2	0	28	7	2	43	10	4	0	0	130
Slumgum	154	1	0	1	0	0	0	0	0	0	0	156
Smalljim	802	7	0	13	2	0	390	7	3	0	0	1224
Smashville	1398	13	0	54	4	1	382	19	25	0	0	1896
Smith03	116	4	0	5	0	1	6	68	0	0	0	200
Smith609	147	1	0	2	0	0	3	2	2	0	0	157
SmthManly	519	4	0	32	9	1	51	2	0	0	0	618
Smurrayinchester	67	3	0	10	6	0	17	6	0	0	0	109
Sn0wflake	406	3	0	15	2	0	107	2	0	0	0	535
Snowolf	693	15	0	40	6	2	603	30	2	0	3	1394
Snoyes	95	0	0	1	0	0	40	0	0	0	0	136
SoLando	287	14	0	18	7	0	191	6	0	0	0	523
SoWhy	7794	98	0	693	57	138	270	8	12	0	10	9080
Solid Falcon	0	0	0	2	0	0	0	0	0	0	0	2
Solipsist	78	1	0	136	49	0	108	12	0	0	0	384
Someguy1221	1283	15	0	22	3	3	508	3	25	0	4	1866
Somno	866	22	0	14	5	2	15	0	1	0	0	925
SorryGuy	11	2	0	2	2	0	18	2	0	0	0	37
Sortior	1	0	0	0	0	0	0	0	0	0	0	1
Soumyasch	2801	54	0	74	10	3	670	32	0	0	6	3650
SouthernNights	2082	51	0	131	35	10	254	6	4	0	0	2573
SpacemanSpiff	761	1	0	9	0	0	65	0	3	0	1	840
Spangineer	262	10	0	16	11	0	94	8	0	0	0	401
Spartaz	3431	216	0	188	31	10	327	78	6	0	9	4296
Spebi	1549	31	0	165	9	26	493	26	0	0	10	2309
Spellcast	8012	423	0	634	7	38	9202	641	125	0	11	19093
Spencer	202	3	0	29	3	4	261	3	0	0	1	506
Spencer195	12	0	0	0	0	0	3	0	0	0	0	15
Spike Wilbury	2640	102	0	24	4	1	147	4	1	0	1	2924
Spinningspark	109	14	0	21	2	11	146	1	7	0	0	311
Splash	8210	319	0	262	758	7	414	136	0	0	1	10107
SpuriousQ	625	1	0	17	1	0	569	5	0	0	0	1218
Srikeit	1840	18	0	86	45	0	387	22	0	0	0	2398
Ssd	1699	2	0	7	1	0	14	0	0	0	0	1723
Staecker	1692	21	0	1	1	0	2	0	0	0	0	1717
Stan Shebs	2652	74	0	1	0	0	25	0	0	1	0	2753
Star Mississippi	2050	56	0	77	4	6	247	8	1	0	0	2449
Starblind	2488	13	0	87	1	1	240	6	1	0	0	2837
Staxringold	328	2	0	1	0	0	42	0	0	0	0	373
Steel	9468	74	0	969	333	27	1200	89	2	0	6	12168
Steinsky	34	0	0	7	2	0	32	1	0	0	0	76
Stemonitis	3667	125	0	9	12	2	37	2	0	0	0	3854
Stephan Schulz	7	0	0	16	1	3	89	3	1	0	1	121
Stephen	6792	83	0	81	2	0	1399	72	9	0	9	8447
Stephen Bain	1746	42	0	85	23	1	96	18	0	0	0	2011
StephenBuxton	499	15	0	30	3	3	256	9	0	0	0	815
Steve	187	3	0	1	1	0	1	1	0	0	0	194
Steve Smith	1323	95	0	107	6	19	319	34	11	0	3	1917
SteveSims	0	0	0	1	0	0	0	0	0	0	0	1
Steven Walling	689	3	0	71	1	8	61	3	0	0	0	836
Stevenfruitsmaak	95	10	0	10	0	0	11	0	0	0	0	126
Stevenj	33	1	0	23	0	0	41	1	0	0	0	99
Stevertigo	136	16	0	46	11	0	22	14	0	0	0	245
Stewartadcock	828	0	0	10	3	0	6	1	0	0	0	848
Stifle	18450	505	0	515	55	48	490	65	10	0	39	20177
Stormie	2420	63	0	46	6	3	374	11	0	0	2	2925
StuffOfInterest	173	5	0	29	2	0	104	2	0	0	0	315
Stuffdoing	0	0	0	1	0	0	0	0	0	0	0	1
Stwalkerster	2542	63	0	80	1	7	360	44	3	0	32	3132
Sub619	0	0	0	1	0	0	0	0	0	0	0	1
Sue Anne	499	9	0	0	0	0	1	0	0	0	0	509
Sugarfish	2	2	0	1	1	0	0	0	0	0	0	6
Sundar	39	13	0	0	0	1	6	3	0	0	0	62
Superm401	255	24	0	21	22	23	47	12	0	0	1	405
Sverdrup	501	4	0	1	2	0	2	2	0	0	0	512
Swatjester	951	30	0	183	16	30	375	49	0	0	5	1639
Syrthiss	3171	42	0	202	24	8	1914	95	54	0	7	5517
TFOWR	0	0	0	2	0	0	0	0	0	0	0	2
TKD	2746	150	0	75	17	19	315	30	3	0	3	3358
TPK	62	0	0	0	0	0	0	0	0	0	0	62
TSO1D	89	1	0	34	8	2	21	2	0	0	0	157
TShilo12	59	4	0	7	2	0	5	2	0	0	0	79
TUF-KAT	542	39	0	0	0	0	12	1	0	0	0	594
Ta bu shi da yu	1396	57	0	88	47	0	171	56	0	0	0	1815
Tabercil	381	15	0	51	7	1	176	4	1	0	0	636
Tadakuni	9	0	0	0	0	0	0	0	0	0	0	9
Talrias	255	8	0	23	14	0	82	17	0	0	0	399
Tango	341	2	0	4	2	0	75	4	0	0	0	428
Tangotango	1509	28	0	23	1	1	621	17	0	0	0	2200
Tanner-Christopher	9	0	0	12	0	4	1	1	0	0	0	27
Tannin	57	2	0	1	0	0	22	1	0	0	0	83
Tanthalas39	2225	25	0	1001	39	148	3095	61	40	0	4	6638
Tariqabjotu	303	26	0	820	90	40	440	73	2	0	0	1794
Tassedethe	2024	99	0	2	2	0	1	0	0	0	0	2128
Taw	88	17	0	0	2	0	0	0	0	0	0	107
Tawker	4359	51	0	281	18	12	1753	349	0	0	9	6832
Taxman	246	19	1	15	10	0	175	12	0	34	337	849
Tbo 157	30	2	0	3	1	0	24	6	0	0	0	66
Tcncv	179	2	0	42	2	14	119	3	6	0	0	367
TeaDrinker	1726	19	0	19	1	2	248	4	1	0	1	2021
Tedder	1506	15	0	784	56	169	359	15	44	0	1	2949
TenOfAllTrades	406	14	0	65	5	9	610	41	10	0	3	1163
TerriersFan	1404	60	0	153	12	9	246	10	2	0	0	1896
Terrillja	0	0	0	1	0	0	0	0	0	0	0	1
TexasAndroid	18747	470	0	349	41	11	634	37	0	0	1	20290
Texture	450	10	0	1	1	0	34	1	0	0	0	497
Tfinc	0	0	0	0	0	0	0	0	0	0	2	2
ThaddeusB	1517	266	0	6	1	4	30	5	1	0	1	1831
Thatcher	2740	118	9	243	59	27	3065	338	24	0	32	6655
Thatcher131	0	1	0	0	0	0	0	0	0	0	0	1
Thatislifeandlove	0	0	0	2	0	0	0	0	0	0	0	2
The Anome	3222	81	0	334	33	23	4174	187	63	0	2	8119
The Cunctator	7	50	0	5	17	0	11	6	0	0	0	96
The Earwig	302	14	0	2	1	0	8	0	0	0	8	335
The Epopt	3283	41	0	27	2	0	44	12	0	0	0	3409
The JPS	7694	40	0	202	23	12	401	14	0	0	0	8386
The Land	454	6	0	12	5	0	96	13	0	0	0	586
The Placebo Effect	366	12	0	38	8	6	27	4	0	0	2	463
The Rambling Man	3129	8	0	76	3	4	738	6	0	254	24	4242
The Random Editor	88	0	0	21	0	0	39	1	0	0	0	149
The Singing Badger	25	0	0	0	0	0	2	0	0	0	0	27
The Tom	144	12	0	41	12	0	4	0	0	0	0	213
The Transhumanist	0	0	0	3	0	0	0	0	0	0	0	3
The ed17	101	7	0	27	1	12	13	0	4	0	2	167
The undertow	809	10	0	38	9	4	112	7	0	0	4	993
The wub	6376	26	0	26	5	0	171	8	0	0	2	6614
The-G-Unit-Boss	1409	5	0	102	3	12	24	0	0	0	0	1555
TheCoffee	29316	43	0	18	13	0	26	1	1	0	0	29418
TheCustomOfLife	43	0	0	6	1	0	3	0	0	0	0	53
TheDJ	252	18	0	7	0	3	0	0	0	0	0	280
TheParanoidOne	12440	29	0	0	0	0	0	0	0	0	0	12469
TheProject	2162	13	0	21	8	0	67	3	0	0	0	2274
Thedemonhog	28	0	0	0	0	1	0	0	0	0	2	31
Thehelpfulone	629	20	0	222	8	42	133	7	15	0	7	1083
TheoClarke	269	17	0	0	1	0	17	2	0	0	0	306
Therequiembellishere	0	0	0	1	0	0	0	0	0	0	0	1
Theresa knott	1782	53	0	246	58	16	1520	231	1	0	0	3907
Thespian	2	1	0	4	0	0	2	1	0	0	0	10
Thingg	3538	42	0	59	3	10	440	7	8	0	5	4112
Thogo	0	0	2	0	0	0	0	0	0	0	0	2
Thorpe	319	4	0	10	2	1	22	4	0	0	0	362
Thryduulf	789	52	0	74	41	1	56	18	1	0	0	1032
Thue	8063	32	0	28	8	0	370	37	1	0	0	8539
Thunderboltz	609	28	0	13	6	0	79	0	0	0	0	735
Thunderbrand	3589	9	0	3	2	0	39	2	0	0	0	3644
TigerShark	1142	55	0	40	11	3	1019	43	0	0	0	2313
Tijuana Brass	2988	48	0	33	4	0	99	10	0	0	0	3182
Tikiwont	6335	662	0	72	16	0	458	8	10	0	0	7561
Tillwe	45	0	0	0	0	0	3	0	0	0	0	48
Tim Ivorson	8	4	0	1	0	0	0	0	0	0	0	13
Tim Starling	42	11	1	7	3	0	15	23	0	5	0	107
Tim!	854	27	0	4	3	0	46	2	0	0	0	936
TimVickers	1296	43	0	196	15	80	872	28	9	0	5	2544
Timc	35	1	0	0	1	0	2	0	0	0	0	39
Timichal	1	17	0	0	0	0	0	0	0	0	0	18
Timrollpickering	345	2	0	22	3	7	6	0	0	0	0	385
Timwi	337	17	0	3	6	0	0	0	0	0	0	363
Tinselfairy1	0	0	0	2	0	0	0	0	0	0	0	2
Tinucherian	3	1	0	32	0	2	0	0	0	0	1	39
Tiptoety	6103	147	0	1155	1068	249	4420	219	350	0	223	13934
Titoxd	2935	419	0	106	42	3	1562	366	0	0	5	5438
Tivedshambo	2047	25	0	33	3	4	648	15	15	0	23	2813
Tizio	1866	51	0	21	31	0	21	1	0	0	0	1991
Tkinias	3	0	0	0	0	0	0	0	0	0	0	3
Tnxman307	8140	37	0	155	1	3	3174	22	50	0	5	11587
Toby Bartels	20	146	0	1	3	0	0	1	0	0	0	171
Toddst1	5923	85	0	684	43	66	6092	243	161	0	25	13322
Tom	1374	30	0	33	11	5	82	1	0	0	0	1536
Tom harrison	3130	160	0	362	113	31	1821	102	4	0	0	5723
Tom-	37	3	0	8	3	0	4	0	0	0	0	55
TomStar81	293	4	0	45	6	3	41	2	0	0	0	394
TomTheHand	97	54	0	0	2	0	61	8	0	0	0	222
Tompagenet	5	0	0	0	0	0	0	0	0	0	0	5
Tone	16751	169	0	51	3	5	132	0	0	0	0	17111
Tony Fox	1443	7	0	75	2	9	532	10	6	0	0	2084
Tony Sidaway	1039	403	0	359	596	0	357	124	0	0	0	2878
Tonywalton	3155	11	0	33	4	6	333	23	15	0	2	3582
Toon05	1156	72	0	54	10	4	152	7	16	0	5	1476
Topbanana	598	5	0	1	0	1	2	0	0	0	0	607
Tra	115	11	0	37	5	0	5	0	0	0	0	173
TravisTX	889	14	0	64	3	11	225	42	35	0	5	1288
Trebor	296	3	0	75	26	0	83	7	0	0	0	490
Tregoweth	4330	57	0	140	18	0	890	40	0	0	0	5475
Trevor MacInnis	2229	232	0	136	7	18	472	11	2	0	1	3108
Trevor Parscal	1	0	0	0	0	0	0	0	0	0	0	1
Trialsanderrors	662	290	0	52	60	0	20	2	0	0	0	1086
Triddle	5	0	0	3	2	0	4	0	0	0	0	14
Trilobite	514	1	0	3	3	0	63	6	0	0	0	590
Tristanb	5	7	0	0	0	0	0	0	0	0	0	12
Troy 07	0	0	0	1	0	0	0	0	0	0	0	1
Trusilver	754	11	0	54	1	4	1100	33	4	0	1	1962
Trödel	177	23	0	6	2	0	59	12	1	0	0	280
Turnstep	786	8	0	2	0	0	1	0	0	0	0	797
TwinsMetsFan	344	19	0	0	1	0	14	0	0	0	0	378
Typesships	0	0	0	1	0	0	0	0	0	0	0	1
Tyrenius	2548	58	0	61	11	7	256	31	0	0	6	2978
Tznkai	222	5	0	80	7	17	137	21	6	0	2	497
UberScienceNerd	165	2	0	0	0	0	69	0	0	0	0	236
Ucucha	122	6	0	1	1	0	7	0	0	0	0	137
Ugen64	1036	30	0	33	6	1	174	22	0	0	0	1302
UkPaolo	1439	57	0	15	5	0	131	3	0	0	0	1650
Ultraexactzz	2944	66	0	78	4	4	448	54	5	0	2	3605
Uncle G	1887	218	0	31	0	5	161	1	1	0	0	2304
UninvitedCompany	1546	40	0	57	27	0	119	33	0	8	42	1872
UpstateNYer	378	1	0	1	0	4	4	1	0	0	67	456
Urhixidur	386	21	0	2	0	0	8	0	0	0	0	417
Useight	1632	18	0	34	3	4	334	8	0	0	6	2039
User2004	117	2	0	16	6	0	124	27	0	0	0	292
Utcursch	6571	155	0	77	4	9	2207	18	1	0	0	9042
UtherSRG	5414	90	0	53	8	2	708	19	0	0	0	6294
Vague Rant	26	4	0	0	2	0	4	1	0	0	0	37
Valley2city	456	6	0	18	5	5	155	1	8	0	9	663
VampWillow	388	1	0	30	8	0	12	3	0	0	0	442
Vancouverguy	935	0	0	0	0	0	0	0	0	0	0	935
Vanished user	166	16	0	29	8	2	105	14	0	0	0	340
Vaoverland	43	2	0	0	0	0	17	0	0	0	0	62
Vary	647	55	0	33	4	3	201	9	1	0	0	953
Vassyana	589	15	30	27	4	2	119	30	0	0	0	816
VegaDark	11914	283	0	167	150	104	801	334	1	0	0	13754
Vegaswikian	9829	48	0	72	5	10	33	1	0	0	0	9998
Veinor	2215	18	0	36	4	1	360	24	2	0	0	2660
Verrai	748	5	0	14	6	0	69	2	1	0	0	845
Versageek	3191	26	0	104	1	16	626	15	17	0	11	4007
Viajero	52	4	0	10	9	0	15	4	0	0	0	94
Vianello	845	8	0	14	1	2	101	3	5	0	0	979
Vicky Lee	0	0	0	1	0	0	0	0	0	0	0	1
Victuallers	72	4	0	220	2	12	9	0	0	0	0	319
Violetriga	1640	119	0	79	33	0	131	43	0	0	0	2045
Viridae	981	96	0	85	34	26	528	86	11	0	19	1866
VirtualSteve	1812	40	0	398	22	37	1476	36	46	0	8	3875
Vishal	1	0	0	5	3	0	0	0	0	0	0	9
Visorstuff	6	1	0	4	1	0	0	0	0	0	0	12
Visviva	51	0	0	3	1	0	3	1	0	0	0	59
Voice of All	5632	83	1	488	2115	6	1046	107	0	0	6	9484
Vsmith	1246	3	0	142	11	25	4671	24	12	0	3	6137
Vulcan Hephaestus	0	0	0	4	0	0	0	0	0	0	0	4
WAvegetarian	270	20	0	8	3	0	69	6	0	0	0	376
WJBscribe	9289	210	0	395	496	40	2633	163	0	2630	295	16151
WODUP	2286	35	0	86	3	10	665	57	6	0	10	3158
Wafulz	5364	95	0	160	11	9	1297	44	0	0	0	6980
Waggers	882	2	0	46	1	2	1091	8	0	0	0	2032
Walter	0	0	0	0	0	0	1	0	0	0	0	1
Walton One	842	19	0	3	3	0	25	2	0	0	0	894
Waltpohl	29	0	0	2	0	0	0	0	0	0	0	31
Wangi	821	44	0	23	21	2	387	22	0	0	0	1320
Wapcaplet	2	0	0	0	0	0	0	0	0	0	0	2
Warofdreams	1002	25	0	5	1	1	27	1	0	257	146	1465
Wassupwestcoast	224	22	0	14	5	2	14	2	0	0	0	283
Water Bottle	282	22	0	2	0	0	30	3	0	0	0	339
Wayward	1420	1	0	2	2	0	695	30	0	0	0	2150
Wee Jas	0	0	0	1	0	0	0	0	0	0	0	1
Wehwalt	346	6	0	22	13	13	56	11	10	0	4	481
Werdna	362	9	1	35	1	4	74	24	4	0	7	521
Werdna648	0	0	0	1	0	0	0	0	0	0	0	1
WereSpielChequers	3698	29	0	36	0	1	105	1	1	0	29	3900
Wernher	49	0	0	0	0	0	1	0	0	0	0	50
Wesley	0	1	0	0	0	0	2	0	0	0	0	3
Wgfinley	159	5	0	9	1	0	19	10	0	0	0	203
Where	412	4	0	0	0	0	81	11	0	0	0	508
WhisperToMe	403	166	0	53	10	2	29	4	0	0	0	667
Who	1298	5	0	15	9	0	456	98	0	0	0	1881
Whouk	511	6	0	1	1	0	13	0	0	0	0	532
Wickethewok	2732	44	0	18	0	0	62	2	0	0	0	2858
Wiglaf	48	3	0	4	1	0	26	6	0	0	0	88
Wiki alf	1888	18	0	59	27	0	1503	32	5	0	0	3532
WikiLeon	534	18	0	110	20	2	544	61	10	0	5	1304
Wikiacc	779	31	0	7	5	0	31	8	0	0	0	861
Wikibofh	246	7	0	42	48	0	784	37	0	0	0	1164
Wile E. Heresiarch	619	1	0	1	0	0	25	0	0	0	0	646
Wilfried Derksen	75	7	0	13	5	0	2	0	0	0	0	102
Will Beback	890	105	0	426	120	30	1584	109	19	0	2	3285
William M. Connolley	510	18	0	173	29	25	2029	223	27	0	0	3034
William Pietri	450	4	0	1	0	0	10	0	0	0	0	465
WilliamH	287	4	0	24	2	1	121	2	3	0	16	460
Willking1979	2973	58	0	61	2	11	1619	12	48	0	3	4787
WilyD	1568	51	0	25	2	8	175	15	1	0	1	1846
Wimt	622	30	0	59	8	2	917	21	0	0	12	1671
Winhunter	7310	71	0	292	52	5	1376	252	1	0	3	9362
Wissel Wall	0	0	0	1	0	0	0	0	0	0	0	1
Wizardman	13446	105	56	515	14	24	322	12	4	0	6	14504
Wknight94	16159	378	0	784	192	100	8319	203	48	0	5	26188
Wneedham02	0	0	0	1	0	0	0	0	0	0	0	1
Woggly	167	7	0	12	0	0	75	14	0	0	0	275
Woody	4821	63	0	169	12	23	192	34	11	0	8	5333
Woohookitty	7729	162	0	503	474	5	1257	171	0	0	2	10303
Woooooooooop	0	0	0	1	0	0	0	0	0	0	0	1
Worldtraveller	215	0	0	4	4	0	19	2	0	0	0	244
Wouterstomp	18	0	0	0	0	0	0	0	0	0	0	18
Wpedzich	4	0	0	0	0	0	0	0	0	0	0	4
Wrp103	1	0	0	0	0	0	111	0	0	0	0	112
Wtmitchell	30	0	0	3	1	0	24	0	5	0	0	63
Wwoods	142	13	0	84	4	9	57	0	0	0	0	309
Wwwwolf	2625	27	0	39	5	0	5	1	0	0	0	2702
X!	1936	44	0	59	16	11	214	36	11	0	19	2346
XDanielx	65	5	0	0	0	0	0	0	0	0	0	70
XJamRastafire	7	0	0	5	3	0	0	0	0	0	0	15
Xaosflux	7808	308	0	612	287	251	852	83	31	0	12	10244
Xavexgoem	392	24	0	50	11	10	110	10	5	0	3	615
Xdamr	1035	10	0	2	0	0	24	1	1	0	0	1073
Xeno	8876	606	0	287	196	434	1032	271	73	0	122	11897
Xezbeth	8055	87	0	56	10	0	388	6	2	0	0	8604
Xiner	210	4	0	10	1	0	72	4	0	0	0	301
Xnuala	62	0	0	0	0	0	3	1	0	0	0	66
Xoloz	7424	810	0	211	56	1	70	6	0	0	0	8578
Xy7	2053	45	0	149	42	9	2330	203	0	0	0	4831
Xymmax	840	60	0	150	16	42	84	4	5	0	4	1205
Y	2398	49	0	51	11	8	92	5	0	0	0	2614
Y0u	345	0	0	0	0	0	13	2	0	0	0	360
Yamamoto Ichiro	1123	19	0	218	21	17	1565	35	9	0	67	3074
Yamla	3562	27	0	1223	59	16	4159	980	0	0	0	10026
Yandman	304	3	0	16	1	2	134	8	0	0	0	468
Yanksox	2711	57	0	113	30	0	228	20	0	0	0	3159
Yann	2	0	0	0	0	0	0	0	0	0	0	2
Yannismarou	294	2	0	18	6	1	47	1	0	0	1	370
YellowMonkey	8826	223	1	711	96	69	2025	160	17	0	5	12133
Yelyos	43	0	0	1	1	0	8	1	0	0	0	54
Yet Another Redirect Cleanup Bot	2157	0	0	0	0	0	0	0	0	0	0	2157
Ynhockey	189	3	0	5	1	0	4	0	0	0	0	202
Yomangani	1125	9	0	36	8	0	31	2	0	0	0	1211
Yonatan	255	54	0	10	9	6	85	9	0	0	2	430
Youngamerican	1267	52	0	56	23	3	33	2	0	0	0	1436
Zanimum	1370	59	0	56	17	0	119	12	0	0	0	1633
Zedla	873	6	0	32	2	2	122	9	0	0	0	1046
Zemaiteska	0	0	0	1	0	0	0	0	0	0	0	1
Zero0000	107	3	0	13	3	2	30	2	1	0	0	161
ZimZalaBim	2604	19	0	58	8	0	139	2	0	0	0	2830
Zippy	13	8	0	5	2	4	35	6	0	0	0	73
Zocky	262	18	0	21	8	0	21	8	0	0	0	338
Zoe	5859	83	0	244	12	0	1240	99	0	0	0	7537
Zoicon5	33	0	0	0	0	0	0	0	0	0	0	33
Zoney	20	11	0	3	2	0	1	1	0	0	0	38
Zscout370	11006	265	0	310	61	26	596	94	2	0	5	12365
Zsinj	2556	13	0	38	2	0	442	39	0	0	0	3090
Zzuuzz	5151	190	0	1016	1217	567	8494	724	244	0	19	17622
Zzyzx11	9261	302	0	1209	563	12	374	53	5	0	2	11781
^demon	28641	182	0	40	7	3	75	12	1	0	1	28962
Ævar Arnfjörð Bjarmason	213	3	0	1	0	0	7	2	0	0	0	226
Ø	0	0	0	2	0	0	0	0	0	0	0	2
èªç±åå¤	0	0	0	1	0	0	0	0	0	0	0	1
ï¾	0	0	0	2	0	0	0	0	0	0	0	2
Totals	6208318	125217	1241	191686	40575	17924	982500	78163	14911	15288	10013	7685836
