User	DL	UD	PT	UP	PM	BL	UB	BM	UR	RM	Total
(aeropagitica)	11928	38	50	2	0	1733	42	0	0	0	13793
172	16	0	23	7	0	52	40	0	0	0	138
17Drew	317	1	2	0	0	37	1	0	0	0	358
23skidoo	537	8	31	6	0	131	13	0	0	0	726
52 Pickup	99	3	6	1	0	73	6	0	0	0	188
@pple	527	51	4	1	0	66	9	0	0	0	658
A Man In Black	3027	61	164	24	1	176	33	0	0	0	3486
A Train	237	6	19	4	0	51	2	2	0	0	321
A. B.	107	500	91	2	3	210	31	4	0	0	948
AA	492	5	2	1	0	10	2	0	0	0	512
ABCD	3138	29	432	27	0	61	41	0	0	2	3730
AGK	1609	116	238	58	51	552	79	0	0	60	2763
AKeen	7	4	2	0	1	0	0	0	0	0	14
AQu01rius	298	2	12	5	0	41	0	0	0	0	358
AZT2008	0	0	1	0	0	0	0	0	0	0	1
Aarktica	207	2	1	0	0	2	1	0	0	0	213
Aaron Brenneman	1025	25	41	81	1	136	13	0	0	0	1322
Academic Challenger	19658	36	182	34	0	2518	19	4	0	0	22451
Acalamari	5463	69	2811	71	165	1145	112	8	0	574	10418
Accounting4Taste	18036	43	233	12	1	73	0	0	0	2	18400
Acetic Acid	65	3	7	2	0	66	9	0	0	0	152
Acropolis now	0	0	3	0	0	0	0	0	0	0	3
Acroterion	17598	37	361	10	15	1670	43	33	0	2	19769
Adam Bishop	3632	16	43	11	1	121	22	0	0	1	3847
Adambiswanger1	75	0	15	4	0	48	1	0	0	0	143
Adambro	1510	11	27	1	3	137	6	1	0	3	1699
Adashiel	362	51	51	33	1	369	29	0	0	0	896
Addshore	523	5	3	1	2	166	7	3	0	5	715
AdjustShift	1	0	4	0	0	29	0	11	0	0	45
Admiral Norton	373	5	3	0	0	6	0	0	0	2	389
Admrboltz	2711	1	26	15	0	29	8	0	0	2	2792
Aecis	3805	39	91	5	0	163	3	0	0	0	4106
Aervanath	1101	158	26	4	5	41	9	2	0	0	1346
After Midnight	31698	186	32	6	0	57	6	0	0	0	31985
Agathoclea	1091	37	51	5	4	167	16	1	0	1	1373
Ahoerstemeier	13542	107	43	5	1	1985	11	0	0	0	15694
Ais523	299	16	16	3	0	8	6	0	0	0	348
Aitias	3189	57	197	14	279	1132	68	38	0	71	5045
Akhilleus	856	4	40	3	3	420	29	1	0	0	1356
Akradecki	5185	53	168	3	3	304	22	31	0	0	5769
Aksi great	1926	12	26	8	1	591	30	0	0	0	2594
Al Ameer son	5	1	2	2	0	2	0	0	0	1	13
Alai	1391	17	10	3	0	42	3	0	0	0	1466
AlainV	1	0	0	0	0	0	0	0	0	0	1
Alasdair	533	3	11	1	0	221	11	0	0	0	780
Aldux	106	1	170	35	0	201	18	0	0	0	531
Ale jrb	473	1	0	0	0	104	1	0	0	0	579
Alex Bakharev	1721	145	464	43	39	1732	177	5	0	0	4326
Alex S	34	4	0	0	0	0	0	0	0	0	38
Alex.muller	546	22	21	1	1	304	15	0	0	11	921
Alex756	2	0	0	0	0	0	0	0	0	0	2
Alexf	10634	80	253	10	42	3869	37	6	0	0	14931
AlexiusHoratius	0	0	21	2	6	1	0	0	0	0	30
Alhutch	621	3	15	6	0	175	9	0	0	0	829
Alison	2346	122	1067	199	108	4731	334	13	0	58	8978
AlisonW	468	11	54	3	1	120	10	0	0	0	667
AlistairMcMillan	195	13	14	1	0	57	3	0	0	0	283
AliveFreeHappy	192	1	2	0	0	2	0	0	0	0	197
Alkivar	2396	136	252	27	9	470	41	0	0	0	3331
Allen3	9961	44	138	46	9	129	5	0	0	0	10332
AllyUnion	1913	26	96	11	0	38	11	0	0	0	2095
Alphachimp	6533	108	292	146	1	3916	117	0	0	0	11113
Altenmann	4929	248	264	63	16	1206	98	0	0	0	6824
Alteripse	2	0	2	1	0	13	1	0	0	0	19
Alvestrand	436	29	3	2	0	47	4	0	0	0	521
Amalas	1220	2	4	52	0	0	0	0	0	0	1278
Amalthea	1318	28	25	4	2	22	1	2	0	1	1403
Amberrock	543	7	19	3	0	115	9	0	0	0	696
Amcaja	54	3	0	1	0	58	2	0	0	0	118
Ameliorate!	317	3	46	3	2	120	8	0	0	0	499
AmiDaniel	2801	138	165	44	2	747	125	0	0	1	4023
Amire80	268	38	5	2	1	30	4	0	0	1	349
Amophar	0	0	1	0	0	0	0	0	0	0	1
Ams80	12	0	0	0	0	0	0	0	0	0	12
Anas Salloum	665	5	1	0	0	351	2	0	0	0	1024
Ancheta Wis	15	2	1	0	0	5	0	0	0	0	23
AndonicO	371	28	291	30	45	1347	51	0	0	0	2163
Andre Engels	2	0	0	0	0	1	0	0	0	0	3
Andres	3	0	1	0	0	0	0	0	0	0	4
Andrevan	657	87	20	11	0	84	28	0	1194	28	2109
Andrew Levine	718	13	19	2	0	33	6	0	0	0	791
Andrew Norman	48	1	25	2	0	75	7	0	0	0	158
Andrew Yong	16	1	0	0	0	0	0	0	0	0	17
Andrew c	1289	48	30	2	1	115	7	1	0	0	1493
Andrewa	85	6	0	0	0	0	0	0	0	0	91
Andris	17	0	0	0	0	0	0	0	0	0	17
Android79	3349	27	56	13	0	260	29	0	0	0	3734
Andrwsc	7147	86	55	53	7	89	1	0	0	0	7438
AndyZ	911	12	0	0	0	113	4	0	0	0	1040
AnemoneProjectors	446	58	74	42	1	105	1	1	0	0	728
Anetode	9125	316	250	13	7	1241	57	0	0	8	11017
AngelOfSadness	955	2	44	2	5	122	13	0	0	0	1143
Angela	2301	43	5	2	0	59	30	0	145	6	2591
Angelo.romano	844	114	97	14	2	71	2	0	0	0	1144
Angr	34201	203	196	52	22	748	29	2	0	0	35453
Angusmclellan	13740	131	11	2	1	60	6	0	0	17	13968
AniMate	99	3	5	2	0	29	1	3	0	1	143
Animum	1853	229	207	29	49	1609	254	0	0	27	4257
AnonEMouse	146	23	30	4	2	122	9	0	0	0	336
Anonymous Dissident	1189	21	371	32	55	484	13	1	115	19	2300
Anonymous editor	481	1	57	16	0	431	32	0	0	0	1018
Antandrus	7368	26	412	56	24	5275	354	39	0	1	13555
Anthere	38	1	4	4	0	4	1	0	0	2	54
Anthony Appleyard	21502	2420	44	3	10	1	0	0	0	0	23980
Anthony.bradbury	11109	60	48	2	1	1453	31	16	0	0	12720
AntiAbuseBot	43	0	0	0	40	779	1	15	0	0	878
AntonioMartin	9	3	5	3	0	4	18	0	0	0	42
Apokryltaros	0	0	1	0	0	0	0	0	0	0	1
Appraiser	323	6	5	0	0	1	0	0	0	0	335
Aqwis	109	6	24	4	5	38	1	0	0	2	189
Aranel	1087	18	13	0	0	24	3	0	0	0	1145
Arcadian	188	17	30	1	0	74	4	0	0	0	314
Archtransit	5	2	13	2	1	17	15	0	0	0	55
Arctic.gnome	204	5	18	2	1	25	1	0	0	1	257
Aris Katsaris	6	0	1	0	0	0	0	0	0	0	7
Arjun01	517	5	116	23	0	375	14	0	0	0	1050
Arminius	130	1	7	3	0	14	2	0	0	0	157
ArnoldReinhold	220	2	3	1	2	2	1	0	0	0	231
Art LaPella	36	1	0	0	0	0	0	0	0	0	37
Arthur Rubin	434	39	35	5	4	313	42	5	0	1	878
Aruk Besadii Aora	0	0	2	0	0	0	0	0	0	0	2
Arvindn	13	0	1	1	0	0	0	0	0	0	15
Arwel Parry	148	8	39	8	0	636	38	0	0	0	877
Asbestos	72	2	0	0	0	25	3	0	0	0	102
Asterion	95	7	69	8	3	121	15	0	0	0	318
AstroNomer	0	0	0	0	0	1	0	0	0	0	1
Athaenara	15908	109	11	2	1	26	4	0	0	0	16061
Atlant	92	1	11	0	0	572	20	2	0	0	698
AuburnPilot	2760	219	498	67	47	1075	124	6	0	15	4811
Audacity	20	2	1	1	0	1	1	0	0	0	26
Aude	1171	39	47	11	5	514	17	0	0	2	1806
Ausir	23	2	0	0	0	1	0	0	0	0	26
Avraham	1129	140	164	33	13	766	95	18	12	48	2418
Awiseman	19	1	14	0	0	9	0	0	0	0	43
Awolf002	13	0	0	0	0	2	0	0	0	0	15
AxelBoldt	39	6	8	1	0	0	0	0	0	0	54
AzaToth	1637	118	118	38	30	149	19	0	0	6	2115
B	13003	188	288	28	25	803	99	5	0	10	14449
BD2412	2079	944	45	12	1	208	24	0	0	0	3313
BOZ	1	30	3	1	0	0	0	0	0	0	35
Babajobu	297	2	1	1	0	19	3	0	0	0	323
Baboon Faceless	0	0	2	0	0	0	0	0	0	0	2
Banes	62	7	2	0	0	158	2	0	0	0	231
Banno	10	5	9	2	0	50	2	0	0	0	78
BanyanTree	1812	61	202	245	3	393	11	0	0	0	2727
Barneca	1231	47	110	11	14	1013	46	19	0	1	2492
Barneca sock 1	0	0	1	0	0	0	0	0	0	0	1
BaronLarf	180	18	4	1	0	97	1	0	0	0	301
Bastique	353	92	47	8	4	121	51	0	3	1	680
Bazonka	0	0	1	0	0	0	0	0	0	0	1
Bbatsell	391	9	18	2	0	350	18	0	0	0	788
Bcorr	129	6	8	1	0	67	10	0	2	1	224
Bdesham	25	0	3	0	0	0	0	0	0	0	28
Bduke	250	17	19	7	2	23	0	0	0	0	318
Bearcat	3186	182	69	6	3	73	8	2	0	0	3529
Bearian	587	15	134	4	1	626	31	2	0	1	1401
Bedford	9	3	50	0	4	5	2	0	0	0	73
Beetstra	507	19	89	18	6	356	26	3	0	1	1025
Bel123456	0	0	1	0	0	0	0	0	0	0	1
Beland	191	0	13	12	1	10	0	0	0	0	227
Ben MacDui	206	1	1	0	0	7	0	0	0	0	215
Bencherlite	3362	54	158	4	12	491	7	6	0	7	4101
Berig	26	0	2	0	2	10	0	0	0	1	41
Betacommand	7463	46	76	379	0	3297	120	0	0	0	11381
Bettia	61	1	0	0	0	2	1	1	0	0	66
Bhadani	1296	7	93	19	1	478	10	0	0	0	1904
Bibliomaniac15	3857	25	216	31	17	1323	22	4	636	37	6168
BigHaz	3152	2	8	6	0	33	2	0	0	0	3203
BigrTex	960	10	2	0	0	1	0	0	0	0	973
Bigtimepeace	246	3	2	1	0	46	3	0	0	0	301
Bill	0	0	1	0	0	0	0	0	0	0	1
BillyH	47	2	0	1	0	1	0	0	0	0	51
BirgitteSB	114	5	0	0	0	1	1	0	0	1	122
Bishonen	573	74	196	46	7	568	208	1	0	0	1673
Bishzilla	53	11	16	2	2	24	6	0	0	5	119
Bjarki S	91	0	2	1	0	41	4	0	0	0	139
Bjelleklang	640	7	4	0	3	8	2	0	0	0	664
Bjweeks	3263	51	78	35	23	393	20	14	0	7	3884
Bkell	1130	12	0	0	0	1	0	0	0	0	1143
Bkonrad	602	84	2	0	0	138	2	0	0	0	828
Black Falcon	3902	59	3	1	0	26	1	0	0	0	3992
Black Kite	4084	125	316	40	41	1114	87	21	0	13	5841
Blankfaze	386	1	3	2	0	7	1	0	0	0	400
Blood Red Sandman	608	4	5	0	0	232	9	0	0	1	859
Blubberboy92	0	0	1	0	0	0	0	0	0	0	1
Blueboy96	977	17	170	5	26	1924	120	18	0	0	3257
Bluemoose	10610	47	27	10	0	93	18	0	0	0	10805
Bmicomp	404	2	6	4	0	38	11	0	0	0	465
Bobak	216	11	118	6	5	667	10	3	0	0	1036
Bobet	4949	181	55	18	1	223	10	0	0	0	5437
Bobo192	4938	3	2	3	0	2	0	0	0	0	4948
Bogdangiusca	3131	64	27	10	1	107	13	0	0	0	3353
Bongwarrior	7653	56	414	7	85	2969	32	50	0	2	11268
Bonkers Bobcat	0	0	1	0	0	0	0	0	0	0	1
Bookofjude	650	27	29	5	0	85	9	0	0	0	805
Bopped Kia	0	0	1	0	0	0	0	0	0	0	1
BorgHunter	579	25	54	19	1	116	28	0	0	0	822
BorgQueen	3772	25	873	106	28	3286	166	13	0	0	8269
Borisblue	248	1	14	39	0	92	8	0	0	0	402
Bovlb	23	2	14	1	0	28	2	0	0	0	70
BozMo	285	6	12	3	0	111	12	0	0	0	429
BradBeattie	294	0	6	0	0	118	3	0	0	0	421
BradPatrick	17	0	4	0	0	5	0	0	0	0	26
Bradeos Graphon	4877	19	65	19	3	1211	79	0	0	0	6273
Bratsche	568	16	18	46	0	145	19	0	0	0	812
Brendanconway	955	23	26	8	0	87	14	0	0	0	1113
BrendelSignature	3	0	74	5	4	105	8	0	0	0	199
Brian	6	2	3	0	1	2	1	0	0	0	15
Brian Kendig	26	1	5	6	0	2	0	0	0	0	40
Brian0918	931	79	258	47	4	2140	109	0	0	0	3568
Brianga	1957	9	1	1	1	384	7	5	0	0	2365
Briangotts	138	7	1	0	0	7	0	0	0	0	153
Brighterorange	180	11	1	0	0	21	1	0	0	0	214
Brion VIBBER	190	9	12	0	1	27	11	0	0	4	254
Brockert	189	51	3	3	0	31	30	0	0	0	307
BrokenSegue	1363	11	62	67	0	153	40	0	0	0	1696
Brookie	3977	53	212	3	0	229	4	0	0	0	4478
BrownHairedGirl	777	114	138	5	9	124	14	0	0	0	1181
Bryan Derksen	828	324	5	7	0	10	0	0	0	2	1176
Bubba hotep	1057	49	24	0	0	328	10	2	0	0	1470
Buchanan-Hermit	514	18	28	6	0	452	20	0	0	0	1038
Bucketsofg	642	22	66	6	0	224	8	0	0	0	968
Buckshot06	139	2	1	0	0	2	0	1	0	0	145
Bumm13	839	37	6	1	0	31	4	0	0	5	923
Bunchofgrapes	738	10	62	44	0	203	37	0	0	0	1094
Burgundavia	1105	0	4	0	0	1	0	0	0	0	1110
Burstorder	0	0	2	0	0	0	0	0	0	0	2
Butseriouslyfolks	5143	83	36	3	1	137	15	0	0	0	5418
C-3PO	0	0	3	0	0	0	0	0	0	0	3
C.Fred	6307	47	192	5	4	1452	27	5	0	0	8039
C12H22O11	1351	5	49	8	0	47	7	0	0	0	1467
CALR	29	0	0	0	0	1	0	0	0	0	30
CAT:TEMP deletion bot	2120	0	0	0	0	0	0	0	0	0	2120
CBDunkerson	3497	63	683	49	0	30	22	0	0	1	4345
CBM	4274	112	235	96	22	56	17	0	0	3	4815
CIreland	927	30	162	12	23	329	16	3	0	1	1503
CJ	1927	79	112	22	3	277	18	0	0	1	2439
CJCurrie	388	19	124	8	1	117	13	0	0	0	670
CJLL Wright	1766	29	57	3	6	221	3	0	0	0	2085
CLW	13900	54	3	0	0	26	0	0	0	0	13983
CMBJ	0	0	1	0	0	0	0	0	0	0	1
COGDEN	53	14	2	0	0	3	0	0	0	0	72
CRGreathouse	1	0	0	0	0	1	1	1	0	0	4
CSTAR	58	4	6	3	0	93	3	0	0	0	167
CYD	1	0	1	0	0	0	0	0	0	0	2
Cactus.man	592	16	61	34	0	178	10	0	0	0	891
Cacycle	171	11	24	2	1	11	0	0	0	1	221
Cailil	116	3	33	0	2	48	12	0	0	0	214
Caknuck	1943	8	184	30	32	706	11	6	0	0	2920
Calliopejen1	2658	79	11	2	0	5	0	0	0	0	2755
Caltrop	57	22	0	0	0	6	3	0	0	0	88
Camaron	596	186	221	35	64	251	26	10	0	13	1402
CambridgeBayWeather	13632	225	188	18	6	944	21	0	0	0	15034
Camembert	11	2	0	1	0	0	0	0	0	0	14
Camw	164	4	1	0	0	149	0	6	0	0	324
Can't sleep, clown will eat me	9514	230	3000	125	133	32088	586	0	0	0	45676
Canadian Paul	891	26	11	5	0	20	2	0	0	0	955
Canadian-Bacon	426	2	16	3	0	232	5	0	0	0	684
CanadianCaesar	3505	62	53	14	0	1084	85	0	0	0	4803
Canderson7	1183	11	18	13	1	220	2	0	0	0	1448
Canley	651	6	0	1	0	3	0	0	0	0	661
Canterbury Tail	992	7	50	6	7	341	13	2	0	0	1418
Cantthinkofagoodname	2	0	0	0	0	2	0	0	0	0	4
CapitalR	356	2	3	5	0	49	1	1	0	1	418
Capitalistroadster	620	1	3	0	0	23	3	0	0	0	650
Carabinieri	401	7	4	3	0	2	0	0	0	0	417
Carbonite	188	3	28	10	0	226	22	0	0	0	477
Carcharoth	30	74	2	1	0	1	2	0	0	0	110
Caribbean H.Q.	324	11	51	10	6	221	18	0	0	0	641
Carioca	1944	8	4	1	0	9	0	0	0	0	1966
Carlosguitar	2924	20	30	1	3	166	11	0	0	0	3155
Carlossuarez46	10222	122	25	2	0	60	5	0	0	0	10436
Carnildo	2367	59	87	17	1	58	20	0	0	3	2612
Cary Bass	1	2	5	1	1	1	2	0	2	0	15
Casliber	60	40	118	4	13	105	3	0	0	2	345
Catbar	28	0	2	1	0	11	0	0	0	0	42
CatherineMunro	69	13	0	0	0	3	3	0	0	0	88
CattleGirl	908	12	19	3	1	42	7	0	0	0	992
Caulde	2522	84	423	28	54	892	36	0	0	78	4117
Cbl62	7	0	2	0	0	0	0	0	0	0	9
Cbrown1023	3423	75	399	71	7	205	32	0	0	8	4220
Cburnett	48	18	6	2	0	14	5	0	0	0	93
Cdc	2188	10	10	9	0	21	2	0	0	0	2240
Cecropia	39	3	36	5	0	6	6	0	215	328	638
Cedrus-Libani	101	4	1	0	0	0	0	0	0	0	106
Celestianpower	734	9	19	3	0	170	70	0	0	0	1005
Cenarium	1324	57	323	131	134	109	4	6	0	9	2097
Centrx	17167	398	997	947	12	1323	210	0	0	0	21054
CesarB	3606	141	123	49	0	942	212	0	0	0	5073
Ceyockey	1748	47	4	0	0	15	2	0	0	0	1816
Chadloder	0	0	0	0	0	6	0	0	0	0	6
Chairboy	5156	13	69	8	0	187	14	0	0	0	5447
Chancemill	0	0	1	1	0	2	0	0	0	0	4
Charles Matthews	1183	30	3	1	0	124	20	0	0	0	1361
Chase me ladies, I'm the Cavalry	1781	27	388	23	46	668	27	1	0	1	2962
Chaser	1966	85	275	40	34	819	109	2	0	8	3338
Chell and the cake	0	0	2	0	0	0	0	0	0	0	2
Chessnotator1967	0	0	1	0	0	0	0	0	0	0	1
Chick Bowen	4614	194	69	14	1	135	30	0	0	1	5058
Chillum	1426	22	41	8	6	507	35	30	0	4	2079
Chmod007	13	2	2	0	0	1	1	0	0	0	19
Chochopk	27	37	1	0	0	2	1	0	0	0	68
Choess	6	4	0	0	0	0	0	0	0	0	10
Cholmes75	4579	10	26	0	0	112	3	0	0	0	4730
Chris 73	1928	15	46	8	0	687	30	3	0	0	2717
Chris G	4929	33	226	15	29	1803	69	210	0	6	7320
Chris Roy	3	0	0	0	0	1	0	0	0	0	4
ChrisGriswold	1126	16	51	8	0	210	21	0	0	0	1432
ChrisO	2231	14	331	63	33	753	39	1	0	0	3465
ChrisTheDude	671	10	6	0	0	13	2	0	0	0	702
Chrislk02	4029	60	133	21	8	1627	91	12	0	5	5986
Christopher Mahan	38	5	0	0	0	0	0	0	0	0	43
Christopher Parham	495	6	4	2	0	24	1	0	0	0	532
Christopher Sundita	61	38	7	4	0	17	2	0	0	0	129
Chuck SMITH	0	1	0	0	0	0	0	0	0	0	1
Chunky Rice	342	1	4	3	0	31	2	0	0	0	383
Chuq	214	19	13	2	1	93	6	0	0	0	348
CieloEstrellado	0	0	1	0	0	0	0	0	0	0	1
Cimon Avaro	211	10	2	5	1	4	0	0	6	2	241
Circeus	1701	8	50	27	0	155	13	0	0	0	1954
Cirt	3285	38	188	6	20	1334	14	6	0	1	4892
Citicat	685	14	20	1	0	33	4	0	0	0	757
Ck lostsword	308	4	13	1	5	308	16	0	0	0	655
Ckatz	1064	40	154	5	22	481	18	6	0	1	1791
Clarkk	23	0	0	1	0	0	0	0	0	0	24
Cleared as filed	1345	19	0	0	0	53	2	0	0	0	1419
Climie.ca	0	0	1	0	0	10	1	1	0	1	14
ClockworkLunch	20	4	11	1	0	4	0	0	0	0	40
ClockworkSoul	750	46	36	7	4	212	19	3	0	0	1077
Closedmouth	1191	13	2	0	0	100	3	4	0	1	1314
CloudNine	422	15	24	1	2	32	2	0	0	0	498
ClueBot	0	0	1	0	0	0	0	0	0	0	1
Cnwb	661	11	0	0	0	23	2	0	0	0	697
Cobaltbluetony	5912	79	399	24	7	336	18	0	0	0	6775
Coelacan	1194	30	85	10	1	845	53	0	0	0	2218
Coffee	774	52	79	6	35	224	8	0	0	2	1180
Coffeedrinker87	0	0	1	0	0	0	0	0	0	0	1
Cohesion	6785	40	2	15	1	3	0	0	0	0	6846
Commander Keane	4747	219	38	22	0	118	29	0	0	0	5173
Conscious	13439	65	2	2	0	56	0	0	0	0	13564
Consumed Crustacean	729	22	42	3	1	351	36	0	0	0	1184
Conti	457	41	12	38	1	70	3	0	0	1	623
Cool Hand Luke	884	548	56	8	20	68	15	0	0	0	1599
Coralmizu	159	2	23	1	2	46	2	0	0	0	235
Coredesat	11148	136	235	25	11	494	60	0	0	0	12109
Coren	819	20	49	7	4	172	34	2	0	1	1108
Cowman109	431	36	101	43	4	360	44	0	0	0	1019
Craigy144	3095	11	8	3	1	38	0	0	0	0	3156
Crazycomputers	439	8	54	15	5	680	40	0	0	1	1242
Crazytales	156	15	18	1	2	117	18	0	0	0	327
Cremepuff222	173	5	3	2	1	95	3	0	0	0	282
Croat Canuck	83	3	1	1	0	5	1	0	0	0	94
Crum375	168	18	84	6	3	208	12	0	0	0	499
Cryptic	9383	238	136	15	1	322	21	0	0	0	10116
CryptoDerk	1091	1	67	9	0	1014	45	0	0	0	2227
Crzrussian	5139	133	156	28	0	150	13	0	0	0	5619
Cuchullain	240	38	8	0	2	28	0	0	0	0	316
Curps	5148	166	461	101	0	26558	1065	0	0	0	33499
Cutler	69	0	0	0	0	7	0	0	0	0	76
CyborgTosser	2	0	0	0	0	0	0	0	0	0	2
Cyde	19064	106	258	32	2	829	168	0	0	0	20459
Cydebot	5735	0	0	0	0	0	0	0	0	0	5735
Cyp	3	0	0	0	0	0	0	0	0	0	3
Cyrius	1614	99	26	13	0	68	8	0	0	0	1828
D. Recorder	172	18	2	0	0	34	2	0	0	0	228
DDima	517	8	1	0	0	1	0	0	0	0	527
DESiegel	892	112	9	2	0	40	29	0	0	0	1084
DGG	7328	182	131	4	10	106	9	5	0	0	7775
DJ Clayworth	5136	29	37	11	0	281	18	0	0	0	5512
DMacks	3699	35	238	8	27	552	11	13	0	0	4583
DO11.10	417	28	2	0	0	2	1	0	0	2	452
DVD R W	6096	53	54	17	7	962	21	0	0	3	7213
DaGizza	833	1	7	4	1	53	3	0	0	0	902
Dale Arnett	67	1	2	0	0	4	0	0	0	0	74
Dan100	294	16	18	12	0	186	44	0	0	0	570
DanKeshet	104	1	6	0	0	2	0	0	0	0	113
DanMS	65	0	2	1	0	0	0	0	0	0	68
Danaman5	257	4	6	0	0	4	4	0	0	1	276
Daniel	4756	255	618	40	63	551	73	4	0	13	6373
Daniel Case	2249	32	241	15	7	4126	136	22	0	1	6829
Daniel J. Leivick	649	7	15	1	0	67	5	0	0	0	744
Daniel Olsen	711	1	10	0	0	84	2	0	0	0	808
Daniel Quinlan	54	2	0	2	0	2	0	0	0	0	60
DanielCD	243	1	15	11	0	37	2	0	0	0	309
Dank	2481	28	46	3	1	173	2	2	0	1	2737
Danny	1072	126	26	9	0	105	29	0	4	6	1377
Dannyisme	5	0	4	0	0	2	2	0	0	0	13
Dante Alighieri	651	18	20	17	3	175	29	0	0	0	913
DarkFalls	2607	140	294	37	70	700	41	3	0	5	3897
Darkoneko	0	0	0	0	0	1	0	0	1	0	2
Darthgriz98	249	4	5	0	0	115	2	0	0	0	375
Darwinek	2143	13	68	5	0	189	6	0	0	0	2424
Dave souza	76	3	13	2	0	500	20	1	0	0	615
Davewild	2767	39	2	3	0	371	1	0	0	0	3183
Daveydweeb	134	1	2	0	0	4	1	0	0	0	142
David D.	24	4	11	0	3	9	1	0	0	0	52
David Eppstein	2059	21	28	7	0	37	1	1	0	0	2154
David Fuchs	855	23	53	2	10	80	7	0	0	0	1030
David Gerard	525	43	67	7	1	1439	357	0	0	1	2440
David Kernow	635	5	45	0	0	0	0	0	0	0	685
David Levy	835	111	211	58	3	135	10	0	0	4	1367
David Newton	54	3	4	0	0	12	12	0	0	0	85
David.Monniaux	508	60	98	13	0	215	28	1	0	0	923
DavidLevinson	35	51	9	0	0	9	0	0	0	0	104
DavidWBrooks	1203	1	12	2	1	94	0	0	0	0	1313
Davidcannon	154	57	30	4	0	135	26	0	0	0	406
Davidgothberg	66	55	84	6	28	19	6	0	0	0	264
Davidruben	27	0	7	1	1	78	2	0	0	0	116
Davodd	191	29	3	3	1	23	1	0	0	0	251
Dbachmann	374	28	115	40	10	186	19	1	0	0	773
Dbenbenn	6085	109	260	583	0	26	7	0	0	0	7070
Dcoetzee	310	43	8	2	0	48	9	0	0	1	421
Ddstretch	13	0	20	5	6	207	20	6	0	0	277
Deacon of Pndapetzim	504	15	26	2	3	154	9	12	0	1	726
DeadEyeArrow	934	14	26	5	0	199	6	0	0	0	1184
Deathphoenix	1168	49	17	5	0	418	80	0	0	0	1737
Deb	12646	46	22	1	0	297	4	1	0	0	13017
Deckiller	1228	35	80	14	2	300	46	0	0	0	1705
Decumanus	42	0	3	0	0	12	0	0	0	0	57
Deiz	951	15	161	8	2	392	20	0	0	0	1549
Dekimasu	690	43	10	1	0	13	0	0	0	0	757
Delirium	3467	22	20	11	0	305	18	0	0	0	3843
Delldot	1572	23	15	6	1	606	9	0	0	0	2232
Deltabeignet	836	1	5	6	0	130	2	0	0	0	980
Demi	151	32	2	1	0	51	17	0	0	0	254
Denelson83	1132	17	56	12	11	36	6	0	0	0	1270
Denni	2324	30	23	3	0	5	0	0	0	0	2385
DerHexer	134614	42	89	3	5	5837	38	2	0	19	140649
Derek Ross	521	11	11	3	3	1	0	0	0	0	550
Deryck Chan	1	1	0	2	0	1	0	0	0	0	5
Deskana	1342	86	212	76	15	983	109	29	322	144	3318
Deville	779	5	14	1	0	116	2	0	0	0	917
Dfrg.msc	35	1	0	0	0	7	0	0	0	0	43
Dgies	575	29	27	4	3	223	18	0	0	2	881
Dgrant	0	0	1	0	0	0	0	0	0	0	1
Diberri	121	3	3	1	0	5	0	0	0	0	133
Dieter Simon	3	0	18	0	1	0	0	0	0	0	22
Dijxtra	135	6	13	6	0	36	4	0	0	0	200
Dina	3371	18	49	1	0	273	5	0	0	0	3717
Dino	22	0	0	0	0	0	0	0	0	0	22
Discospinster	13608	347	122	8	12	1079	6	6	0	0	15188
Djsasso	950	167	29	5	2	342	7	0	0	8	1510
Dlohcierekim	4802	102	134	6	11	377	33	9	0	1	5475
Dmn	35	1	10	4	0	12	15	0	0	0	77
Doc glasgow	4087	123	370	42	11	1060	83	0	0	42	5818
Docu	1134	59	121	2	5	11	4	0	0	2	1338
Doczilla	69	2	9	6	0	85	8	0	0	0	179
Dominic	13247	57	80	186	1	3035	629	11	0	32	17278
Donald Albury	1042	3	7	2	2	108	4	0	0	0	1168
DoomsDay349	222	4	0	0	0	0	0	0	0	0	226
Dori	11	0	0	0	0	2	2	0	0	0	15
Doug	244	12	9	8	0	13	3	0	0	3	292
Doug Bell	2427	36	29	12	0	25	3	0	0	0	2532
Dougweller	192	2	79	8	18	540	16	16	0	0	871
Dpbsmith	132	4	3	2	0	17	0	0	0	0	158
Dppowell	4	0	5	0	0	112	6	0	0	0	127
DrBob	17	1	0	0	0	7	0	0	0	0	25
DrKiernan	1221	16	30	4	3	118	7	0	0	0	1399
DragonflySixtyseven	19135	301	317	33	7	4018	178	128	0	0	24117
Dragons flight	608	63	107	35	0	110	28	0	0	1	952
Dravecky	341	3	71	2	0	0	0	0	0	0	417
Dreadstar	904	64	217	11	13	1754	96	1	0	0	3060
Drilnoth	2256	10	20	2	8	0	0	0	0	1	2297
Drini	9597	93	178	38	1	4446	232	1	0	8	14594
DropDeadGorgias	340	3	24	1	0	90	5	0	0	0	463
Dsmdgold	795	11	2	0	0	3	0	0	0	0	811
Duja	875	136	20	9	2	72	9	0	0	0	1123
Duk	3834	30	61	15	2	129	25	0	0	1	4097
Duncharris	986	57	47	10	0	92	20	0	0	0	1212
Durin	2448	7	28	13	0	168	15	0	0	0	2679
Durova	24	1	211	37	11	388	66	0	0	0	738
Dustimagic	215	2	4	2	0	50	8	1	0	0	282
Dvyost	56	0	0	0	0	11	1	0	0	0	68
Dweller	1548	23	96	2	4	270	9	0	203	7	2162
Dysprosia	154	6	3	1	0	97	11	0	0	0	272
ERcheck	2941	9	66	10	0	992	29	1	0	0	4048
ESkog	9883	76	111	22	4	835	108	1	0	0	11040
EVula	2324	94	150	19	11	890	26	0	334	23	3871
EWS23	643	3	7	2	0	136	11	0	0	0	802
Earl Andrew	109	35	26	5	0	67	12	0	0	0	254
Earle Martin	262	11	6	2	1	30	2	0	0	0	314
East718	226023	1904	5341	1632	284	3520	1007	15	0	30	239756
Ed Poor	73	13	35	32	0	71	28	0	10	16	278
Ed g2s	3047	69	30	27	2	48	5	0	0	0	3228
EdJohnston	842	20	373	18	41	584	37	5	0	0	1920
Edcolins	30	4	2	2	0	2	0	0	0	0	40
Edgar181	25839	193	381	17	14	11468	173	55	0	17	38157
Edison	680	12	2	1	0	117	3	0	0	0	815
Edokter	1245	30	32	14	20	39	5	0	0	1	1386
Edward	363	0	0	0	0	21	3	0	0	0	387
Edward Z. Yang	12	0	3	0	0	8	1	0	0	0	24
EdwinHJ	563	4	14	4	1	23	7	0	0	0	616
Efe	1427	4	11	1	3	163	0	2	0	1	1612
Egil	61	0	1	0	0	213	3	0	0	0	278
Either way	5440	35	153	10	8	867	43	4	0	7	6567
El C	1717	52	637	58	24	2996	116	0	0	3	5603
Eleassar	81	16	2	0	0	3	0	0	0	0	102
Electionworld	1285	33	1	0	0	0	0	0	0	0	1319
Elf	138	14	0	0	0	0	0	0	0	0	152
Elf-friend	465	1	17	0	0	15	0	0	0	0	498
ElinorD	7274	69	60	1	5	254	15	0	0	0	7678
Eliz81	954	47	93	0	19	228	4	0	0	1	1346
Elkman	5946	12	45	5	4	404	29	0	0	0	6445
Ellsworth	18	0	0	0	0	1	0	0	0	0	19
Elonka	1289	19	45	13	2	479	23	3	0	0	1873
Eloquence	124	5	7	5	0	28	10	0	0	1	180
Eluchil404	886	56	5	0	0	10	0	0	0	0	957
Emperor	40	29	0	0	0	0	0	0	0	0	69
EncMstr	543	53	219	115	32	811	17	9	0	0	1799
Encephalon	92	22	27	6	0	28	36	0	0	0	211
Enchanter	14	0	1	3	0	2	0	0	0	0	20
EncycloPetey	115	9	64	0	2	30	2	0	0	0	222
Enochlau	17605	26	72	20	1	56	4	0	0	0	17784
Epbr123	2230	8	6	0	1	609	7	3	0	1	2865
Erdem Tüzün	0	0	2	0	0	0	0	0	0	0	2
Ericorbit	152	5	137	1	4	250	0	0	0	0	549
Esanchez7587	1934	3	60	4	7	205	1	0	0	0	2214
Espresso Addict	284	8	5	1	0	2	0	0	0	0	300
Esprit15d	389	9	9	2	0	1	0	0	0	0	410
Essexmutant	19	0	1	0	0	7	1	0	0	0	28
Essjay	1806	171	218	23	0	1236	248	0	715	66	4483
Esteffect	785	24	16	6	0	95	21	0	0	0	947
Eugene van der Pijll	968	54	9	3	0	8	1	0	0	0	1043
EurekaLott	696	64	17	1	0	29	0	0	0	0	807
Euryalus	662	5	28	0	8	263	8	10	0	2	986
Ev	132	13	1	0	0	2	0	0	0	0	148
EvanProdromou	0	0	0	0	0	1	0	0	0	0	1
Eventtable	0	0	1	0	0	0	0	0	0	0	1
Evercat	245	2	32	23	1	259	35	0	0	0	597
Everyking	1272	4	7	12	0	28	12	0	0	0	1335
Evil Monkey	1894	13	28	12	0	284	23	0	0	0	2254
Evil saltine	385	23	17	8	0	167	13	0	0	2	615
Evilphoenix	835	60	79	5	0	143	16	0	0	0	1138
Explicit	0	0	4	0	0	0	0	0	0	0	4
Exploding Boy	1372	5	6	2	1	135	12	0	0	0	1533
Extraordinary Machine	341	141	14	5	0	178	28	0	0	0	707
Extreme Unction	543	22	26	2	0	26	4	0	0	0	623
Eye of the Mind	16	2	9	2	1	9	0	0	0	0	39
EyeSerene	75	15	23	1	7	205	10	2	0	0	338
Eyrian	633	23	33	3	0	40	1	0	0	0	733
Ezeu	892	30	37	35	1	123	9	0	0	0	1127
Ezhiki	1038	246	40	12	5	60	23	0	0	0	1424
FCYTravis	3479	174	158	46	19	192	31	0	0	0	4099
FT2	367	24	70	6	5	218	37	10	0	14	751
Fabrictramp	3777	36	161	5	21	79	2	1	0	0	4082
Faithlessthewonderboy	3130	69	185	1	0	398	3	5	0	1	3792
Falco McCloud	0	0	1	0	0	0	0	0	0	0	1
Fang Aili	29076	83	118	52	0	253	12	0	0	0	29594
Fantasy	18	4	4	2	1	1	0	0	0	0	30
Fastfission	194	11	9	6	2	160	20	0	0	0	402
Fawcett5	813	7	3	2	0	58	0	0	0	0	883
FayssalF	408	8	305	51	12	1246	81	0	0	0	2111
Feco	3	0	0	0	0	0	0	0	0	0	3
FeloniousMonk	17	13	29	4	0	143	20	0	0	0	226
Femto	370	4	30	7	0	288	9	0	0	0	708
Fennec	18	3	5	3	0	30	3	0	0	0	62
Ferkelparade	589	3	2	1	0	37	0	0	0	0	632
Feydey	4766	24	58	17	8	91	3	0	0	0	4967
Filelakeshoe	226	7	8	1	3	75	4	1	0	8	333
Filiocht	851	2	3	5	0	36	0	0	0	0	897
Finlay McWalter	325	3	16	5	0	405	19	0	0	0	773
Fir0002	20	0	0	0	0	1	0	0	0	0	21
Firefoxman	269	6	11	2	2	6	0	0	0	1	297
Firsfron	1492	8	88	5	1	265	30	0	0	1	1890
Fish and karate	9143	204	368	21	19	632	373	0	0	10	10770
FisherQueen	6264	18	279	5	11	1216	42	6	0	0	7841
Fishhead64	24	1	0	0	0	27	0	0	0	0	52
Flcelloguy	855	42	775	720	0	268	40	0	0	0	2700
FloNight	467	5	49	6	1	143	18	0	0	0	689
Flockmeal	146	1	1	0	0	14	0	0	0	0	162
Flowerparty	1035	42	11	2	0	23	0	0	0	0	1113
Flucky	0	0	1	0	0	0	0	0	0	0	1
Flyguy649	1309	22	201	8	20	740	37	0	0	0	2337
Formeruser-81	44	0	21	3	0	25	20	0	0	0	113
Formeruser-82	199	24	45	24	0	121	25	0	0	0	438
Foxy Loxy	334	3	105	1	2	18	0	3	0	1	467
Fram	7815	86	171	6	28	361	8	5	0	0	8480
FrancisTyers	172	5	20	7	0	67	15	0	0	0	286
Francs2000	10097	74	122	17	0	574	21	0	0	12	10917
Frank	1749	34	37	1	4	169	5	1	0	5	2005
Frazzydee	363	13	64	32	0	12	13	0	0	0	497
Freakofnurture	9841	927	551	96	5	10422	1134	0	0	0	22976
Fred Bauder	162	47	106	25	0	288	105	1	0	0	734
Fred J	1430	16	12	7	0	36	1	0	0	0	1502
Fredrik	209	3	1	0	0	40	1	0	0	0	254
Freestylefrappe	14	0	4	1	0	48	1	0	0	0	68
FreplySpang	6790	37	35	5	0	776	47	0	0	0	7690
Friday	9306	95	54	22	3	372	38	0	0	12	9902
Fritzpoll	876	15	33	2	6	61	11	3	0	27	1034
Fropuff	28	1	2	0	0	2	0	0	0	0	33
Fuhghettaboutit	5691	106	124	8	0	237	8	9	0	2	6185
Func	9	0	14	1	0	1215	124	0	0	0	1363
Furrykef	109	11	0	1	0	1	0	0	0	0	122
Future Perfect at Sunrise	3541	159	393	46	35	1572	240	13	0	6	6005
Fuzheado	886	18	62	13	1	574	42	0	0	0	1596
Fvasconcellos	1564	120	209	18	45	145	7	2	0	3	2113
Fvw	2867	41	28	17	0	2226	3509	31	0	0	8719
Fys	802	7	29	13	0	168	40	0	0	0	1059
G-Man	112	33	10	5	0	12	1	0	0	0	173
G.A.S	10	1	0	0	0	0	0	0	0	0	11
GDonato	3010	32	295	19	13	421	38	1	0	10	3839
GRBerry	1667	195	53	20	1	113	10	0	0	0	2059
GTBacchus	3992	307	13	13	0	172	12	0	0	0	4509
Gabbe	631	0	0	1	0	6	3	0	0	0	641
Gadfium	1980	30	53	10	2	1599	181	0	0	10	3865
Gadget850	287	19	3	1	0	0	0	0	0	0	310
Gaillimh	27	13	13	2	0	35	7	0	0	0	97
Gaius Cornelius	8	0	1	0	0	60	3	0	0	0	72
Galwhaa	235	6	2	0	0	11	3	0	0	0	257
Gamaliel	1549	108	172	72	8	1010	163	1	0	0	3083
Ganeshk	795	128	11	7	0	20	10	0	0	0	971
Garden	800	34	39	4	11	132	16	5	0	8	1049
Garion96	12489	329	60	11	5	170	9	0	0	4	13077
Garzo	351	4	40	5	2	444	8	0	0	0	854
Gatoclass	113	2	27	24	1	1	0	0	0	0	168
Gator1	172	15	55	3	0	183	26	0	0	0	454
Gazimoff	316	2	5	2	1	72	2	1	0	2	403
Gdr	337	10	47	45	0	5	0	0	0	0	444
Ged UK	1233	10	101	3	28	277	0	8	0	0	1660
GeeJo	704	8	62	33	0	4	0	0	0	0	811
GeneralPatton	25	0	3	3	0	13	3	0	0	0	47
Geni	9970	290	181	102	0	444	90	0	0	1	11078
Geniac	177	0	49	17	3	454	4	0	0	0	704
Gentgeen	99	6	2	0	1	35	4	0	0	0	147
Geogre	4983	11	18	2	0	220	16	0	0	0	5250
Geometry guy	225	22	1	1	3	0	0	0	0	2	254
Georgewilliamherbert	56	103	125	4	15	973	91	5	0	1	1373
Gerald Farinas	65	0	3	4	1	4	1	0	0	0	78
Getluv	0	0	1	0	0	0	0	0	0	0	1
Gilliam	929	3	105	23	15	4932	13	5	0	0	6025
Gimmetrow	907	67	156	2	50	262	23	4	0	8	1479
Ginkgo100	963	17	38	13	0	527	14	0	0	2	1574
Gladys j cortez	3	0	24	2	2	82	4	5	0	0	122
GlassCobra	2152	66	74	8	8	1229	13	5	0	7	3562
Glen	1609	83	182	17	1	4516	198	0	0	0	6606
Gnangarra	1374	32	170	17	6	228	40	0	0	2	1869
Gnasher29	0	0	1	0	0	0	0	0	0	0	1
Goatasaur	16	2	1	1	0	2	0	0	0	0	22
Gogo Dodo	23026	85	664	4	89	3241	40	37	0	1	27187
Golbez	5481	82	216	79	16	1262	161	1	0	0	7298
Goldom	1899	7	8	0	0	50	4	0	0	0	1968
Gonzo fan2007	3777	80	405	38	66	240	21	0	0	9	4636
Good Olfactory	3133	83	29	6	1	41	4	4	0	0	3301
Goodnightmush	614	1	13	1	3	99	1	0	0	0	732
Goodoldpolonius2	1	0	4	2	0	27	0	0	0	0	34
GraemeL	971	6	59	28	2	1177	87	3	0	0	2333
Graft	2	0	1	1	2	0	0	0	0	0	6
Graham87	2265	3851	74	6	16	93	6	1	0	2	6314
GrahamColm	22	0	9	2	1	9	1	0	0	0	44
Grandmasterka	3050	35	118	11	1	527	30	1	0	3	3776
Grant65	6	5	2	1	0	3	0	0	0	0	17
Greeves	323	5	6	2	0	26	0	0	0	7	369
GregAsche	239	1	13	17	0	152	9	0	0	0	431
GregRobson	1	0	0	0	0	0	0	0	0	0	1
Grenavitar	864	32	3	2	0	41	7	0	0	1	950
Grendelkhan	38	2	0	0	0	4	0	0	0	0	44
Grm wnr	533	6	4	2	0	38	5	0	0	0	588
Grossmünster	0	0	1	0	0	0	0	0	0	0	1
Ground Zero	58	0	28	6	4	24	0	3	0	0	123
Grue	198	100	10	18	0	25	7	0	0	0	358
Grunt	86	5	4	2	0	10	2	0	0	0	109
Grutness	2276	100	79	6	2	23	16	0	0	0	2502
Gryffindor	105	8	5	0	0	1	1	0	0	0	120
Gtrmp	403	12	3	0	0	1	0	0	0	0	419
Guanaco	513	188	40	42	0	387	257	0	0	0	1427
Guettarda	188	69	40	26	5	66	18	0	0	0	412
Gurch	36411	1467	76	22	0	695	17	0	0	0	38688
Gurubrahma	309	6	144	93	0	39	2	0	0	0	593
Gutza	12	1	2	1	2	5	3	0	0	0	26
Gwalla	896	10	2	1	0	65	8	0	0	0	982
Gwen Gale	7137	231	451	35	24	904	136	22	0	1	8941
Gwernol	3823	26	343	45	10	4359	157	0	0	0	8763
Gyrofrog	142	11	12	2	2	238	14	1	0	0	422
H	6668	26	96	39	0	1080	129	0	0	0	8038
Hadal	1484	0	6	7	0	316	3	0	0	0	1816
Haemo	2305	14	69	7	18	226	43	0	0	0	2682
Hajor	163	7	13	12	0	16	1	0	0	0	212
Hall Monitor	460	12	270	32	0	2956	235	0	0	0	3965
Hamster Sandwich	3	1	0	0	0	18	3	0	0	0	25
Happy-melon	2360	48	190	51	17	0	0	0	0	2	2668
HappyCamper	4326	105	121	87	0	586	458	0	0	0	5683
Happyme22	551	9	43	1	6	11	0	0	0	0	621
Harej	1889	65	118	44	7	34	17	0	0	0	2174
Harold Oxley	0	0	2	0	0	0	0	0	0	0	2
Harro5	4810	33	72	4	0	167	10	0	0	0	5096
Harryboyles	2379	2	10	1	0	4	1	0	0	0	2397
Hashar	19	0	0	0	0	0	0	0	0	0	19
Hatricide	0	0	1	0	0	0	0	0	0	0	1
Haukurth	1195	67	15	34	0	78	13	0	0	3	1405
Hawstom	3	0	5	1	0	6	1	0	0	0	16
Hbdragon88	660	7	7	1	2	1	0	0	0	0	678
Hcheney	20	0	0	0	0	15	0	0	0	0	35
Hdt83	16	0	9	2	0	73	2	0	0	0	102
Heah	782	14	17	6	0	92	9	0	0	0	920
Heimstern	427	19	95	8	5	891	38	3	0	0	1486
Hemanshu	447	5	0	0	0	5	0	0	0	0	457
Hemlock Martinis	801	44	28	2	5	84	8	0	0	0	972
Henrik	449	25	31	13	3	154	22	1	0	4	702
Henry Flower	125	1	18	10	0	213	8	0	0	0	375
Henrygb	1491	36	6	3	0	21	0	0	0	0	1557
Hephaestos	1	2	3	2	0	0	0	0	0	0	8
Herbythyme	2274	11	45	2	6	427	25	1	0	0	2791
HereToHelp	135	3	29	10	1	16	3	0	0	0	197
Hermione1980	501	4	4	3	1	11	2	0	0	0	526
Hernando Magallanes	0	0	4	0	0	0	0	0	0	0	4
Heron	23	2	0	0	0	54	4	0	0	0	83
Herostratus	5268	77	14	4	0	65	5	0	0	0	5433
Hersfold	2672	51	939	17	354	821	182	93	0	30	5159
Hesperian	2200	193	79	14	2	344	55	0	0	0	2887
Hiberniantears	663	2	53	1	17	900	22	4	0	2	1664
Hiding	1725	119	33	24	1	49	14	0	0	4	1969
Hit bull, win steak	162	4	2	0	0	32	0	1	0	0	201
Hmhur	0	0	1	0	0	0	0	0	0	0	1
Hmwith	5256	47	27	1	1	63	4	3	0	1	5403
Hoary	402	13	57	5	3	190	7	0	0	0	677
Horologium	425	2	99	4	22	55	0	3	0	0	610
HorsePunchKid	189	0	0	0	0	0	0	0	0	0	189
HowDumbAreYou	0	0	1	0	0	0	0	0	0	0	1
Howcheng	18934	177	68	99	1	73	11	0	0	1	19364
Hu12	1377	49	334	13	1	921	35	0	0	1	2731
Humblefool	596	11	3	2	0	4	2	0	0	0	618
Humus sapiens	73	2	64	4	0	124	12	0	0	0	279
Huntster	327	20	20	4	2	16	0	0	0	0	389
Hurricanehink	198	2	0	0	0	5	0	0	0	0	205
Husnock	59	1	22	8	0	27	9	0	0	0	126
Husond	1239	11	422	37	22	1139	39	0	0	1	2910
Hut 8.5	5396	53	627	16	37	1109	17	2	0	19	7276
Hyacinth	328	10	0	1	0	6	1	0	0	0	346
I'm Spartacus!	211	10	11	2	1	44	7	2	0	2	290
IMatthew	0	0	1	0	0	0	0	0	0	0	1
Ian Dalziel	0	0	1	0	0	0	0	0	0	0	1
Ian13	1791	50	27	8	2	63	21	0	0	0	1962
IanManka	1192	236	71	11	6	213	26	2	0	0	1757
Ianblair23	130	39	0	1	0	0	0	0	0	0	170
Icairns	204	7	1	1	0	3583	64	1	0	0	3861
Ice Cold Beer	1430	11	9	3	1	299	11	4	0	0	1768
IceKarma	1724	8	2	2	0	0	1	0	0	0	1737
Icestorm815	626	17	54	6	13	144	7	9	0	3	879
Icewedge	427	2	2	0	1	102	1	1	0	1	537
Idont Havaname	159	5	3	2	0	48	0	0	0	0	217
Ihcoyc	163	4	13	0	0	1	0	0	0	0	181
Ike9898	303	3	5	1	0	30	3	0	0	0	345
Ikiroid	61	5	1	0	0	20	1	0	0	0	88
Ilmari Karonen	1072	640	32	2	1	210	32	0	0	0	1989
Ilyanep	153	2	6	2	0	32	7	0	15	18	235
Improv	1233	9	188	11	0	79	15	0	0	0	1535
Imran	1	0	0	0	0	1	0	0	0	0	2
InShaneee	3951	20	91	5	0	528	56	0	0	0	4651
Infrogmation	4503	72	116	8	3	5477	114	3	2	1	10299
Inter	645	4	6	1	0	181	10	0	0	0	847
Interiot	1319	23	14	8	0	11	1	0	0	0	1376
Ioeth	2520	52	123	30	15	1463	38	3	0	11	4255
Iridescent	3175	71	117	10	25	832	43	5	0	8	4286
Irina Spalko	0	0	1	0	0	0	0	0	0	0	1
Irishguy	11708	25	107	3	0	1413	14	0	0	0	13270
IronGargoyle	2973	210	47	16	5	118	2	0	0	0	3371
Ish ishwar	45	3	1	0	0	11	1	0	0	0	61
Islander	586	20	104	1	6	74	5	0	0	3	799
Isomorphic	213	0	1	0	0	14	1	0	0	0	229
Isotope23	2009	23	124	33	10	490	59	0	0	0	2748
It Is Me Here	112	3	4	2	0	6	3	1	0	3	134
Ixfd64	3435	80	61	201	0	1257	3729	3	0	1	8767
Izehar	148	3	18	21	0	89	20	0	0	0	299
J Di	1547	57	75	32	0	581	44	0	0	0	2336
J Greb	673	44	59	2	14	22	2	1	0	0	817
J Milburn	7064	106	38	7	14	67	0	0	0	2	7298
J-stan	178	7	7	3	4	76	6	0	0	24	305
J.J.	1	2	0	0	0	1	0	0	0	0	4
J.delanoy	5313	177	548	28	144	8266	179	327	0	35	15017
J.smith	1172	46	25	7	2	240	41	0	0	0	1533
JCarriker	122	29	9	4	0	61	13	0	0	0	238
JDoorjam	1759	44	98	18	3	121	21	0	0	0	2064
JForget	3973	85	372	505	160	1365	12	9	0	0	6481
JGHowes	167	13	25	0	2	47	1	3	0	0	258
JHunterJ	692	63	8	1	1	10	2	0	0	0	777
JIP	5932	56	22	4	0	143	3	0	0	0	6160
JLaTondre	13454	52	30	4	0	1290	15	0	0	0	14845
JPD	622	5	2	2	0	19	1	0	0	0	651
JPG-GR	4887	47	11	1	0	10	0	0	0	0	4956
JRM	174	9	11	17	0	15	28	0	0	0	254
JWSchmidt	42	1	13	5	0	58	1	0	0	1	121
JYolkowski	2375	20	11	27	0	139	9	1	0	0	2582
JaGa	0	0	1	0	0	0	0	0	0	0	1
Jac16888	10643	52	48	3	5	126	8	50	0	1	10936
Jacoplane	324	33	91	45	3	159	11	0	0	0	666
Jake Nelson	21	1	0	0	0	1	0	0	0	0	23
James086	3983	26	17	1	2	336	12	0	0	1	4378
JamesR	1059	8	42	4	10	100	7	1	0	3	1234
JamesTeterenko	222	2	27	18	0	160	4	0	0	0	433
Jamesday	6	7	2	0	0	6	1	0	0	0	22
Jaranda	17921	149	323	98	2	1208	229	0	0	0	19930
Jasonbres	0	0	1	0	0	0	0	0	0	0	1
Jauerback	1168	6	53	7	4	678	54	5	0	3	1978
Jaxl	1604	10	3	1	0	36	0	0	0	0	1654
Jay	17	6	0	0	0	0	0	0	0	0	23
Jayjg	463	155	423	68	1	1978	228	0	0	0	3316
Jayron32	1179	15	271	9	28	1447	183	48	0	10	3190
Jayvdb	813	150	67	9	11	131	22	0	0	0	1203
Jbmurray	87	5	6	6	0	18	1	0	0	0	123
Jc37	1453	101	40	9	8	60	7	1	0	1	1680
Jclemens	5907	50	143	1	0	379	2	17	0	6	6505
Jcw69	67	1	0	0	0	108	3	0	0	0	179
Jdavidb	81	0	13	2	0	48	2	0	0	0	146
Jdforrester	387	52	23	7	0	48	12	0	0	0	529
JeLuF	146	3	2	0	0	2	1	0	0	4	158
Jedi6	14	0	2	3	0	10	1	0	0	0	30
Jeepday	511	9	15	1	0	454	8	2	0	0	1000
Jeffrey O. Gustafson	14386	197	469	28	37	727	107	0	0	1	15952
Jehochman	130	21	85	11	11	449	79	4	0	1	791
Jengod	125	0	7	0	0	0	0	0	0	0	132
Jennavecia	2188	75	245	20	53	426	49	1	0	12	3069
JeremyA	1922	15	30	15	0	258	13	0	0	0	2253
Jerry	3514	198	99	14	1	72	9	0	0	3	3910
Jersey Devil	554	10	28	6	2	187	18	0	0	0	805
Jersyko	578	1	52	10	5	116	6	0	0	0	768
Jerzy	276	142	4	0	0	104	5	1	0	0	532
Jesse Viviano	1667	63	11	5	2	320	57	0	0	0	2125
JesseW	29028	126	36	8	0	77	21	0	0	0	29296
Jfdwolff	436	39	96	15	7	262	19	0	0	0	874
Jiang	370	18	17	5	0	89	3	0	0	0	502
Jimbo Wales	296	13	42	13	2	77	41	0	0	9	493
Jimfbleak	29808	127	701	25	2	1391	234	0	0	0	32288
Jimtinman3909	0	0	1	0	0	0	0	0	0	0	1
Jingiby	0	0	1	0	0	0	0	0	0	0	1
Jinian	1737	5	9	3	0	0	0	0	0	0	1754
Jitse Niesen	624	23	14	9	2	34	4	0	0	0	710
Jj137	4998	59	282	29	45	873	19	0	0	33	6338
Jkelly	3628	61	35	17	0	188	12	0	0	0	3941
Jmabel	161	32	7	7	0	126	5	0	0	0	338
Jmlk17	11140	72	942	48	79	2032	52	0	0	0	14365
Jnc	1906	156	114	34	0	46	20	0	0	0	2276
Jni	19112	26	24	4	0	199	2	0	0	0	19367
Jnothman	60	1	1	0	0	1	1	0	0	0	64
JoJan	6131	29	114	2	4	1232	9	1	0	0	7522
JoanneB	1180	48	51	22	0	815	105	0	0	0	2221
JodyB	1846	38	21	4	4	305	22	0	0	0	2240
Joe Beaudoin Jr.	544	1	17	3	0	68	2	0	0	0	635
Joelr31	661	12	9	8	0	83	1	0	0	0	774
Jogers	91	0	0	0	0	0	0	0	0	0	91
Johan Elisson	351	14	11	4	0	42	5	0	0	0	427
Johann Wolfgang	54	2	2	1	0	57	1	0	0	0	117
John	2507	17	82	3	5	1152	25	1	0	0	3792
John Carter	313	2	15	1	1	20	4	3	0	2	361
John Kenney	176	31	3	3	0	8	4	0	0	0	225
John Reaves	11899	175	413	161	41	2253	227	1	0	49	15219
JohnOwens	6	0	0	1	0	0	0	0	0	0	7
Johnleemk	1751	20	6	3	0	240	20	0	0	0	2040
Johntex	131	28	27	4	1	180	11	0	0	0	382
Joke137	15	0	1	1	0	29	3	0	0	0	49
Jon513	1295	19	3	0	0	42	1	0	0	2	1362
JonMoore	39	1	2	2	0	0	0	0	0	0	44
Jonathunder	121	13	5	1	0	62	3	0	0	0	205
Jondel	243	1	29	8	0	65	1	0	0	0	347
Jonny-mt	1024	40	67	5	10	217	15	0	0	8	1386
Joolz	244	3	0	1	0	0	1	0	0	0	249
Josephjames21	0	0	1	0	0	0	0	0	0	0	1
Josh Grosse	38	2	0	0	0	0	0	0	0	0	40
Joshbuddy	22	0	0	0	0	5	0	0	0	0	27
JoshuaZ	597	51	102	13	0	627	71	0	0	0	1461
Josiah Rowe	109	25	75	10	0	333	19	0	0	0	571
Jossi	760	34	356	95	28	2058	77	2	0	1	3411
Journalist	387	6	48	19	5	121	14	0	0	3	603
Joy	271	94	14	6	0	4	0	0	0	0	389
Joyous!	8429	13	131	50	0	430	18	0	0	0	9071
Jpgordon	950	21	188	17	10	2624	261	24	0	0	4095
Jrdioko	429	0	0	0	0	18	0	0	0	0	447
Jredmond	354	9	19	4	1	176	10	14	0	0	587
Jreferee	1375	49	144	6	27	36	4	0	0	0	1641
Jtdirl	111	29	118	44	0	431	29	0	0	0	762
Jtkiefer	870	100	53	15	0	403	85	0	0	0	1526
Judas Preist is effin awsome	0	0	2	0	0	0	0	0	0	0	2
Juliancolton	5453	113	443	27	157	1682	26	12	0	114	8027
Jusjih	1357	86	9	1	1	5	0	0	0	0	1459
Justinc	520	2	0	0	0	0	0	0	0	0	522
Jwrosenzweig	40	0	1	0	0	7	0	0	0	1	49
JzG	10131	254	644	36	20	1376	89	6	0	0	12556
Jza84	281	0	54	1	5	131	6	1	0	5	484
Jéské Couriano	359	51	718	57	88	876	78	19	0	0	2246
K1Bond007	354	8	3	3	0	37	4	0	0	0	409
KF	509	15	2	0	0	1	0	0	0	0	527
KFP	733	116	14	4	1	65	10	0	0	0	943
Kafziel	1974	30	197	21	15	1376	57	8	0	7	3685
Kaihsu	325	23	11	6	0	127	15	0	0	0	507
Kaiser matias	10	3	3	0	0	15	0	0	0	0	31
Kaisershatner	70	0	14	3	2	478	16	0	0	0	583
Kakofonous	66	3	5	1	0	4	1	0	0	1	81
Kaldari	234	22	64	16	10	61	10	1	0	0	418
Kane5187	241	6	1	0	0	1	0	0	0	0	249
Kanonkas	548	20	69	11	48	946	50	448	0	11	2151
Karada	623	16	48	8	1	559	23	1	0	0	1279
Karanacs	634	2	10	0	1	9	0	0	0	0	656
Karl Dickman	2771	41	9	8	0	33	10	0	0	0	2872
Karmafist	165	35	15	5	0	160	21	0	0	0	401
Katefan0	841	20	212	128	0	351	52	0	0	0	1604
Kathryn NicDhàna	27	0	2	1	0	4	1	0	0	0	35
Kbdank71	20884	53	43	2	0	357	13	7	0	1	21360
Kbh3rd	104	10	18	0	1	1049	47	1	0	0	1230
Kbthompson	109	20	20	1	1	94	2	0	0	1	248
Kcordina	1220	41	9	0	0	168	7	0	0	0	1445
Keegan	3629	107	74	19	8	238	27	0	0	11	4113
Keenan Pepper	295	1	3	0	0	11	0	0	0	0	310
Keeper76	2826	75	64	12	9	86	14	0	0	22	3108
Keilana	1635	51	72	12	9	614	19	0	0	11	2423
Keith D	809	290	101	0	5	47	1	0	0	1	1254
Kelly Martin	736	56	27	11	0	413	60	0	0	0	1303
Kevin	2818	40	92	5	10	577	27	6	0	5	3580
Khaosworks	330	12	10	4	0	162	80	0	0	0	598
Khendon	3	0	1	2	0	0	0	0	0	0	6
Khoikhoi	1196	298	593	223	11	1752	143	3	0	1	4220
Khukri	884	10	52	7	2	435	14	0	0	0	1404
Khym Chanur	0	0	6	0	0	0	0	0	0	0	6
Kicking222	527	1	0	0	0	0	0	0	0	0	528
KieferSkunk	725	11	1	0	3	9	2	0	0	0	751
KillerChihuahua	1060	31	87	12	3	361	27	6	0	0	1587
Kilo-Lima	1207	2	36	9	0	668	69	0	0	0	1991
Kim Bruning	49	5	11	3	0	33	14	0	0	0	115
Kim Dent-Brown	284	1	17	2	0	3	1	0	0	0	308
Kimchi.sg	42753	707	536	117	20	1897	199	19	0	0	46248
KimvdLinde	825	51	60	19	1	46	7	1	0	0	1010
King of Hearts	3943	106	353	69	17	1531	531	0	0	7	6557
Kingboyk	3141	315	103	12	0	214	24	0	0	2	3811
Kingturtle	489	23	166	12	25	315	9	5	1167	65	2276
Kinu	4365	30	408	19	6	751	62	0	0	0	5641
Kirill Lokshin	1753	47	21	1	3	161	14	0	0	0	2000
Kizor	55	140	8	7	1	21	3	0	0	0	235
Kjkolb	477	14	1	1	0	137	8	0	0	0	638
Kmccoy	49	4	8	2	1	32	2	0	0	0	98
KnightLago	1000	44	197	15	31	813	83	6	0	1	2190
Knowledge Seeker	115	32	19	19	0	110	75	0	0	0	370
KnowledgeOfSelf	1671	27	261	27	17	5512	114	0	0	0	7629
Konstable	1080	91	97	25	0	435	135	0	0	0	1863
Kosebamse	335	0	1	0	0	10	0	0	0	0	346
Kpjas	121	0	2	0	0	1	0	0	0	0	124
KrakatoaKatie	3224	69	47	5	5	286	16	0	0	2	3654
Kralizec!	612	93	429	199	42	2772	41	12	0	7	4207
Krimpet	14857	107	307	26	43	3889	822	2369	0	6	22426
Ktsquare	11	0	0	0	0	0	1	0	0	0	12
Kubigula	7780	35	105	9	1	530	19	0	0	0	8479
Kukini	920	11	50	2	2	3479	4	2	0	0	4470
Kungfuadam	16119	264	186	39	0	2569	245	0	0	0	19422
Kurt Shaped Box	1004	12	103	5	30	1273	20	5	0	0	2452
Kuru	1687	5	255	9	6	3525	59	31	0	4	5581
Kurykh	6170	107	183	19	42	600	72	4	0	4	7201
Kusma	11134	99	163	30	8	917	31	4	0	7	12393
Kwamikagami	560	22	71	8	14	188	11	8	0	0	882
Kwsn	1717	13	46	4	17	220	32	0	0	0	2049
Kyle Barbour	477	115	2	0	0	46	11	0	0	0	651
Kylu	1425	44	191	12	25	246	26	0	0	35	2004
Kyorosuke	1013	46	43	23	0	162	47	0	0	0	1334
Kzollman	125	34	1	0	0	2	1	0	0	0	163
L'Aquatique	667	10	21	3	13	46	8	0	0	3	771
LAX	219	3	3	4	1	95	1	0	0	4	330
La goutte de pluie	589	30	32	17	2	184	37	0	0	0	891
Lachatdelarue	237	7	0	1	0	6	1	0	0	0	252
Lacrimosus	222	3	16	1	0	44	1	0	0	0	287
LadyofShalott	1023	10	16	2	1	63	5	0	0	1	1121
Lankiveil	715	15	7	0	1	76	3	2	0	0	819
Lar	920	63	101	29	9	505	39	2	0	9	1677
Larry V	263	11	1	1	0	2	0	0	0	0	278
Laurascudder	848	4	3	2	0	9	1	0	0	0	867
Law	27	2	2	1	0	11	2	0	0	0	45
Lazulilasher	98	6	12	4	4	47	0	2	0	1	174
LeaveSleaves	0	0	6	0	0	0	0	0	0	0	6
Lectonar	14345	62	165	147	80	378	9	6	0	0	15192
Leebo	547	11	16	0	0	128	7	0	0	0	709
Leithp	357	19	6	1	0	329	12	0	0	0	724
Lenticel	200	5	1	0	0	0	0	0	0	0	206
LessHeard vanU	354	43	253	9	18	2362	63	13	0	0	3115
Lethe	35	13	3	2	0	34	16	0	0	0	103
Lexi Marie	604	27	41	25	0	157	52	0	0	0	906
Lexicon	161	23	10	3	1	56	5	0	0	0	259
Lexor	40	0	0	0	0	0	0	0	0	0	40
Lid	2257	9	16	0	0	47	0	0	0	0	2329
Lifebaka	1977	132	34	10	9	112	5	1	0	2	2282
Lightdarkness	1527	18	5	3	0	183	19	0	0	0	1755
Ligulem	4947	12	749	660	0	150	6	0	0	0	6524
LinguistAtLarge	154	2	1	0	0	0	0	0	0	2	159
Linuxbeak	339	5	64	17	0	389	34	0	20	12	880
Lipinki	0	0	2	0	0	0	0	0	0	0	2
LiquidGhoul	27	1	1	0	0	0	0	0	0	0	29
LittleDan	33	1	1	2	0	4	0	0	0	0	41
Llywrch	153	6	15	5	1	24	8	0	0	0	212
Lommer	737	2	1	2	0	1	0	0	0	0	743
Lomn	1	0	1	1	0	2	0	0	0	0	5
Longhair	5715	10	124	38	3	1680	41	1	0	4	7616
Lord Emsworth	2	0	0	0	0	0	0	0	0	0	2
Lord Voldemort	182	1	9	26	0	4	4	0	0	0	226
LordAmeth	52	1	0	0	0	0	0	0	0	0	53
Loren36	76	1	12	4	1	302	20	0	0	0	416
Lostintherush	784	7	25	5	2	112	6	0	0	0	941
LouI	35	1	0	0	0	0	0	0	0	0	36
Lowellian	235	65	5	0	0	0	0	0	0	0	305
Lquilter	22	1	0	0	0	6	0	0	0	0	29
Lradrama	181	2	0	0	0	201	15	0	0	1	400
Lucky 6.9	27946	129	766	50	0	1919	248	0	0	0	31058
Ludraman	16	3	2	2	0	4	0	0	0	0	27
Luigi30	3279	15	52	2	0	152	5	0	0	0	3505
Luis Hernández García	0	0	2	0	0	0	0	0	0	0	2
Luk	15283	199	608	25	116	3506	325	76	0	11	20149
Luna Santin	6214	99	1804	160	122	12440	1022	84	0	13	21958
Lupin	642	1	5	3	0	126	8	0	0	0	785
Lupo	1911	15	9	0	0	398	21	0	0	0	2354
Lyrl	246	1	0	1	0	4	0	0	0	0	252
MBK004	598	10	123	4	18	288	16	7	0	19	1083
MBisanz	24372	341	381	16	72	1232	84	16	0	126	26640
MBoarSidwell	0	0	1	0	0	0	0	0	0	0	1
MC MasterChef	103	0	0	0	0	35	4	0	0	0	142
MCB	1166	17	33	4	3	422	17	1	0	0	1663
MECU	5322	21	2	0	1	7	0	0	0	0	5353
MER-C	0	0	15	0	0	0	0	0	0	0	15
MGodwin	2	0	0	0	0	0	0	0	0	0	2
MJCdetroit	104	6	28	3	11	5	0	0	0	0	157
MONGO	3035	27	116	35	0	396	39	0	0	0	3648
MPF	441	9	7	0	0	17	0	0	0	0	474
MPUploadBot	50	7	52	0	3	0	0	0	0	0	112
MSGJ	457	17	28	6	8	40	1	3	0	4	564
MZMcBride	804945	571	7286	922	419	159	116	187	0	1	814606
MacGyverMagic	5579	104	193	106	2	279	33	0	0	0	6296
Mackensen	2476	106	68	7	1	1579	237	0	0	0	4474
Mackeriv	96	1	3	0	0	14	3	0	0	0	117
Madchester	512	15	82	18	3	237	10	0	0	0	877
Madman	791	43	21	4	4	137	14	0	0	0	1014
Mafia Expert	0	0	1	0	0	0	0	0	0	0	1
Magioladitis	892	6	17	0	4	59	3	1	0	0	982
Magnus Manske	886	4	1	1	0	14	0	0	0	0	906
Mahanga	881	9	8	1	0	56	3	0	0	0	958
Mailer diablo	49305	237	149	15	1	244	14	1	0	0	49966
Mairi	695	5	3	2	0	5	0	0	0	0	710
Majorly	15244	506	548	104	7	660	39	0	0	10	17118
Makemi	4809	53	79	13	0	378	25	0	0	0	5357
Malcolm	1283	63	47	17	2	274	19	0	0	0	1705
Malcolm Farmer	776	3	0	0	0	24	1	0	0	0	804
Malcolmxl5	4033	21	196	4	9	19	0	1	0	2	4285
Malinaccier	606	2	99	3	14	539	13	3	0	60	1339
Mallanox	1860	19	2	1	0	5	0	0	0	0	1887
Malo	2315	13	110	8	0	2234	246	0	0	0	4926
Mangojuice	4241	78	98	10	4	807	274	36	0	23	5571
Manning Bartlett	1096	10	1	0	2	13	2	0	0	0	1124
Marasmusine	4169	26	30	2	0	242	4	0	0	0	4473
Mardetanha	0	0	0	0	0	1	1	0	0	0	2
Marianocecowski	242	8	0	3	0	32	0	0	0	0	285
Marine 69-71	209	4	42	18	0	113	35	0	0	1	422
Mark	447	84	115	26	8	152	36	3	0	0	871
Mark Dingemanse	293	0	1	3	0	45	3	0	0	0	345
Mark Richards	0	0	0	0	0	0	5	0	0	0	5
Mark83	368	10	1	2	0	3	0	0	0	0	384
MarkGallagher	1931	27	81	61	0	116	26	0	0	0	2242
MarkSweep	1945	23	105	5	0	1133	41	0	0	0	3252
Markles	61	8	37	1	6	0	0	0	0	0	113
Marshman	25	0	0	0	0	30	2	0	0	0	57
Marskell	40	2	32	16	3	25	0	0	0	0	118
Martijn Hoekstra	1099	13	4	1	0	106	3	0	0	1	1227
MartinHarper	14	0	0	1	0	0	0	0	0	0	15
Martinp23	1387	89	226	31	4	358	71	1	0	4	2171
Martyman	131	2	2	0	0	35	1	0	0	0	171
Marudubshinki	4852	55	28	14	0	448	30	0	0	0	5427
Marumari	0	0	0	0	1	8	0	0	0	0	9
Masamage	839	16	16	2	3	19	1	0	0	0	896
Masem	84	8	5	0	0	10	0	0	0	0	107
MastCell	5568	68	474	21	47	930	71	3	0	1	7183
Master Jay	196	8	81	6	1	303	36	0	0	0	631
Master Thief Garrett	1144	6	7	1	0	12	2	0	0	0	1172
Master of Puppets	2200	62	241	30	46	723	31	1	0	5	3339
Matilda	221	20	33	15	1	231	10	0	0	0	531
Matt Britt	5	2	2	0	0	1	0	0	0	0	10
Matt Crypto	132	21	37	22	0	173	18	0	0	0	403
Mattbr	2529	65	4	0	0	9	0	0	0	0	2607
MatthewUND	53	1	0	0	0	5	0	0	0	0	59
Matthewedwards	2061	81	23	7	1	23	3	0	0	0	2199
Mattinbgn	895	32	37	3	5	53	1	0	0	0	1026
Mattyb420	0	0	2	0	0	0	0	0	0	0	2
Maury Markowitz	147	18	0	0	1	47	5	0	0	0	218
Mav	450	9	118	2	1	17	6	0	0	0	603
MaxSem	4846	23	167	25	7	343	96	3	0	14	5524
Maxim	105258	902	2466	259	548	1379	124	74	0	116	111126
Maxim's JS test account	0	0	1	0	0	0	0	0	0	0	1
Maximus Rex	68	0	0	0	0	0	0	0	0	0	68
Mbecker	0	0	1	3	0	3	1	0	0	0	8
Mdd4696	2233	8	31	8	0	88	4	0	0	0	2372
MediaWiki default	1310	0	0	0	0	0	0	0	0	0	1310
Meegs	8893	33	1	0	0	97	5	0	0	0	9029
Meelar	1264	7	2	1	0	121	1	0	0	0	1396
MegaHL90	0	0	1	0	0	0	0	0	0	0	1
Mel Etitis	3126	19	160	24	0	848	57	0	0	0	4234
Melburnian	111	1	2	1	0	26	0	0	0	0	141
Melchoir	699	2	11	1	0	75	1	1	0	0	790
Melesse	21412	54	3	0	0	1	0	0	0	0	21470
Menchi	20	2	0	0	0	0	0	0	0	0	22
Meno25	328	32	3	1	1	7	3	1	0	2	378
Mentifisto	1368	9	14	0	0	1170	5	19	0	11	2596
Mercury	314	93	82	34	25	137	62	0	0	0	747
Merkinsmum	0	0	3	0	0	0	0	0	0	0	3
Merope	11766	60	56	6	0	834	15	0	0	0	12737
Merovingian	1986	100	32	14	0	275	21	0	0	26	2454
Merphant	1	2	0	0	0	0	0	0	0	0	3
Metalx97856	0	0	1	0	0	0	0	0	0	0	1
Metamagician3000	110	4	11	4	0	28	5	0	0	0	162
Metropolitan90	2422	23	1	0	1	6	2	0	0	0	2455
Mets501	9380	98	207	38	0	293	22	0	0	0	10038
Mfield	532	8	93	5	14	321	7	16	0	1	997
Miborovsky	46	3	19	13	0	30	5	0	0	0	116
Michael Greiner	645	13	10	7	0	10	1	0	0	0	686
Michael Hardy	247	61	1	0	0	15	4	1	0	0	329
Michael Snow	875	106	22	164	1	54	68	1	0	0	1291
MichaelBillington	507	8	6	0	0	4567	70	0	0	2	5160
Michaelas10	363	22	80	8	1	61	8	0	0	0	543
Mike 7	1263	16	39	3	0	285	6	0	0	0	1612
Mike Halterman	148	9	12	9	1	64	10	0	0	0	253
Mike Peel	2474	19	4	3	0	4	0	1	0	0	2505
Mike Rosoft	14157	399	402	45	18	2283	390	10	0	0	17704
Mike Selinker	2011	15	11	4	0	17	1	0	0	0	2059
Mikeblas	128	1	0	0	0	0	0	0	0	0	129
MilborneOne	167	0	0	0	0	3	0	0	0	0	170
Mindmatrix	2299	14	22	2	0	43	1	1	0	1	2383
Mindspillage	2299	75	53	27	2	91	46	0	0	0	2593
Minesweeper	13	2	0	0	0	1	0	0	0	0	16
Mirv	1146	28	38	37	0	40	46	0	0	1	1336
MisfitToys	79	8	0	0	0	0	0	0	0	0	87
Misza13	223393	280	284	21	2	4606	268	0	0	6	228860
Mitchazenia	114	3	2	0	0	13	2	0	0	0	134
Mkmcconn	20	0	3	3	0	0	0	0	0	0	26
Mkweise	30	2	0	1	0	1	0	0	0	0	34
Mo0	3125	23	14	3	0	229	21	1	0	0	3416
MoRsE	54	2	0	0	0	24	1	0	0	0	81
Modemac	14	0	3	5	0	6	1	0	0	0	29
Moink	304	3	2	0	0	7	7	0	0	0	323
Molikroth	0	0	1	0	0	0	0	0	0	0	1
Moncrief	99	1	4	3	0	40	1	0	0	0	148
Moni3	38	3	23	1	7	20	0	1	0	0	93
Montrealais	22	1	0	0	0	0	0	0	0	0	23
Moondyne	1958	55	58	14	2	299	38	0	0	0	2424
Moonriddengirl	7110	790	111	14	9	263	12	6	0	0	8315
Moreschi	1031	26	190	11	40	811	80	0	0	17	2206
Moriori	3534	3	0	0	0	252	5	0	0	0	3794
Morven	814	26	7	1	0	224	54	1	0	0	1127
Morwen	615	14	6	1	0	84	8	0	0	0	728
Mr. Lefty	1526	10	62	6	0	597	31	1	0	0	2233
Mr.Z-man	18790	238	478	50	284	1616	181	25	0	25	21687
MrDarcy	222	5	36	7	0	143	12	0	0	0	425
Mtmelendez	1039	5	11	0	0	2	0	0	0	0	1057
Mufka	753	1	12	0	0	121	0	7	0	0	894
Mulad	41	5	0	0	0	0	0	0	0	0	46
Mushroom	21971	182	34	9	3	440	90	0	0	0	22729
Musical Linguist	324	149	109	24	0	900	71	0	0	0	1577
Mustafaa	131	1	0	3	0	10	1	0	0	0	146
MykReeve	2	0	0	0	0	0	0	0	0	0	2
Myleslong	22	29	6	3	0	28	8	0	0	0	96
Mysekurity	728	14	40	21	0	81	2	0	0	0	886
Mysid	2491	2	2	1	0	14	5	0	0	0	2515
Mzajac	147	4	8	2	1	46	4	0	0	0	212
NCurse	1581	11	1	1	0	34	0	0	0	0	1628
NSLE	561	11	90	18	0	440	101	0	0	0	1221
Nabla	860	47	16	5	1	1	0	0	0	0	930
Nae'blis	844	53	28	2	0	15	2	0	0	0	944
Nagy	0	0	1	0	0	0	0	0	0	0	1
Nakon	31731	375	573	64	24	12643	6010	5	0	75	51500
Nancy	10549	73	334	16	11	650	11	7	0	7	11658
Nandesuka	692	29	93	15	2	383	27	1	0	0	1242
Nanfoodle	0	0	1	0	0	0	0	0	0	0	1
Nanobug	1	0	0	0	0	0	0	0	0	0	1
Nat	188	35	156	9	31	263	15	0	0	0	697
Natalie Erin	4501	23	68	3	0	987	27	0	0	0	5609
Natalya	323	13	36	7	3	109	39	0	0	0	530
NawlinWiki	148554	6379	8373	24	553	11487	453	251	0	4	176078
Necrothesp	310	11	1	0	1	105	8	0	0	0	436
Nehrams2020	3346	17	4	2	0	120	2	0	0	0	3491
Netsnipe	1143	60	597	91	10	3633	1742	0	0	0	7276
Neutrality	3721	30	48	10	0	175	58	0	0	0	4042
Nev1	146	9	16	2	7	85	1	0	0	0	266
Newyorkbrad	736	15	46	5	2	518	32	0	0	1	1355
Ngb	621	62	9	6	0	10	0	0	0	0	708
Nichalp	1191	70	50	16	4	72	9	0	979	123	2514
NicholasTurnbull	212	14	15	10	0	139	17	0	0	0	407
Nick	2684	128	236	23	19	655	67	8	0	2	3822
Nick-D	340	9	33	0	4	180	11	11	0	0	588
Nickptar	612	13	3	1	0	116	31	0	0	0	776
Nickshanks	52	1	3	0	0	0	0	0	0	0	56
Nicman911	0	0	2	0	0	0	0	0	0	0	2
Night Gyr	433	36	8	3	1	31	2	0	0	0	514
Nightmarishnight	0	0	1	0	0	0	0	0	0	0	1
Nightscream	20	7	44	2	1	96	2	1	0	0	173
Nightstallion	1764	128	71	7	0	29	2	0	0	0	2001
Nihiltres	7311	121	105	25	26	259	16	2	0	9	7874
Nihonjoe	4474	261	207	33	5	144	18	3	0	0	5145
Nikki311	409	2	24	1	2	39	1	0	0	1	479
Nilfanion	568	25	4	3	0	3	0	0	0	0	603
Nishkid64	7303	347	1241	635	81	5640	264	139	0	5	15655
Niteowlneils	4157	80	1	0	0	16	1	0	0	0	4255
Nixdorf	2	0	0	0	0	0	0	0	0	0	2
Nixeagle	10316	243	92	14	9	3284	79	22	0	2	14061
Nja247	329	9	24	1	12	345	4	22	0	7	753
Nlu	1594	89	598	225	13	3541	220	0	0	0	6280
Nmajdan	210	5	7	7	4	62	2	0	0	0	297
No Guru	927	11	33	13	0	437	8	1	0	0	1430
NoSeptember	1584	47	24	25	1	122	61	0	0	45	1909
NodpiW	0	0	1	0	0	0	0	0	0	0	1
Nohat	265	38	39	33	0	62	5	0	0	0	442
Noldoaran	2	0	0	0	0	0	0	0	0	0	2
Notheruser	70	0	0	0	0	0	0	0	0	0	70
Nousernamesleft	189	7	5	2	3	2	1	0	0	3	212
NrDg	1378	100	261	18	25	741	23	29	0	3	2578
NuclearWarfare	0	0	2	0	0	0	0	0	0	0	2
Nufy8	369	1	34	2	6	330	15	0	0	0	757
Number 57	5840	56	69	2	1	50	4	0	0	0	6022
Nunh-huh	440	29	25	3	1	312	11	3	0	1	825
Nv8200p	59510	180	25	3	0	106	3	0	0	0	59827
Nyttend	2231	93	12	0	0	149	1	1	0	0	2487
Oberiko	294	3	8	2	0	162	0	0	0	0	469
Obli	1047	6	28	5	0	99	7	0	0	0	1192
Ocatecir	1337	11	101	8	1	248	9	0	0	0	1715
Ocee	195	0	3	3	10	95	4	0	0	0	310
Od Mishehu	5179	147	168	24	24	269	51	103	0	4	5969
OhanaUnited	482	33	11	3	1	122	7	0	0	7	666
Ohnoitsjamie	3910	54	240	10	13	2217	47	16	0	0	6507
Okiefromokla	195	2	21	3	3	208	7	0	0	0	439
OldakQuill	325	20	6	2	0	2	1	0	0	0	356
Oldboy212	0	0	1	0	0	0	0	0	0	0	1
Oldelpaso	622	6	16	10	0	30	1	0	0	2	687
Oldwindybear	2	0	0	0	0	2	1	0	0	0	5
Oleg Alexandrov	684	56	14	8	0	35	9	0	0	1	807
Olessi	142	6	0	0	0	14	1	0	0	0	163
Oliver Pereira	0	4	0	1	0	0	0	0	0	0	5
Olivier	192	3	6	1	0	22	0	0	0	0	224
Omegatron	308	90	27	12	0	15	0	0	0	0	452
One	850	101	117	18	0	140	27	0	0	0	1253
Opabinia regalis	1409	5	15	2	0	3	0	0	0	0	1434
Orangemike	18368	106	484	22	11	3174	33	19	0	0	22217
Orderinchaos	2867	123	57	9	8	189	33	2	0	1	3289
Oren0	138	6	22	4	7	30	8	2	0	4	221
Orioane	114	1	4	2	0	11	0	0	0	0	132
Orlady	10	1	2	1	0	0	0	0	0	0	14
Oscarthecat	2532	15	184	2	0	296	7	0	0	0	3036
OverlordQ	274	1	3	1	0	59	1	6	0	0	345
Owen	254	24	15	33	0	84	23	0	0	0	433
OwenX	2320	22	180	20	1	1234	82	2	0	7	3868
Oxymoron83	10742	98	407	9	59	5239	34	50	0	0	16638
PDH	9821	82	355	197	0	243	21	0	0	0	10719
PFHLai	3379	132	844	718	1	58	1	0	0	0	5133
PMDrive1061	13530	159	653	12	3	1561	45	106	0	2	16071
PS2pcGAMER	2303	23	25	32	0	87	18	0	0	0	2488
PZFUN	93	3	6	2	0	14	6	0	0	0	124
Pablo-flores	920	2	16	6	2	180	2	0	0	0	1128
PabsP	25	4	45	9	0	65	16	0	0	0	164
Paginazero	3	3	0	0	0	0	0	0	0	0	6
Pagrashtak	3190	13	3	2	0	10	1	0	0	0	3219
Pakaran	116	4	4	5	0	19	6	0	19	19	192
Pamri	707	1	0	4	0	0	0	0	0	0	712
Papa November	2891	43	20	5	11	218	13	1	0	0	3202
Parsecboy	2350	92	33	5	0	343	11	0	0	3	2837
Parthian Scribe	0	0	1	0	0	0	0	0	0	0	1
Pascal.Tesson	15074	86	78	2	1	768	20	0	0	1	16030
Pastordavid	1312	9	8	6	0	10	1	0	0	0	1346
Pathoschild	8289	149	151	33	0	2405	702	0	0	1	11730
Patrick	133	112	9	1	1	3	1	0	0	0	260
Pats1	235	48	127	7	12	296	6	1	0	0	732
Paul A	88	17	0	0	0	0	0	0	0	0	105
Paul August	1114	8	8	1	3	122	3	0	0	0	1259
Paul Erik	804	8	3	1	0	150	4	0	0	0	970
Pax:Vobiscum	574	38	182	6	13	34	1	0	0	0	848
Paxse	7	0	0	0	0	4	1	0	0	0	12
Pb30	858	1	0	0	1	275	3	0	0	0	1138
Pcb21	100	42	3	6	0	1	1	0	0	0	153
PeaceNT	5087	175	105	10	8	298	9	0	0	0	5692
PedanticallySpeaking	41	8	2	0	0	0	0	0	0	0	51
Pedro	8623	40	87	11	8	714	14	6	0	218	9721
Pedro Paulo Vasconcellos	0	0	2	0	0	0	0	0	0	0	2
Pegship	190	2	1	0	0	1	0	0	0	0	194
Penader	0	0	1	0	0	0	0	0	0	0	1
Pending deletion script	1210	0	0	0	0	0	0	0	0	0	1210
Pengo	50	14	2	1	0	7	0	0	0	0	74
Penwhale	145	8	44	6	14	50	13	1	0	0	281
Pepsidrinka	993	33	34	19	0	395	34	0	0	0	1508
Perceval	29	0	5	4	0	19	0	0	0	0	57
Peripitus	5940	27	74	17	9	102	6	4	0	1	6180
Persian Poet Gal	2271	88	981	25	36	3134	140	4	0	1	6680
Peruvianllama	624	7	18	4	0	366	6	0	0	0	1025
Peteforsyth	8	5	3	1	3	7	2	0	0	0	29
Peter	3642	47	74	23	0	652	39	0	0	0	4477
PeterSymonds	4636	111	916	342	319	839	54	190	0	253	7660
Pgk	3711	73	556	54	0	4060	2204	0	0	0	10658
Phaedriel	3551	55	199	30	16	308	19	0	0	0	4178
Pharos	388	68	589	153	0	40	5	0	0	0	1243
Phil Bordelon	0	0	2	1	0	0	0	0	0	0	3
Phil Boswell	532	10	79	1	3	19	4	0	0	0	648
Phil Sandifer	674	137	80	57	8	280	69	0	0	0	1305
PhilKnight	19204	376	666	46	29	3589	167	79	0	20	24176
Philip Baird Shearer	331	68	61	14	17	13	1	0	0	0	505
Philippe	4087	51	333	31	41	1474	66	0	0	7	6090
Philosopher	1007	16	27	1	4	31	2	6	0	23	1117
Phils	15	1	0	0	0	26	2	0	0	0	44
Philwelch	933	44	28	7	0	72	14	0	0	0	1098
Phuntsok2000	0	0	2	0	0	0	0	0	0	0	2
Physchim62	1115	41	34	5	0	107	17	0	0	0	1319
Piazzajordan2	0	0	1	0	0	0	0	0	0	0	1
Picaroon	4039	61	55	12	5	461	27	0	0	1	4661
PierreAbbat	0	0	0	0	0	5	0	0	0	0	5
Pigman	899	8	14	0	1	16	4	0	0	0	942
Pilotguy	7231	64	294	29	1	2576	685	0	0	0	10880
PinchasC	119	18	48	14	0	188	6	0	0	0	393
Pinkville	0	0	6	0	0	1	0	0	0	0	7
Piotrus	604	163	18	8	2	80	17	0	0	0	892
Pjacobi	230	6	15	3	0	99	2	0	0	0	355
Plange	123	0	3	1	0	32	0	0	0	0	159
Please try again.	0	0	1	0	0	0	0	0	0	0	1
Poeloq	21	1	0	0	0	52	2	0	0	4	80
Polaron	0	0	1	0	0	0	0	0	0	0	1
Pollinator	35	0	4	0	0	146	1	0	0	0	186
Poor Yorick	89	0	6	3	1	0	0	0	0	0	99
Postdlf	5473	79	115	4	3	685	9	1	0	0	6369
Pratyeka	1	1	0	0	0	0	0	0	0	0	2
Premeditated Chaos	1732	18	3	0	0	19	1	0	0	0	1773
PrimeHunter	53	6	2	1	0	0	0	0	0	1	63
ProcseeBot	0	0	0	0	0	28635	0	0	0	0	28635
Prodego	1819	254	136	85	59	1051	205	57	0	24	3690
ProhibitOnions	237	1	0	1	0	50	0	0	0	0	289
Prolog	1208	31	63	5	3	470	2	1	0	0	1783
Promethean	0	0	1	0	0	0	0	0	0	0	1
Proteus	113	0	2	0	0	11	10	0	0	0	136
Protonk	2298	1164	67	3	6	143	21	23	0	1	3726
ProveIt	4433	7	3	0	0	2	0	0	0	0	4445
Pschemp	2134	247	169	29	0	3321	319	0	0	0	6219
Psy guy	110	0	10	9	0	181	17	0	0	0	327
Punkmorten	6618	55	3	0	0	19	6	0	0	0	6701
Qaz	75	0	0	0	0	0	0	0	0	0	75
Quadell	87444	284	41	16	2	112	11	0	0	0	87910
Quarl	7973	111	22	10	0	37	3	0	0	0	8156
Quell	0	0	1	0	0	0	0	0	0	0	1
Quercusrobur	15	2	3	2	0	8	0	0	0	0	30
Qwghlm	588	31	15	1	0	17	0	0	0	0	652
R'n'B	2127	60	9	1	0	3	0	0	0	0	2200
R-Con 9	0	0	1	0	0	0	0	0	0	0	1
R. Baley	4	3	24	0	10	69	6	0	0	1	117
R. fiend	2822	21	19	4	0	56	1	0	0	0	2923
R3m0t	1340	15	30	0	0	4	4	0	0	0	1393
RG2	3298	61	18	1	0	162	8	0	0	0	3548
RHaworth	41226	2734	1892	37	1	436	14	1	0	0	46341
RJFJR	32	1	0	0	0	1	0	0	0	0	34
RN	706	132	17	15	0	28	7	0	0	0	905
Radiant!	2464	50	180	45	0	178	23	0	0	0	2940
RadicalBender	510	8	3	0	0	13	0	0	0	0	534
RadioKirk	2676	77	164	15	0	1678	74	0	0	0	4684
Ragesoss	341	40	5	1	1	6	0	0	0	0	394
Ragib	462	16	51	8	2	254	11	0	0	0	804
Raith Sienar	0	0	8	0	0	0	0	0	0	0	8
Ral315	2266	121	351	28	24	345	49	0	0	2	3186
Ram-Man	834	3	16	0	1	25	6	0	0	0	885
Rama	726	9	18	10	0	315	13	1	0	0	1092
Rama's Arrow	1202	3	46	9	0	200	25	0	0	0	1485
Ramallite	2	0	0	0	0	6	0	0	0	0	8
Ran	193	3	7	0	2	87	2	0	0	0	294
Random832	609	127	30	11	10	33	8	0	0	7	835
RandomXYZb	2778	36	242	19	24	1506	49	8	0	7	4669
Raso mk	0	0	1	0	0	0	0	0	0	0	1
RasputinAXP	2198	13	28	5	0	84	3	0	0	0	2331
Raul654	1144	101	1697	503	41	2452	225	4	147	60	6374
Raven4x4x	407	2	3	0	0	200	1	0	0	1	614
Raymolayenie	0	0	1	0	0	0	0	0	0	0	1
Raymond arritt	874	2	32	8	5	344	21	0	0	0	1286
Rbrwr	346	2	0	0	0	1	0	0	0	0	349
Rd232	1215	4	3	2	1	36	1	1	0	0	1263
Rdsmith4	3181	65	138	61	0	591	268	1	868	83	5256
Rebecca	2211	69	32	3	2	138	71	0	0	0	2526
Recurring dreams	6	0	1	0	0	21	1	0	0	0	29
RedWolf	14619	48	0	0	0	3	0	0	0	0	14670
RedWordSmith	240	10	13	20	0	20	1	0	0	0	304
RedirectCleanupBot	4377	0	0	0	0	0	0	0	0	0	4377
Redux	196	12	24	7	0	47	1	0	131	83	501
Redvers	16483	136	816	27	14	1849	201	301	0	0	19827
Redwolf24	1943	48	50	25	0	208	45	0	0	0	2319
Reedy	1086	30	33	13	13	39	11	0	0	9	1234
Refdoc	61	5	11	4	0	28	5	0	0	0	114
Reflex Reaction	511	14	1	2	0	6	0	0	0	0	534
RegentsPark	251	5	49	2	11	69	0	2	0	0	389
Remember the dot	803	11	26	1	7	17	1	0	0	13	879
Renata3	4625	30	14	2	0	60	4	0	0	0	4735
Renesis	148	0	25	1	0	19	6	0	0	0	199
Resolute	1144	15	13	2	1	30	1	0	0	0	1206
Retired username	12142	239	115	33	8	206	14	0	0	2	12759
RetiredUser2	376	88	25	15	0	12	6	0	0	0	522
Rettetast	19763	54	11	2	1	360	5	0	0	2	20198
Revolving Bugbear	102	7	5	1	0	25	11	0	0	0	151
RexNL	2299	11	153	11	9	4191	66	15	0	0	6755
ReyBrujo	951	36	101	29	5	138	2	0	0	0	1262
Rfl	364	39	0	0	0	0	0	0	0	0	403
Rhobite	719	15	67	26	0	617	47	0	0	0	1491
Rholton	252	3	8	1	0	19	3	0	0	0	286
Riana	14011	149	1042	107	105	2424	192	1	0	16	18047
Rich Farmbrough	2323	175	58	28	6	214	28	1	0	0	2833
Richardcavell	433	8	29	9	1	73	2	0	0	0	555
Richardshusr	886	37	46	23	11	13	3	0	0	0	1019
Rick Block	630	3	3	1	0	65	2	0	0	0	704
RickK	2466	14	53	5	0	651	26	0	0	0	3215
Ricky81682	4055	17	32	59	19	123	12	3	0	0	4320
Rifleman 82	373	39	29	9	5	103	6	3	0	3	570
Rigadoun	203	6	2	1	0	2	1	0	0	0	215
Risker	459	45	104	31	68	158	13	2	0	1	881
Rjd0060	14745	342	564	40	77	1104	123	52	0	22	17069
Rje	1193	8	93	171	0	315	5	0	0	0	1785
Rkitko	493	41	10	2	1	10	1	0	0	0	558
Rklawton	874	14	25	2	2	473	15	10	0	0	1415
Rlandmann	1057	68	23	3	0	44	3	0	0	0	1198
Rlevse	1349	58	132	17	27	2661	156	3	544	72	5019
Rlquall	4	1	0	0	0	1	1	0	0	0	7
Rmhermen	2012	13	24	7	2	54	0	0	0	0	2112
Roadrunner	0	0	0	0	0	5	0	0	0	0	5
RobH	0	0	0	0	0	0	0	0	1	0	1
RobLa	2	1	0	0	0	0	0	0	0	0	3
Robchurch	714	11	6	4	0	83	12	0	0	0	830
Robdurbar	1591	72	147	84	0	112	25	0	0	0	2031
Robert Merkel	0	1	0	0	0	5	4	0	0	0	10
RobertG	6024	23	37	5	1	367	23	0	0	1	6481
Robin Patterson	0	0	0	0	0	1	0	0	0	0	1
Robth	3830	187	5	3	0	10	0	0	0	0	4035
RobyWayne	122	0	0	0	0	14	0	0	0	0	136
RockMFR	1950	165	168	35	20	277	5	0	0	1	2621
Rockero	77	1	5	2	0	13	0	0	0	0	98
Rockpocket	437	9	25	9	4	137	15	0	0	1	637
Rocky Road	0	0	1	0	0	0	0	0	0	0	1
Rodhullandemu	773	44	588	24	99	1890	95	36	0	7	3556
Roger Davies	430	19	8	0	2	32	2	0	0	2	495
Rogerd	577	11	24	5	0	138	1	0	0	0	756
Ronline	61	3	6	8	0	11	1	0	0	0	90
Ronnotel	17	2	39	9	5	83	24	1	0	1	181
Rootology	59	2	89	2	19	76	2	6	0	1	256
Roozbeh	152	2	27	7	0	8	1	0	0	0	197
Rossami	1003	464	35	9	1	228	2	0	0	0	1742
RoyBoy	116	2	34	2	1	610	13	0	0	0	778
RoySmith	340	10	28	5	0	230	10	1	0	0	624
Royalbroil	846	18	64	20	5	42	3	0	0	0	998
Royalguard11	1825	32	266	375	27	179	19	0	0	0	2723
Royboycrashfan	6095	107	73	0	0	386	22	0	0	0	6683
Rschen7754	1032	51	339	5	9	411	49	7	0	7	1910
Rspeer	105	3	15	1	0	72	11	0	0	0	207
Ruhrfisch	212	9	40	4	1	43	4	3	0	1	317
Runcorn	72	4	5	2	0	143	79	0	0	0	305
Rune.welsh	819	5	28	7	0	33	1	0	0	0	893
Ruslik0	915	6	116	14	38	78	2	5	0	9	1183
Ruud Koot	1239	70	66	16	4	310	61	1	0	1	1768
Rwiggum	0	0	1	0	0	0	0	0	0	0	1
Rx StrangeLove	724	1	5	3	1	454	10	0	0	0	1198
Ryan Delaney	1529	34	65	52	9	225	16	0	0	1	1931
Ryan Postlethwaite	1311	89	261	52	59	1327	148	11	0	56	3314
RyanGerbil10	3623	18	46	4	2	190	11	0	0	2	3896
Ryulong	10715	212	1211	49	77	6263	615	57	0	2	19201
S@bre	7	2	0	0	1	1	0	0	0	0	11
SB Johnny	26	1	7	0	4	5	0	0	0	0	43
SCEhardt	5235	48	12	0	0	303	3	0	0	0	5601
SCZenz	447	17	17	21	5	149	26	0	0	0	682
SD6-Agent	1	0	0	0	0	0	0	0	0	0	1
SGGH	1822	30	18	5	0	686	26	1	0	2	2590
SQL	2451	46	372	10	66	262	124	0	0	34	3365
ST47	37680	4965	219	65	79	5847	2327	2	0	3	51187
SWAdair	1600	7	49	1	0	38	1	0	0	0	1696
Sabine's Sunbird	16	0	6	0	2	0	0	0	0	0	24
Sadalmelik	0	0	1	0	0	0	0	0	0	0	1
Sade	148	5	3	0	0	1	2	0	0	0	159
Salix alba	97	7	7	4	4	6	0	0	0	0	125
Sam	100	19	22	4	0	22	0	0	0	2	169
Sam Blacketer	2386	15	44	8	2	193	33	1	0	1	2683
Sam Hocevar	6	7	0	0	0	1	2	0	0	0	16
Sam Korn	1009	21	65	10	13	972	74	4	0	13	2181
Sam Vimes	31	5	0	0	0	23	0	0	0	0	59
Samir	2444	93	255	132	7	442	50	0	0	2	3425
Samotnik	0	0	2	0	0	0	0	0	0	0	2
Samsara	36	21	73	4	2	63	33	0	0	0	232
Samuel Blanning	1742	97	157	65	0	1197	170	0	0	0	3428
Samulili	2	0	0	0	0	1	0	0	0	0	3
Sanchom	227	3	4	1	0	58	8	0	0	0	301
Sandahl	7631	90	350	8	8	3464	65	9	0	2	11627
Sandstein	5963	62	373	20	12	930	193	17	0	3	7573
Sango123	4193	11	41	3	0	1567	66	0	0	0	5881
Sannse	882	30	19	10	0	57	35	0	0	0	1033
Sarah	2483	132	116	37	4	425	103	0	0	21	3321
Saravask	385	15	27	15	10	78	13	0	0	0	543
Sarcasticidealist	1195	74	89	4	15	256	26	4	0	3	1666
Sardanaphalus	0	0	7	0	0	0	0	0	0	0	7
SarekOfVulcan	551	35	15	2	2	52	10	5	0	0	672
Sasquatch	1828	23	83	25	1	670	104	0	0	1	2735
Sassygurl192	0	0	2	0	0	0	0	0	0	0	2
Satori Son	1302	47	159	11	2	399	13	5	0	0	1938
SatyrTN	2024	17	18	8	4	36	7	0	0	0	2114
Savidan	55	3	13	5	0	0	0	0	0	0	76
Saxifrage	292	2	10	4	0	13	0	0	0	0	321
Scarian	649	23	172	3	20	1001	63	4	0	5	1940
Sceptre	1628	92	81	8	0	518	89	0	0	0	2416
Schissel	11	0	1	0	0	2	2	0	0	0	16
Schneelocke	28	3	15	2	0	11	2	0	0	0	61
SchuminWeb	8472	197	82	8	5	265	4	6	0	0	9039
Schutz	763	3	3	0	0	2	0	0	0	0	771
Scientizzle	2715	51	171	16	4	875	29	1	0	0	3862
Scimitar	192	3	9	3	0	97	4	0	0	0	308
Scipius	0	0	0	0	0	1	0	0	0	0	1
Scjessey	0	0	1	0	0	0	0	0	0	0	1
Scm83x	229	5	6	1	0	37	2	0	0	0	280
Scorpion0422	0	0	1	0	0	0	0	0	0	0	1
Scott Burley	842	1	11	1	0	33	3	0	0	0	891
Scott5114	1175	6	119	5	0	29	5	0	0	1	1340
ScottDavis	301	36	9	5	0	37	4	0	0	0	392
Seabhcan	193	3	5	2	0	27	2	0	0	0	232
Sean Whitton	360	16	18	7	0	49	3	0	0	2	455
Sean William	868	45	109	8	4	414	35	0	0	2	1485
Searchme	147	0	0	0	0	11	0	0	0	0	158
Seattle Skier	285	6	8	0	0	21	1	0	0	0	321
SebastianHelm	51	9	6	2	2	3	4	0	0	0	77
Sebastiankessel	2	2	8	4	0	38	1	0	0	0	55
Secret	3915	43	95	6	7	182	12	1	0	16	4277
Secretlondon	427	6	2	0	0	420	8	0	849	12	1724
Seddon	4	0	2	0	1	7	1	1	0	4	20
Seglea	188	3	1	0	0	0	0	0	0	0	192
Seicer	1867	43	335	37	47	707	48	12	0	0	3096
Selket	1184	8	19	3	2	212	16	0	0	0	1444
Sephiroth BCR	908	17	35	6	1	319	7	0	0	0	1293
Seraphim	404	35	40	9	11	135	22	1	0	3	660
Seraphimblade	2214	13	35	9	2	641	45	0	0	2	2961
Seresin	2158	68	168	6	26	150	1	3	0	5	2585
Sesel	75	4	19	12	0	12	0	0	0	0	122
Seth Ilys	343	2	7	2	0	5	3	0	0	0	362
Sethant	1	2	0	0	0	0	0	0	0	0	3
Sfoskett	11	1	1	0	0	0	0	0	0	0	13
Sgeureka	450	20	1	0	0	3	1	1	0	0	476
Shadow1	284	13	32	4	0	170	27	0	0	0	530
ShamelessAngel	0	0	1	0	0	0	0	0	0	0	1
Shanel	4682	76	71	17	0	2595	517	0	0	0	7958
Shanes	2424	19	86	161	3	1091	24	0	0	0	3808
Shauri	44	0	0	1	0	2	0	0	0	0	47
SheffieldSteel	32	3	18	1	5	86	3	15	0	0	163
Sheldon Rampton	2	0	0	0	0	1	0	0	0	0	3
Shell Kinney	10699	253	52	6	3	612	72	1	0	1	11699
Shereth	450	17	11	3	1	159	4	0	0	0	645
Sherool	38533	63	18	6	0	18	1	0	0	0	38639
Shii	362	32	20	11	0	51	52	0	0	2	530
Shimeru	789	0	6	0	0	2	0	0	0	0	797
Shimgray	1199	134	141	4	5	29	17	0	0	0	1529
Shirahadasha	171	2	10	4	3	55	8	0	0	0	253
Shizhao	1	1	1	0	0	0	0	0	0	0	3
Shoeofdeath	744	3	7	0	0	93	0	0	0	0	847
Shreshth91	2323	19	33	12	0	390	48	0	0	0	2825
Shyam	16920	56	19	2	0	57	1	0	0	1	17056
Shyamal	50	2	18	2	5	25	2	0	0	2	106
Silence	22	0	0	1	0	0	0	0	0	0	23
SilkTork	91	7	3	1	3	1	0	0	0	0	106
Silsor	523	6	35	41	0	139	137	0	0	0	881
SimonP	5271	50	11	275	0	45	2	0	0	0	5654
Singularity	7381	115	61	15	2	79	7	0	0	1	7661
Sir Nicholas de Mimsy-Porpington	2143	60	84	11	4	814	82	0	0	0	3198
SirFozzie	342	18	85	8	35	276	32	0	0	0	796
Siroxo	73	4	0	0	0	18	0	0	0	0	95
Sitthisoneout1	0	0	1	0	0	0	0	0	0	0	1
Sj	114	161	10	9	1	56	8	0	0	0	359
Sjakkalle	4539	374	40	28	0	798	65	1	0	0	5845
Sjc	19	0	0	0	0	3	0	0	0	0	22
Sjorford	419	32	4	5	0	3	0	0	0	0	463
Skier Dude	45907	1990	314	7	22	597	1414	3	0	0	50254
Slakr	3685	61	271	24	83	9080	95	15	0	14	13328
Slambo	696	18	33	0	0	184	5	0	0	0	936
SlimVirgin	1139	278	746	390	14	1118	228	0	0	0	3913
Slowking Man	1350	29	130	25	1	859	132	0	0	0	2526
Slp1	404	13	13	3	1	81	2	1	0	0	518
Slrubenstein	31	1	27	6	2	37	10	4	0	0	118
Slumgum	154	1	1	0	0	0	0	0	0	0	156
Smalljim	799	7	13	2	0	387	7	3	0	0	1218
Smashville	706	2	38	2	1	270	15	18	0	0	1052
Smith03	115	4	5	0	1	5	67	0	0	0	197
Smith609	136	0	0	0	0	2	1	2	0	0	141
SmthManly	519	4	32	9	1	51	2	0	0	0	618
Smurrayinchester	67	3	10	6	0	17	6	0	0	0	109
Sn0wflake	404	3	14	2	0	107	2	0	0	0	532
Snowolf	689	15	40	6	2	595	30	2	0	3	1382
Snoyes	95	0	1	0	0	40	0	0	0	0	136
SoLando	273	13	18	7	0	191	6	0	0	0	508
SoWhy	5297	45	567	43	122	225	6	4	0	6	6315
Solid Falcon	0	0	2	0	0	0	0	0	0	0	2
Solipsist	78	1	136	49	0	108	12	0	0	0	384
Someguy1221	739	6	12	3	0	272	1	12	0	1	1046
Somno	457	9	6	0	2	7	0	0	0	0	481
SorryGuy	11	2	2	2	0	18	2	0	0	0	37
Sortior	1	0	0	0	0	0	0	0	0	0	1
Soumyasch	2797	54	74	10	3	670	32	0	0	6	3646
SouthernNights	2055	45	125	34	10	251	6	4	0	0	2530
Spangineer	262	10	16	11	0	94	8	0	0	0	401
Spartaz	2382	126	158	26	9	313	74	3	0	7	3098
Spebi	1545	31	165	9	26	493	26	0	0	10	2305
Spellcast	7815	414	626	7	33	8843	614	74	0	10	18436
Spencer	81	3	26	3	4	241	3	0	0	1	362
Spencer195	12	0	0	0	0	3	0	0	0	0	15
Spike Wilbury	2489	101	18	4	0	136	4	0	0	1	2753
Spinningspark	1	0	0	0	0	1	0	0	0	0	2
Splash	8127	317	260	758	7	414	136	0	0	1	10020
SpuriousQ	625	1	17	1	0	569	5	0	0	0	1218
Srikeit	1840	18	86	45	0	387	22	0	0	0	2398
Ssd	1699	2	7	1	0	14	0	0	0	0	1723
Staecker	1688	20	1	1	0	2	0	0	0	0	1712
Stan Shebs	2649	74	1	0	0	25	0	0	1	0	2750
Star Mississippi	1950	48	65	4	3	230	8	0	0	0	2308
Starblind	2273	13	79	1	1	223	6	1	0	0	2597
Staxringold	127	1	0	0	0	26	0	0	0	0	154
Steel	9468	74	968	332	23	1188	88	0	0	5	12146
Steinsky	34	0	7	2	0	32	1	0	0	0	76
Stemonitis	3606	125	9	12	2	37	2	0	0	0	3793
Stephan Schulz	2	0	5	1	1	59	3	1	0	0	72
Stephen	6282	80	66	1	0	1043	55	2	0	6	7535
Stephen Bain	1745	42	85	23	1	93	18	0	0	0	2007
StephenBuxton	219	10	24	3	3	160	8	0	0	0	427
SteveSims	0	0	1	0	0	0	0	0	0	0	1
Steven Walling	545	3	54	0	5	56	3	0	0	0	666
Stevenfruitsmaak	93	10	10	0	0	11	0	0	0	0	124
Stevenj	33	1	23	0	0	35	1	0	0	0	93
Stevertigo	136	16	46	11	0	22	14	0	0	0	245
Stewartadcock	828	0	10	3	0	6	1	0	0	0	848
Stifle	15198	412	481	51	41	459	62	2	0	33	16739
Stormie	2170	62	46	6	3	360	11	0	0	1	2659
StuffOfInterest	173	5	29	2	0	104	2	0	0	0	315
Stuffdoing	0	0	1	0	0	0	0	0	0	0	1
Stwalkerster	2473	55	76	1	4	338	43	2	0	30	3022
Sub619	0	0	1	0	0	0	0	0	0	0	1
Sue Anne	499	9	0	0	0	1	0	0	0	0	509
Sugarfish	2	2	1	1	0	0	0	0	0	0	6
Sundar	39	13	0	0	1	6	3	0	0	0	62
Superm401	253	24	19	22	23	47	12	0	0	0	400
Sverdrup	501	4	1	2	0	2	2	0	0	0	512
Swatjester	944	30	181	16	29	364	49	0	0	5	1618
Syrthiss	2420	40	144	23	1	1403	66	2	0	0	4099
TKD	2667	142	75	17	19	312	30	3	0	2	3267
TPK	62	0	0	0	0	0	0	0	0	0	62
TSO1D	89	1	34	8	2	21	2	0	0	0	157
TShilo12	59	4	7	2	0	5	2	0	0	0	79
TUF-KAT	540	39	0	0	0	12	1	0	0	0	592
Ta bu shi da yu	1396	57	88	47	0	171	56	0	0	0	1815
Tabercil	272	13	48	5	1	170	4	1	0	0	514
Talrias	255	8	23	14	0	82	17	0	0	0	399
Tango	341	2	4	2	0	75	4	0	0	0	428
Tangotango	1509	28	23	1	1	621	17	0	0	0	2200
Tanner-Christopher	9	0	11	0	4	1	1	0	0	0	26
Tannin	57	2	1	0	0	22	1	0	0	0	83
Tanthalas39	1898	21	842	32	123	2380	50	10	0	1	5357
Tariqabjotu	301	25	811	86	37	433	73	1	0	0	1767
Tassedethe	66	3	0	0	0	0	0	0	0	0	69
Taw	87	17	0	2	0	0	0	0	0	0	106
Tawker	4336	51	281	18	12	1753	349	0	0	9	6809
Taxman	243	18	14	10	0	175	12	0	33	196	701
Tbo 157	30	2	3	1	0	24	6	0	0	0	66
TeaDrinker	1166	12	12	1	0	218	4	0	0	0	1413
TenOfAllTrades	395	14	61	5	5	498	37	5	0	1	1021
TerriersFan	1316	50	150	12	8	238	10	2	0	0	1786
Terrillja	0	0	1	0	0	0	0	0	0	0	1
TexasAndroid	17809	446	304	40	11	630	35	0	0	1	19276
Texture	450	10	1	1	0	34	1	0	0	0	497
Thatcher	2714	100	233	58	22	2802	327	0	0	21	6277
Thatcher131	0	1	0	0	0	0	0	0	0	0	1
Thatislifeandlove	0	0	2	0	0	0	0	0	0	0	2
The Anome	3071	72	318	32	21	3676	178	35	0	2	7405
The Cunctator	5	49	5	17	0	11	6	0	0	0	93
The Epopt	3283	41	27	2	0	44	12	0	0	0	3409
The JPS	7070	34	152	20	7	345	12	0	0	0	7640
The Land	454	6	12	5	0	96	13	0	0	0	586
The Placebo Effect	366	12	38	8	6	27	4	0	0	2	463
The Rambling Man	3091	8	52	3	4	674	6	0	190	24	4052
The Random Editor	88	0	21	0	0	39	1	0	0	0	149
The Singing Badger	25	0	0	0	0	2	0	0	0	0	27
The Tom	131	10	40	12	0	4	0	0	0	0	197
The Transhumanist	0	0	3	0	0	0	0	0	0	0	3
The undertow	809	10	38	9	4	112	7	0	0	4	993
The wub	6360	25	25	5	0	170	8	0	0	2	6595
The-G-Unit-Boss	1409	5	101	3	12	24	0	0	0	0	1554
TheCoffee	29252	42	18	13	0	26	1	1	0	0	29353
TheCustomOfLife	43	0	6	1	0	3	0	0	0	0	53
TheDJ	3	1	0	0	1	0	0	0	0	0	5
TheParanoidOne	12440	29	0	0	0	0	0	0	0	0	12469
TheProject	2160	13	21	8	0	67	3	0	0	0	2272
Thedemonhog	19	0	0	0	1	0	0	0	0	2	22
Thehelpfulone	581	20	101	8	41	127	6	14	0	6	904
TheoClarke	269	17	0	1	0	17	2	0	0	0	306
Therequiembellishere	0	0	1	0	0	0	0	0	0	0	1
Theresa knott	1732	44	236	56	15	1470	230	0	0	0	3783
Thespian	2	1	3	0	0	1	1	0	0	0	8
Thingg	3317	38	58	3	8	422	7	6	0	5	3864
This flag once was red	0	0	2	0	0	0	0	0	0	0	2
Thorpe	319	4	10	2	1	22	4	0	0	0	362
Thryduulf	724	49	66	41	1	52	12	0	0	0	945
Thue	8060	32	27	8	0	370	37	1	0	0	8535
Thunderboltz	607	28	13	6	0	79	0	0	0	0	733
Thunderbrand	3589	9	3	2	0	39	2	0	0	0	3644
TigerShark	1132	55	40	11	3	1019	43	0	0	0	2303
Tijuana Brass	2988	48	33	4	0	99	10	0	0	0	3182
Tikiwont	5467	629	66	14	0	415	8	10	0	0	6609
Tillwe	45	0	0	0	0	3	0	0	0	0	48
Tim Ivorson	8	4	1	0	0	0	0	0	0	0	13
Tim Starling	42	11	7	3	0	15	23	0	5	0	106
Tim!	848	26	4	3	0	46	2	0	0	0	929
TimVickers	1135	41	180	13	63	788	27	4	0	2	2253
Timc	35	1	0	1	0	2	0	0	0	0	39
Timichal	1	17	0	0	0	0	0	0	0	0	18
Timrollpickering	343	2	22	3	7	6	0	0	0	0	383
Timwi	336	17	3	6	0	0	0	0	0	0	362
Tinselfairy1	0	0	2	0	0	0	0	0	0	0	2
Tiptoety	5415	142	1054	809	226	3615	190	66	0	192	11709
Titoxd	2932	419	106	42	2	1558	366	0	0	5	5430
Tivedshambo	1675	22	27	2	1	533	8	9	0	16	2293
Tizio	1866	51	20	31	0	21	1	0	0	0	1990
Tkinias	3	0	0	0	0	0	0	0	0	0	3
Tnxman307	870	5	22	0	1	621	4	11	0	0	1534
Toby Bartels	20	144	1	3	0	0	1	0	0	0	169
Toddst1	4505	65	466	29	36	4528	191	57	0	7	9884
Tom	1372	30	33	11	5	82	1	0	0	0	1534
Tom harrison	2993	76	335	111	11	1739	102	0	0	0	5367
Tom-	37	3	8	3	0	4	0	0	0	0	55
TomStar81	212	4	44	5	3	37	2	0	0	0	307
TomTheHand	97	54	0	2	0	61	8	0	0	0	222
Tompagenet	5	0	0	0	0	0	0	0	0	0	5
Tone	15650	159	36	3	5	130	0	0	0	0	15983
Tony Fox	971	7	52	2	3	479	10	5	0	0	1529
Tony Sidaway	1039	403	359	596	0	357	124	0	0	0	2878
Tonywalton	2867	9	32	3	5	299	19	11	0	2	3247
Toon05	533	17	19	1	3	78	4	12	0	2	669
Topbanana	226	3	0	0	0	1	0	0	0	0	230
Tra	115	11	37	5	0	5	0	0	0	0	173
TravisTX	831	14	62	3	11	217	37	25	0	5	1205
Trebor	294	3	75	26	0	83	7	0	0	0	488
Tregoweth	4330	57	140	18	0	890	40	0	0	0	5475
Trevor MacInnis	1756	142	126	5	18	425	11	2	0	0	2485
Trevor Parscal	1	0	0	0	0	0	0	0	0	0	1
Trialsanderrors	652	288	52	60	0	20	2	0	0	0	1074
Triddle	5	0	3	2	0	4	0	0	0	0	14
Trilobite	514	1	3	3	0	63	6	0	0	0	590
Tristanb	5	7	0	0	0	0	0	0	0	0	12
Troy 07	0	0	1	0	0	0	0	0	0	0	1
Trusilver	754	9	52	1	4	1089	32	3	0	1	1945
Trödel	170	22	6	2	0	53	12	0	0	0	265
Turnstep	786	8	2	0	0	1	0	0	0	0	797
TwinsMetsFan	292	15	0	1	0	13	0	0	0	0	321
Typesships	0	0	1	0	0	0	0	0	0	0	1
Tyrenius	2438	57	48	11	2	241	31	0	0	6	2834
Tznkai	208	4	73	7	16	112	12	4	0	1	437
UberScienceNerd	165	2	0	0	0	69	0	0	0	0	236
Ugen64	1036	27	33	6	1	174	22	0	0	0	1299
UkPaolo	1439	57	15	5	0	131	3	0	0	0	1650
Ultraexactzz	2369	60	52	4	4	386	52	0	0	2	2929
Uncle G	1730	170	24	0	2	130	1	0	0	0	2057
UninvitedCompany	1091	26	51	27	0	117	29	0	6	38	1385
Urhixidur	180	21	2	0	0	8	0	0	0	0	211
Useight	1132	17	32	3	4	328	6	0	0	6	1528
User2004	117	2	16	6	0	124	27	0	0	0	292
Utcursch	6529	153	74	4	9	2159	18	0	0	0	8946
UtherSRG	5406	90	51	8	2	708	19	0	0	0	6284
Vague Rant	25	4	0	2	0	4	1	0	0	0	36
Valley2city	190	5	8	4	1	57	0	3	0	2	270
VampWillow	388	1	30	8	0	12	3	0	0	0	442
Vancouverguy	935	0	0	0	0	0	0	0	0	0	935
Vanished user	166	16	29	8	2	105	14	0	0	0	340
Vaoverland	43	2	0	0	0	17	0	0	0	0	62
Vary	641	55	33	4	2	195	9	1	0	0	940
Vassyana	586	14	24	4	2	90	29	0	0	0	749
VegaDark	10349	274	162	147	104	735	320	1	0	0	12092
Vegaswikian	8214	30	59	2	4	20	1	0	0	0	8330
Veinor	2134	18	33	4	1	339	24	0	0	0	2553
Verrai	748	5	14	6	0	69	2	1	0	0	845
Versageek	2823	24	96	1	13	297	11	7	0	1	3273
Viajero	52	4	10	9	0	15	4	0	0	0	94
Vianello	387	5	4	0	0	24	2	3	0	0	425
Vicky Lee	0	0	1	0	0	0	0	0	0	0	1
Victuallers	59	4	173	2	8	4	0	0	0	0	250
Violetriga	1640	119	79	33	0	131	43	0	0	0	2045
Viridae	916	77	81	34	23	508	78	6	0	17	1740
VirtualSteve	1597	34	264	20	26	1181	31	10	0	6	3169
Vishal	1	0	5	3	0	0	0	0	0	0	9
Visorstuff	6	1	4	1	0	0	0	0	0	0	12
Visviva	51	0	3	1	0	3	1	0	0	0	59
Voice of All	5631	82	487	2115	6	1046	107	0	0	6	9480
Vsmith	1219	3	94	9	13	4162	24	7	0	0	5531
Vulcan Hephaestus	0	0	4	0	0	0	0	0	0	0	4
WAvegetarian	270	20	8	3	0	69	6	0	0	0	376
WJBscribe	9240	210	393	495	40	2620	162	0	2503	144	15807
WODUP	2280	35	85	3	10	659	57	5	0	10	3144
Wafulz	5358	93	151	11	9	1295	44	0	0	0	6961
Waggers	871	2	46	1	2	1084	8	0	0	0	2014
Walter	0	0	0	0	0	1	0	0	0	0	1
Walton One	842	19	3	3	0	25	2	0	0	0	894
Waltpohl	29	0	2	0	0	0	0	0	0	0	31
Wangi	819	44	23	20	2	377	22	0	0	0	1307
Wapcaplet	2	0	0	0	0	0	0	0	0	0	2
Warofdreams	989	24	4	1	1	27	1	0	257	113	1417
Wassupwestcoast	219	22	14	5	2	14	2	0	0	0	278
Water Bottle	282	22	2	0	0	30	3	0	0	0	339
Wayward	1420	1	2	2	0	695	30	0	0	0	2150
Wee Jas	0	0	1	0	0	0	0	0	0	0	1
Wehwalt	337	2	15	6	11	48	4	4	0	3	430
Werdna	358	9	35	1	3	72	24	0	0	3	505
Werdna648	0	0	1	0	0	0	0	0	0	0	1
WereSpielChequers	1460	5	5	0	0	24	0	0	0	0	1494
Wernher	49	0	0	0	0	1	0	0	0	0	50
Wesley	0	1	0	0	0	2	0	0	0	0	3
Wgfinley	159	2	9	1	0	19	10	0	0	0	200
Where	412	4	0	0	0	81	11	0	0	0	508
WhisperToMe	318	156	50	6	2	28	4	0	0	0	564
Who	1298	5	15	9	0	456	98	0	0	0	1881
Whouk	511	6	1	1	0	13	0	0	0	0	532
Wickethewok	2732	44	18	0	0	60	2	0	0	0	2856
Wiglaf	48	3	4	1	0	26	6	0	0	0	88
Wiki alf	1865	18	59	27	0	1496	32	2	0	0	3499
WikiLeon	520	14	110	20	2	536	61	10	0	5	1278
Wikiacc	779	31	7	5	0	31	8	0	0	0	861
Wikibofh	246	7	42	48	0	784	37	0	0	0	1164
Wile E. Heresiarch	618	1	1	0	0	25	0	0	0	0	645
Wilfried Derksen	75	7	13	5	0	2	0	0	0	0	102
Will Beback	752	102	375	117	23	1431	103	6	0	2	2911
William M. Connolley	497	18	132	25	20	1732	188	13	0	0	2625
William Pietri	450	4	1	0	0	10	0	0	0	0	465
WilliamH	241	4	23	2	0	107	1	3	0	16	397
WilyD	1568	51	25	2	8	174	15	1	0	1	1845
Wimt	621	30	59	8	2	917	21	0	0	12	1670
Winhunter	7228	71	287	50	4	1342	252	0	0	2	9236
Wissel Wall	0	0	1	0	0	0	0	0	0	0	1
Wizardman	12330	100	496	14	20	283	11	3	0	6	13263
Wknight94	15002	311	689	180	74	7336	183	3	0	3	23781
Wneedham02	0	0	1	0	0	0	0	0	0	0	1
Woggly	167	7	12	0	0	75	14	0	0	0	275
Woody	4158	49	151	10	19	164	32	3	0	4	4590
Woohookitty	7459	148	498	474	5	1255	170	0	0	2	10011
Woooooooooop	0	0	1	0	0	0	0	0	0	0	1
Worldtraveller	215	0	4	4	0	19	2	0	0	0	244
Wouterstomp	18	0	0	0	0	0	0	0	0	0	18
Wpedzich	4	0	0	0	0	0	0	0	0	0	4
Wrp103	1	0	0	0	0	111	0	0	0	0	112
Wwoods	123	13	80	4	9	53	0	0	0	0	282
Wwwwolf	2582	24	36	5	0	5	1	0	0	0	2653
X!	1541	35	40	15	7	149	31	5	0	15	1838
XDanielx	65	4	0	0	0	0	0	0	0	0	69
XJamRastafire	7	0	5	3	0	0	0	0	0	0	15
Xaosflux	7807	306	612	286	251	852	82	31	0	11	10238
Xavexgoem	343	19	44	8	7	105	8	2	0	2	538
Xdamr	409	7	2	0	0	2	0	0	0	0	420
Xeno	6511	424	223	160	380	821	171	37	0	36	8763
Xezbeth	7236	78	53	10	0	377	6	0	0	0	7760
Xiner	210	4	10	1	0	72	4	0	0	0	301
Xnuala	62	0	0	0	0	3	1	0	0	0	66
Xoloz	7424	810	211	56	1	70	6	0	0	0	8578
Xy7	2053	45	149	42	7	2329	203	0	0	0	4828
Xymmax	483	30	72	7	14	60	2	2	0	3	673
Y	2278	45	50	10	5	90	5	0	0	0	2483
Y0u	345	0	0	0	0	13	2	0	0	0	360
Yamamoto Ichiro	1119	19	216	21	17	1561	35	8	0	67	3063
Yamla	3561	27	1223	59	15	4159	980	0	0	0	10024
Yandman	300	2	16	1	2	132	8	0	0	0	461
Yanksox	2711	57	113	30	0	228	20	0	0	0	3159
Yann	2	0	0	0	0	0	0	0	0	0	2
Yannismarou	291	2	10	5	0	42	1	0	0	1	352
YellowMonkey	8756	214	527	93	42	1855	158	8	0	5	11658
Yelyos	43	0	1	1	0	8	1	0	0	0	54
Ynhockey	128	3	5	1	0	4	0	0	0	0	141
Yomangani	1125	9	36	8	0	31	2	0	0	0	1211
Yonatan	255	54	10	9	6	85	9	0	0	2	430
Youngamerican	1157	44	54	23	2	33	2	0	0	0	1315
Zanimum	1370	59	56	17	0	119	12	0	0	0	1633
Zedla	783	6	32	2	2	118	9	0	0	0	952
Zemaiteska	0	0	1	0	0	0	0	0	0	0	1
Zero0000	93	1	9	3	0	27	2	0	0	0	135
ZimZalaBim	2558	19	57	8	0	135	2	0	0	0	2779
Zippy	13	8	5	2	4	35	6	0	0	0	73
Zocky	258	17	21	8	0	21	8	0	0	0	333
Zoe	5859	83	244	12	0	1240	99	0	0	0	7537
Zoicon5	33	0	0	0	0	0	0	0	0	0	33
Zoney	20	11	3	2	0	1	1	0	0	0	38
Zscout370	10326	243	305	59	21	588	92	0	0	2	11636
Zsinj	2374	11	38	2	0	440	39	0	0	0	2904
Zzuuzz	4783	170	876	1172	526	7352	507	141	0	8	15535
Zzyzx11	9042	297	1197	562	11	367	53	4	0	2	11535
^demon	28485	181	40	7	3	74	11	1	0	1	28803
Ævar Arnfjörð Bjarmason	213	3	1	0	0	7	2	0	0	0	226
Ø	0	0	2	0	0	0	0	0	0	0	2
èªç±åå¤	0	0	1	0	0	0	0	0	0	0	1
ï¾	0	0	2	0	0	0	0	0	0	0	2
Totals	5624884	103573	170304	38562	14312	816804	74967	8225	11656	6173	6869460
