User	DL	UD	RD	PT	UP	PM	BL	UB	BM	UR	RM	Total
(aeropagitica)	11928	38	0	50	2	0	1733	42	0	0	0	13793
172	16	0	0	23	7	0	52	40	0	0	0	138
17Drew	317	1	0	2	0	0	37	1	0	0	0	358
23skidoo	537	8	0	32	6	0	131	13	0	0	0	727
52 Pickup	104	3	0	6	1	0	73	6	0	0	0	193
@pple	527	51	0	4	1	0	66	9	0	0	0	658
A Man In Black	3052	63	0	164	24	1	179	34	0	0	0	3517
A Train	237	6	0	19	4	0	51	2	2	0	0	321
A. B.	121	576	0	100	2	4	238	32	6	0	0	1079
AA	492	5	0	2	1	0	10	2	0	0	0	512
ABCD	3138	29	0	432	27	0	62	41	0	0	2	3731
AGK	1722	121	0	242	60	56	570	82	3	0	62	2918
AKeen	9	5	0	8	0	2	0	0	0	0	0	24
AQu01rius	298	2	0	12	5	0	41	0	0	0	0	358
AZT2008	0	0	0	1	0	0	0	0	0	0	0	1
Aarktica	207	2	0	1	0	0	2	1	0	0	0	213
Aaron Brenneman	1030	25	0	41	81	1	136	13	0	0	0	1327
Academic Challenger	19760	38	0	183	34	0	2663	21	5	0	0	22704
Acalamari	5877	69	0	2867	71	182	1264	112	13	0	784	11239
Accounting4Taste	22178	50	0	308	12	2	81	0	0	0	2	22633
Acetic Acid	65	3	0	7	2	0	66	9	0	0	0	152
Acropolis now	0	0	0	3	0	0	0	0	0	0	0	3
Acroterion	21282	46	0	460	17	18	1884	44	53	0	12	23816
Adam Bishop	3637	17	0	45	13	2	121	22	0	0	1	3858
Adambiswanger1	75	0	0	15	4	0	48	1	0	0	0	143
Adambro	1604	15	0	33	1	3	144	6	1	0	4	1811
Adashiel	362	51	0	51	33	1	369	29	0	0	0	896
Addshore	556	7	0	3	1	2	183	7	4	0	5	768
AdjustShift	157	0	0	14	1	1	351	2	23	0	1	550
Admiral Norton	380	6	0	6	0	0	6	0	0	0	2	400
Admrboltz	2743	3	0	26	15	0	94	11	0	0	2	2894
Aecis	3805	39	0	91	5	0	163	3	0	0	0	4106
Aervanath	1887	301	0	43	5	6	51	10	2	0	0	2305
After Midnight	31698	186	0	32	6	0	57	6	0	0	0	31985
Agathoclea	1129	52	0	51	5	4	167	16	1	0	1	1426
Ahoerstemeier	13551	107	0	43	5	1	1998	11	2	0	0	15718
Ais523	299	16	0	16	3	0	8	6	0	0	0	348
Aitias	3438	68	0	224	18	298	1224	78	51	0	74	5473
Akhilleus	856	4	0	41	3	4	427	30	1	0	0	1366
Akradecki	5185	53	0	168	3	3	304	22	31	0	0	5769
Aksi great	1926	12	0	26	8	1	591	30	0	0	0	2594
Al Ameer son	26	3	0	7	2	2	6	1	0	0	1	48
Alai	1393	17	0	10	3	0	42	3	0	0	0	1468
AlainV	1	0	0	0	0	0	0	0	0	0	0	1
Alasdair	539	3	0	11	1	0	226	11	1	0	0	792
Aldux	109	1	0	170	35	0	201	18	0	0	0	534
Ale jrb	1215	5	0	3	1	0	200	1	1	0	1	1427
Alex Bakharev	1725	146	0	475	45	45	1757	179	5	0	0	4377
Alex S	34	4	0	0	0	0	0	0	0	0	0	38
Alex.muller	548	22	0	22	1	1	306	15	0	0	11	926
Alex756	2	0	0	0	0	0	0	0	0	0	0	2
Alexf	13814	88	0	282	10	60	4256	38	7	0	0	18555
AlexiusHoratius	6	0	0	61	4	20	20	0	1	0	0	112
Alhutch	621	3	0	15	6	0	175	9	0	0	0	829
Alison	2362	127	93	1100	199	125	4737	334	13	0	60	9150
AlisonW	485	11	0	56	5	2	121	10	0	0	0	690
AlistairMcMillan	203	16	0	16	1	0	61	3	0	0	0	300
AliveFreeHappy	192	1	0	2	0	0	2	0	0	0	0	197
Alkivar	2396	136	0	252	27	9	470	41	0	0	0	3331
Allen3	10857	52	0	194	51	12	131	5	0	0	1	11303
AllyUnion	1913	26	0	98	11	0	38	11	0	0	0	2097
Alphachimp	6552	108	0	292	146	1	3924	117	2	0	0	11142
Altenmann	4982	254	0	270	63	16	1233	99	1	0	0	6918
Alteripse	2	0	0	2	1	0	13	1	0	0	0	19
Alvestrand	448	29	0	6	4	0	51	4	1	0	0	543
Amalas	1220	2	0	4	52	0	0	0	0	0	0	1278
Amalthea	2279	52	0	45	9	4	70	11	13	0	12	2495
Amberrock	544	7	0	19	3	0	115	9	0	0	0	697
Amcaja	54	3	0	0	1	0	58	2	0	0	0	118
Ameliorate!	389	5	0	46	3	2	126	8	1	0	2	582
AmiDaniel	2801	138	0	165	44	2	749	126	1	0	1	4027
Amire80	272	38	0	5	2	1	30	4	0	0	1	353
Amophar	0	0	0	1	0	0	0	0	0	0	0	1
Ams80	12	0	0	0	0	0	0	0	0	0	0	12
Anas Salloum	665	5	0	1	0	0	351	2	0	0	0	1024
Ancheta Wis	15	2	0	1	0	0	5	0	0	0	0	23
AndonicO	374	28	0	291	30	45	1347	51	0	0	0	2166
Andre Engels	2	0	0	0	0	0	1	0	0	0	0	3
Andres	3	3	0	1	0	0	0	0	0	0	0	7
Andrevan	661	88	0	20	11	0	85	28	0	1203	60	2156
Andrew Levine	718	15	0	19	2	0	34	6	0	0	0	794
Andrew Norman	48	1	0	27	2	0	75	7	0	0	0	160
Andrew Yong	16	1	0	0	0	0	0	0	0	0	0	17
Andrew c	1360	54	0	33	2	1	117	8	1	0	0	1576
Andrewa	85	6	0	0	0	0	0	0	0	0	0	91
Andris	17	0	0	0	0	0	0	0	0	0	0	17
Android79	3349	27	0	56	13	0	260	29	0	0	0	3734
Andrwsc	7610	88	0	61	53	8	109	1	0	0	0	7930
AndyZ	911	12	0	0	0	0	113	4	0	0	0	1040
AnemoneProjectors	726	70	0	84	47	2	128	1	5	0	0	1063
Anetode	9136	318	0	250	13	7	1242	57	0	0	8	11031
AngelOfSadness	1027	2	0	44	2	5	133	14	1	0	0	1228
Angela	2311	43	0	5	2	0	59	30	0	156	7	2613
Angelo.romano	920	116	0	119	15	7	79	2	0	0	0	1258
Angr	34326	205	0	200	52	26	763	29	2	0	0	35603
Angusmclellan	13785	133	0	11	2	1	60	6	0	0	17	14015
AniMate	171	4	0	8	2	0	59	4	3	0	1	252
Animum	1925	276	0	225	29	54	1708	317	4	0	28	4566
AnonEMouse	146	24	0	30	4	2	122	9	0	0	0	337
Anonymous Dissident	1300	23	0	373	32	55	485	14	1	452	49	2784
Anonymous editor	481	1	0	57	16	0	431	32	0	0	0	1018
Antandrus	7406	26	0	416	56	28	5349	354	45	0	1	13681
Anthere	38	1	0	4	4	0	4	1	0	0	2	54
Anthony Appleyard	24132	3216	0	60	5	14	1	0	0	0	0	27428
Anthony.bradbury	12481	64	0	55	2	3	1574	35	25	0	0	14239
AntiAbuseBot	50	0	0	0	0	46	1018	1	18	0	0	1133
AntonioMartin	9	4	0	6	3	0	5	18	0	0	0	45
Apokryltaros	0	0	0	1	0	0	0	0	0	0	0	1
Appraiser	323	6	0	5	0	0	1	0	0	0	0	335
Aqwis	202	6	0	53	5	19	48	1	0	0	4	338
Aranel	1087	18	0	13	0	0	24	3	0	0	0	1145
Arcadian	205	23	0	31	1	0	74	4	0	0	0	338
Archtransit	5	2	0	13	2	1	17	15	0	0	0	55
Arctic.gnome	206	5	0	18	2	1	25	1	0	0	1	259
Aris Katsaris	6	0	0	1	0	0	0	0	0	0	0	7
Arjun01	517	5	0	116	23	0	375	14	0	0	0	1050
Arminius	130	1	0	7	3	0	14	2	0	0	0	157
ArnoldReinhold	220	2	0	5	1	2	5	1	1	0	0	237
Art LaPella	71	2	0	0	0	0	0	0	0	0	0	73
Arthur Rubin	455	44	0	38	5	4	338	44	11	0	2	941
Aruk Besadii Aora	0	0	0	2	0	0	0	0	0	0	0	2
Arvindn	13	0	0	1	1	0	0	0	0	0	0	15
Arwel Parry	148	8	0	39	8	0	655	38	1	0	0	897
Asbestos	72	2	0	0	0	0	25	3	0	0	0	102
Asterion	95	7	0	69	8	3	121	15	0	0	0	318
AstroNomer	0	0	0	0	0	0	1	0	0	0	0	1
Athaenara	22183	133	0	15	2	1	27	5	0	0	0	22366
Atlant	92	1	0	11	0	0	572	20	2	0	0	698
AuburnPilot	2951	223	0	505	68	51	1119	139	24	0	19	5099
Audacity	20	2	0	2	1	0	1	1	0	0	0	27
Aude	1172	39	0	47	11	5	516	17	0	0	2	1809
Ausir	23	2	0	0	0	0	1	0	0	0	0	26
Avraham	1276	146	11	173	35	16	945	106	33	223	80	3044
Awiseman	19	2	0	14	0	0	9	0	0	0	0	44
Awolf002	13	0	0	0	0	0	2	0	0	0	0	15
AxelBoldt	40	6	0	8	1	0	0	0	0	0	0	55
AzaToth	1679	122	0	118	39	30	159	22	1	0	8	2178
B	14206	199	0	299	28	27	810	100	6	0	11	15686
BD2412	3174	1550	0	47	12	1	214	24	1	0	0	5023
BOZ	12	90	0	24	3	5	1	0	0	0	0	135
Babajobu	297	2	0	1	1	0	19	3	0	0	0	323
Baboon Faceless	0	0	0	2	0	0	0	0	0	0	0	2
Backslash Forwardslash	3743	75	0	75	3	11	354	6	59	0	7	4333
Balloonman	271	12	0	13	2	1	50	8	4	0	2	363
Banes	62	7	0	2	0	0	158	2	0	0	0	231
Banno	10	5	0	9	2	0	50	2	0	0	0	78
BanyanTree	1868	63	0	202	245	4	396	11	0	0	0	2789
Barneca	1231	47	0	110	11	14	1013	46	19	0	1	2492
Barneca sock 1	0	0	0	1	0	0	0	0	0	0	0	1
BaronLarf	180	18	0	4	1	0	97	1	0	0	0	301
Bastique	353	92	0	48	8	4	121	51	0	4	51	732
Bazonka	0	0	0	1	0	0	0	0	0	0	0	1
Bbatsell	391	9	0	18	2	0	350	18	0	0	0	788
Bcorr	131	7	0	9	1	0	67	10	0	2	1	228
Bdesham	25	0	0	3	0	0	0	0	0	0	0	28
Bduke	257	18	0	23	7	3	24	0	0	0	0	332
Bearcat	3714	207	0	96	6	5	75	8	2	0	0	4113
Bearian	1010	18	0	198	4	2	655	33	2	0	1	1923
Bedford	9	3	0	50	0	4	5	2	0	0	0	73
Beeblebrox	357	0	0	101	2	17	94	1	5	0	0	577
Beetstra	665	26	0	93	18	10	386	29	4	0	1	1232
Bel123456	0	0	0	1	0	0	0	0	0	0	0	1
Beland	192	1	0	13	12	1	11	0	0	0	0	230
Ben MacDui	315	1	0	2	0	0	8	0	0	0	0	326
Bencherlite	3832	91	0	175	5	14	521	8	9	0	11	4666
Berig	28	0	0	2	0	2	10	0	0	0	1	43
Betacommand	7463	46	0	76	379	0	3297	120	0	0	0	11381
Bettia	363	8	0	10	0	0	5	1	1	0	0	388
Bhadani	1301	7	0	95	19	1	478	10	0	0	0	1911
Bibliomaniac15	3957	26	0	218	31	17	1351	23	5	803	48	6479
BigHaz	3152	2	0	8	6	0	33	2	0	0	0	3203
BigrTex	960	10	0	2	0	0	1	0	0	0	0	973
Bigtimepeace	391	6	0	2	1	0	71	4	1	0	0	476
Bill	0	0	0	1	0	0	0	0	0	0	0	1
Billinghurst	998	3	0	2	0	0	4	0	3	0	0	1010
BillyH	47	2	0	0	1	0	1	0	0	0	0	51
BirgitteSB	168	7	0	0	0	0	1	1	0	0	1	178
Bishonen	574	75	0	196	46	7	570	209	1	0	0	1678
Bishzilla	53	11	0	16	2	2	24	6	0	0	5	119
Bjarki S	91	0	0	2	1	0	41	4	0	0	0	139
Bjelleklang	642	7	0	4	0	3	12	2	0	0	0	670
Bkell	1166	13	0	0	0	0	1	0	0	0	0	1180
Bkonrad	693	98	0	3	0	0	143	2	0	0	0	939
Black Falcon	4293	66	0	3	1	0	27	1	0	0	0	4391
Black Kite	4821	139	0	383	48	50	1247	102	28	0	15	6833
Blankfaze	386	1	0	3	2	0	7	1	0	0	0	400
Blood Red Sandman	663	5	0	5	0	0	242	10	2	0	1	928
Blubberboy92	0	0	0	1	0	0	0	0	0	0	0	1
Blueboy96	1260	23	0	207	5	30	2344	122	73	0	0	4064
Bluemoose	10610	47	0	27	10	0	93	18	0	0	0	10805
Bmicomp	404	2	0	6	4	0	38	11	0	0	0	465
Bobak	228	12	0	149	6	9	730	11	11	0	0	1156
Bobet	4964	181	0	56	18	1	224	10	0	0	0	5454
Bobo192	4955	3	0	2	3	0	2	0	0	0	0	4965
Bogdangiusca	3138	66	0	28	10	1	107	13	0	0	0	3363
Bongwarrior	8779	59	0	440	8	108	3691	34	111	0	2	13232
Bonkers Bobcat	0	0	0	1	0	0	0	0	0	0	0	1
Bookofjude	650	27	0	29	5	0	85	9	0	0	0	805
Bopped Kia	0	0	0	1	0	0	0	0	0	0	0	1
BorgHunter	597	25	0	54	19	1	117	28	0	0	0	841
BorgQueen	3970	34	0	1120	121	43	3416	168	18	0	0	8890
Borisblue	248	1	0	14	39	0	92	8	0	0	0	402
Bovlb	23	2	0	14	1	0	28	2	0	0	0	70
BozMo	285	6	0	15	3	0	116	13	0	0	0	438
BradBeattie	294	0	0	6	0	0	118	3	0	0	0	421
BradPatrick	17	0	0	4	0	0	5	0	0	0	0	26
Bradeos Graphon	4877	19	0	65	19	3	1211	79	0	0	0	6273
Brandon	3749	74	0	106	39	26	561	25	20	0	11	4611
Bratsche	568	16	0	18	46	0	145	19	0	0	0	812
Brendanconway	955	23	0	26	8	0	87	14	0	0	0	1113
BrendelSignature	3	0	0	74	5	4	105	8	0	0	0	199
Brian	6	2	0	3	0	1	2	1	0	0	0	15
Brian Kendig	28	3	0	5	6	0	2	0	0	0	0	44
Brian0918	931	79	0	258	47	4	2141	109	0	0	0	3569
Brianga	2282	9	0	1	1	1	442	7	5	0	0	2748
Briangotts	138	7	0	1	0	0	7	0	0	0	0	153
Brighterorange	181	12	0	1	0	0	21	1	0	0	0	216
Brion VIBBER	192	9	0	12	0	1	27	11	0	0	4	256
Brockert	189	51	0	3	3	0	31	30	0	0	0	307
BrokenSegue	1363	11	0	62	67	0	153	40	0	0	0	1696
Brookie	3997	53	0	212	3	0	229	4	0	0	0	4498
BrownHairedGirl	785	114	0	138	6	9	125	16	0	0	0	1193
Bryan Derksen	828	324	0	5	7	0	10	0	0	0	2	1176
Bubba hotep	2636	67	0	38	3	2	779	12	18	0	4	3559
Buchanan-Hermit	514	18	0	28	6	0	452	20	0	0	0	1038
Bucketsofg	644	22	0	66	6	0	224	8	0	0	0	970
Buckshot06	260	3	0	2	0	0	6	0	1	0	0	272
Bumm13	842	39	0	6	1	0	31	4	0	0	5	928
Bunchofgrapes	738	10	0	62	44	0	203	37	0	0	0	1094
Burgundavia	1105	0	0	4	0	0	1	0	0	0	0	1110
Burstorder	0	0	0	2	0	0	0	0	0	0	0	2
Butseriouslyfolks	5143	83	0	36	3	1	137	15	0	0	0	5418
C-3PO	0	0	0	3	0	0	0	0	0	0	0	3
C.Fred	7517	58	0	209	5	6	1536	31	14	0	0	9376
C12H22O11	1351	5	0	49	8	0	47	7	0	0	0	1467
CALR	29	0	0	0	0	0	1	0	0	0	0	30
CAT:TEMP deletion bot	2120	0	0	0	0	0	0	0	0	0	0	2120
CBDunkerson	3497	64	0	683	49	0	30	22	0	0	1	4346
CBM	4344	139	0	236	96	22	56	18	1	0	3	4915
CIreland	1009	32	0	170	12	23	360	18	9	0	1	1634
CJ	1927	79	0	112	22	3	277	18	0	0	1	2439
CJCurrie	392	19	0	126	8	2	125	13	0	0	0	685
CJLL Wright	1822	30	0	58	3	6	241	3	0	0	0	2163
CLW	13900	54	0	3	0	0	26	0	0	0	0	13983
CMBJ	0	0	0	1	0	0	0	0	0	0	0	1
COGDEN	53	14	0	2	0	0	4	0	1	0	0	74
CRGreathouse	7	0	0	0	0	0	1	1	1	0	0	10
CSTAR	58	4	0	6	3	0	93	3	0	0	0	167
CYD	1	0	0	1	0	0	0	0	0	0	0	2
Cactus.man	592	16	0	61	34	0	178	10	0	0	0	891
CactusWriter	544	96	0	5	2	0	28	3	4	0	3	685
Cacycle	175	11	0	26	2	1	12	1	0	0	1	229
Cailil	116	3	0	33	0	2	50	12	0	0	0	216
Caknuck	1943	8	0	185	30	32	706	11	6	0	0	2921
Calliopejen1	2730	80	0	11	2	0	5	0	0	0	0	2828
Caltrop	57	22	0	0	0	0	6	3	0	0	0	88
Camaron	733	280	0	302	50	74	278	27	19	0	20	1783
CambridgeBayWeather	14466	258	0	206	18	133	978	22	0	0	0	16081
Camembert	11	2	0	0	1	0	0	0	0	0	0	14
Camw	300	6	0	2	0	0	171	0	7	0	0	486
Can't sleep, clown will eat me	9514	230	0	3000	125	133	32088	586	0	0	0	45676
Canadian Paul	962	29	0	14	5	0	21	2	0	0	0	1033
Canadian-Bacon	426	2	0	16	3	0	232	5	0	0	0	684
CanadianCaesar	3505	62	0	53	14	0	1084	85	0	0	0	4803
Canderson7	1183	11	0	18	13	1	220	2	0	0	0	1448
Canley	837	8	0	0	1	0	3	0	0	0	0	849
Canterbury Tail	1299	7	0	66	7	8	385	20	11	0	0	1803
Cantthinkofagoodname	2	0	0	0	0	0	2	0	0	0	0	4
CapitalR	356	2	0	3	5	0	49	1	1	0	1	418
Capitalistroadster	620	1	0	3	0	0	23	3	0	0	0	650
Carabinieri	415	7	0	4	3	0	3	2	0	0	0	434
Carbonite	188	3	0	28	10	0	226	22	0	0	0	477
Carcharoth	33	75	0	2	1	0	1	2	0	0	0	114
Caribbean H.Q.	327	11	0	53	10	6	224	18	0	0	0	649
Carioca	2407	10	0	6	1	0	9	0	0	0	0	2433
Carlosguitar	2924	20	0	30	1	3	166	11	0	0	0	3155
Carlossuarez46	10571	129	0	27	2	0	66	6	1	0	0	10802
Carnildo	2388	98	0	90	17	2	59	21	0	0	3	2678
Cary Bass	1	2	14	5	1	1	1	2	0	2	0	29
Casliber	100	49	7	124	6	21	110	6	0	0	2	425
Catbar	28	0	0	2	1	0	11	0	0	0	0	42
CatherineMunro	69	13	0	0	0	0	3	3	0	0	0	88
CattleGirl	908	12	0	19	3	1	42	7	0	0	0	992
Caulde	2522	84	0	423	28	54	892	36	0	0	78	4117
Causa sui	1691	40	0	88	53	18	255	17	3	0	1	2166
Cbl62	12	0	0	2	0	0	0	0	0	0	0	14
Cbrown1023	3423	75	0	401	72	7	205	32	0	0	8	4223
Cburnett	48	18	0	6	2	0	14	5	0	0	0	93
Cdc	2188	10	0	10	9	0	21	2	0	0	0	2240
Cecropia	39	3	0	36	5	0	6	6	0	215	334	644
Cedrus-Libani	101	4	0	1	0	0	0	0	0	0	0	106
Celestianpower	735	9	0	19	3	0	170	70	0	0	0	1006
Cenarium	1494	65	0	354	139	169	125	4	6	0	20	2376
Centrx	17213	402	0	1002	947	13	1333	212	0	0	0	21122
CesarB	3606	141	0	123	49	0	942	212	0	0	0	5073
Ceyockey	1778	47	0	4	0	0	15	2	0	0	0	1846
Chadloder	0	0	0	0	0	0	6	0	0	0	0	6
Chairboy	5156	13	0	69	8	0	187	14	0	0	0	5447
Chamal N	16	0	0	13	2	2	14	1	0	0	0	48
Chancemill	0	0	0	1	1	0	2	0	0	0	0	4
Charles Matthews	1935	33	0	3	1	0	127	20	0	0	0	2119
Chase me ladies, I'm the Cavalry	2244	40	0	426	26	48	817	31	13	0	1	3646
Chaser	1986	86	0	279	41	34	839	111	5	0	8	3389
Ched Davis	115	6	0	4	0	0	10	4	0	0	4	143
Chell and the cake	0	0	0	2	0	0	0	0	0	0	0	2
Chessnotator1967	0	0	0	1	0	0	0	0	0	0	0	1
Chick Bowen	4659	196	0	72	14	2	135	30	0	0	1	5109
Chillum	1466	26	0	51	11	7	654	42	69	0	8	2334
Chmod007	13	2	0	2	0	0	1	1	0	0	0	19
Chochopk	27	37	0	1	0	0	2	1	0	0	0	68
Choess	7	4	0	0	0	0	0	0	0	0	0	11
Cholmes75	4580	10	0	26	0	0	112	3	0	0	0	4731
Chris 73	1929	15	0	46	8	0	698	30	3	0	0	2729
Chris G	6860	156	0	247	15	38	2911	70	224	0	8	10529
Chris Roy	3	0	0	0	0	0	1	0	0	0	0	4
ChrisGriswold	1126	16	0	51	8	0	210	21	0	0	0	1432
ChrisO	2405	22	0	337	63	35	757	39	3	0	1	3662
ChrisTheDude	681	16	0	6	1	0	13	2	0	0	0	719
Chrislk02	4100	61	0	134	21	8	1632	91	12	0	5	6064
Christopher Mahan	38	5	0	0	0	0	0	0	0	0	0	43
Christopher Parham	505	6	0	4	2	0	24	1	0	0	0	542
Christopher Sundita	62	39	0	8	4	0	17	2	0	0	0	132
Chuck SMITH	0	1	0	0	0	0	0	0	0	0	0	1
Chunky Rice	342	1	0	4	3	0	31	2	0	0	0	383
Chuq	214	19	0	13	2	1	93	6	0	0	0	348
CieloEstrellado	0	0	0	1	0	0	0	0	0	0	0	1
Cimon Avaro	213	10	0	2	5	1	4	0	0	6	3	244
Circeus	1736	8	0	50	27	0	155	13	0	0	0	1989
Cirt	6700	57	0	378	18	53	3352	23	12	0	2	10595
Citicat	685	14	0	20	1	0	33	4	0	0	0	757
Ck lostsword	308	4	0	13	1	5	308	16	0	0	0	655
Ckatz	1286	49	0	178	5	34	742	18	15	0	1	2328
Clarkk	23	0	0	0	1	0	0	0	0	0	0	24
Cleared as filed	1346	19	0	0	0	0	53	2	0	0	0	1420
Climie.ca	0	0	0	1	0	0	11	1	1	0	1	15
ClockworkLunch	20	4	0	11	1	0	4	0	0	0	0	40
ClockworkSoul	758	46	0	38	7	4	214	19	3	0	0	1089
Closedmouth	10733	89	0	64	2	2	761	26	30	0	31	11738
CloudNine	422	15	0	24	1	2	32	2	0	0	0	498
ClueBot	0	0	0	1	0	0	0	0	0	0	0	1
Cnwb	661	11	0	0	0	0	23	2	0	0	0	697
Cobaltbluetony	6521	91	0	421	24	8	391	20	4	0	0	7480
Cobi	7	0	0	1	0	0	1	1	0	0	0	10
Coelacan	1194	30	0	85	10	1	845	53	0	0	0	2218
Coffee	831	52	0	79	6	35	226	8	0	0	2	1239
Coffeedrinker87	0	0	0	1	0	0	0	0	0	0	0	1
Cohesion	6798	42	0	2	18	1	3	0	0	0	0	6864
Colds7ream	106	2	0	1	1	0	2	0	0	0	2	114
Commander Keane	4766	219	0	38	22	0	131	29	0	0	0	5205
Conscious	13449	65	0	2	2	0	56	0	0	0	0	13574
Consumed Crustacean	732	22	0	42	3	1	354	36	1	0	0	1191
Conti	463	41	0	12	38	2	73	3	0	0	1	633
Cool Hand Luke	938	573	0	61	12	20	71	16	0	0	0	1691
Cool3	32	0	0	3	2	0	21	1	2	0	3	64
Coralmizu	168	2	0	23	1	2	47	2	1	0	0	246
Coredesat	11148	136	0	235	25	11	494	60	0	0	0	12109
Coren	849	22	37	54	7	6	179	35	3	0	1	1193
Cowman109	431	36	0	101	43	4	360	44	0	0	0	1019
Craigy144	3099	11	0	8	3	1	38	0	0	0	0	3160
Crazycomputers	442	8	0	54	15	6	714	40	2	0	3	1284
Crazytales	156	15	0	18	1	2	117	18	0	0	0	327
Cremepuff222	175	6	0	3	2	1	96	4	0	0	0	287
Croat Canuck	83	3	0	1	1	0	5	1	0	0	0	94
Crum375	176	18	0	87	6	7	219	12	0	0	0	525
Cryptic	9383	238	0	136	15	1	322	21	0	0	0	10116
CryptoDerk	1091	1	0	67	9	0	1014	45	0	0	0	2227
Crzrussian	5139	133	0	156	28	0	150	13	0	0	0	5619
Cuchullain	287	49	0	12	0	3	38	0	0	0	0	389
Curps	5148	166	0	461	101	0	26558	1065	0	0	0	33499
Cutler	69	0	0	0	0	0	7	0	0	0	0	76
CyborgTosser	2	0	0	0	0	0	0	0	0	0	0	2
Cyde	19067	106	0	258	32	2	829	168	0	0	0	20462
Cydebot	10066	0	0	0	0	0	0	0	0	0	0	10066
Cyp	3	0	0	0	0	0	0	0	0	0	0	3
Cyrius	1620	100	0	26	13	0	69	8	0	0	0	1836
D. Recorder	172	18	0	2	0	0	34	2	0	0	0	228
DDima	524	9	0	1	0	0	1	0	0	0	0	535
DESiegel	892	112	0	9	2	0	40	29	0	0	0	1084
DGG	8599	202	0	170	5	10	109	10	6	0	1	9112
DJ Clayworth	5885	30	0	37	11	0	320	18	3	0	0	6304
DMacks	4460	45	0	292	12	40	722	11	54	0	0	5636
DO11.10	417	28	0	2	0	0	2	1	0	0	2	452
DVD R W	6129	53	0	54	17	7	962	21	0	0	3	7246
DaGizza	837	1	0	8	4	1	54	3	0	0	0	908
Dale Arnett	69	1	0	2	0	0	4	0	0	0	0	76
Dan100	294	16	0	18	12	0	186	44	0	0	0	570
DanKeshet	104	1	0	6	0	0	2	0	0	0	0	113
DanMS	65	0	0	2	1	0	0	0	0	0	0	68
Danaman5	282	4	0	6	0	0	4	4	0	0	1	301
Daniel	4947	266	0	630	40	64	566	76	4	0	13	6606
Daniel Case	2328	34	19	266	16	8	4509	159	31	0	7	7377
Daniel J. Leivick	721	7	0	19	1	0	73	5	0	0	0	826
Daniel Olsen	711	1	0	10	0	0	84	2	0	0	0	808
Daniel Quinlan	54	2	0	0	2	0	2	0	0	0	0	60
DanielCD	243	1	0	15	11	0	37	2	0	0	0	309
Dank	9710	84	0	122	7	1	2136	13	17	0	1	12091
Danny	1072	126	0	26	9	0	105	29	0	4	7	1378
Dannyisme	5	0	0	4	0	0	2	2	0	0	0	13
Dante Alighieri	681	18	0	20	17	3	179	29	0	0	0	947
DarkFalls	2612	143	0	295	37	70	712	41	3	0	5	3918
Darkoneko	2	0	0	0	0	0	1	0	0	1	0	4
Darthgriz98	250	4	0	5	0	0	115	2	0	0	0	376
Darwinek	2172	13	0	68	5	0	190	6	0	0	0	2454
Dave souza	77	3	0	14	2	0	534	20	5	0	0	655
Davemeistermoab	4	0	0	1	0	1	3	1	0	0	1	11
Davewild	3059	40	0	3	3	0	381	1	0	0	0	3487
Daveydweeb	134	1	0	2	0	0	4	1	0	0	0	142
David D.	26	4	0	12	1	5	11	2	1	0	0	62
David Eppstein	2218	28	0	31	7	0	42	1	1	0	0	2328
David Fuchs	922	29	0	64	4	11	84	8	0	0	0	1122
David Gerard	526	43	0	69	7	1	1439	357	0	0	1	2443
David Kernow	635	5	0	45	0	0	0	0	0	0	0	685
David Levy	916	119	0	225	58	3	139	10	1	0	7	1478
David Newton	54	3	0	4	0	0	12	12	0	0	0	85
David.Monniaux	523	60	0	100	13	0	222	30	3	0	0	951
DavidLevinson	35	52	0	9	0	0	9	0	0	0	0	105
DavidWBrooks	1203	1	0	13	2	1	94	0	0	0	0	1314
Davidcannon	155	57	0	30	4	0	137	26	1	0	0	410
Davidgothberg	67	55	0	84	6	28	19	6	0	0	0	265
Davidruben	35	0	0	7	1	1	78	2	0	0	0	124
Davodd	191	29	0	3	3	1	23	1	0	0	0	251
Dbachmann	411	28	0	133	41	20	205	19	1	0	0	858
Dbenbenn	6085	109	0	260	583	0	26	7	0	0	0	7070
Dcoetzee	332	46	0	10	4	0	51	11	0	0	1	455
Ddstretch	13	0	0	20	5	6	207	20	6	0	0	277
Deacon of Pndapetzim	555	22	0	29	2	3	161	11	12	0	34	829
DeadEyeArrow	934	14	0	26	5	0	199	6	0	0	0	1184
Deathphoenix	1168	49	0	17	5	0	420	80	0	0	0	1739
Deb	12929	54	0	26	1	0	306	4	1	0	0	13321
Deckiller	1228	35	0	80	14	2	300	46	0	0	0	1705
Decltype	694	30	0	3	0	0	66	5	7	0	10	815
Decumanus	42	0	0	3	0	0	12	0	0	0	0	57
Deiz	951	16	0	163	8	3	392	20	0	0	0	1553
Dekimasu	1087	63	0	14	1	0	17	0	0	0	1	1183
Delirium	3467	23	0	20	11	0	305	18	0	0	0	3844
Delldot	1585	23	0	15	6	1	606	9	0	0	0	2245
Deltabeignet	836	1	0	5	6	0	130	2	0	0	0	980
Demi	151	32	0	2	1	0	51	17	0	0	0	254
Denelson83	1135	18	0	57	12	11	39	6	0	0	0	1278
Denni	2324	30	0	23	3	0	5	0	0	0	0	2385
DerHexer	134625	44	0	92	3	8	5844	38	3	0	20	140677
Derek Ross	523	11	0	14	4	3	1	0	0	0	0	556
Deryck Chan	1	1	0	0	2	0	1	0	0	0	0	5
Deskana	1375	86	67	216	77	18	997	109	33	333	183	3494
Deville	1015	6	0	16	1	0	187	4	3	0	0	1232
Dfrg.msc	35	1	0	0	0	0	7	0	0	0	0	43
Dgies	575	29	0	27	4	3	223	18	0	0	2	881
Dgrant	0	0	0	1	0	0	0	0	0	0	0	1
Diberri	126	3	0	3	1	0	5	0	0	0	0	138
Dieter Simon	3	0	0	23	0	1	0	0	0	0	0	27
Dijxtra	135	6	0	13	6	0	36	4	0	0	0	200
Dina	3371	18	0	49	1	0	273	5	0	0	0	3717
Dino	24	0	0	0	0	0	0	0	0	0	0	24
Dinoguy1000	75	4	0	21	0	2	5	0	0	0	1	108
Discospinster	16428	371	0	136	8	12	1118	6	6	0	0	18085
Djsasso	983	180	0	36	5	2	344	10	1	0	8	1569
Dlohcierekim	5190	115	0	151	7	12	414	36	9	0	1	5935
Dmn	35	1	0	10	4	0	12	15	0	0	0	77
Doc glasgow	4087	123	0	370	42	11	1060	83	0	0	42	5818
Docu	1162	59	0	122	2	6	11	5	0	0	2	1369
Doczilla	73	5	0	9	6	0	86	8	0	0	0	187
Dominic	13266	59	40	81	186	2	3250	633	23	0	34	17574
DonCalo	0	0	0	1	0	0	0	0	0	0	0	1
Donald Albury	1157	3	0	7	2	2	118	4	0	0	0	1293
DoomsDay349	222	4	0	2	0	0	0	0	0	0	0	228
Dori	11	0	0	0	0	0	2	2	0	0	0	15
Doug	339	33	0	11	110	2	23	3	10	0	3	534
Doug Bell	2427	36	0	29	12	0	25	3	0	0	0	2532
Dougweller	269	5	0	123	16	28	743	16	30	0	0	1230
Dpbsmith	133	4	0	3	2	0	17	0	0	0	0	159
Dppowell	4	0	0	5	0	0	112	6	0	0	0	127
DrBob	17	1	0	0	0	0	7	0	0	0	0	25
DrKiernan	1291	23	0	38	5	3	129	8	0	0	0	1497
DragonflySixtyseven	21938	320	0	332	35	9	4125	180	152	0	107	27198
Dragons flight	612	65	0	115	35	1	117	28	0	0	1	974
Dravecky	478	3	0	79	5	1	0	0	0	0	0	566
Dreadstar	952	71	0	234	12	14	1843	96	2	0	0	3224
Drilnoth	14224	49	0	50	2	13	0	0	0	0	5	14343
Drini	9598	93	0	178	38	1	4455	233	1	0	8	14605
DropDeadGorgias	340	3	0	24	1	0	90	5	0	0	0	463
Dsmdgold	819	11	0	3	0	0	3	0	0	0	0	836
Duja	875	136	0	20	9	2	72	9	0	0	0	1123
Duk	3834	30	0	61	15	2	129	25	0	0	1	4097
Duncharris	986	57	0	47	10	0	92	20	0	0	0	1212
Durin	2448	7	0	28	13	0	168	15	0	0	0	2679
Durova	24	1	0	211	37	11	388	66	0	0	0	738
Dustimagic	216	2	0	4	2	0	50	8	1	0	0	283
Dvyost	56	0	0	0	0	0	11	1	0	0	0	68
Dweller	1593	24	0	103	2	4	282	9	0	262	10	2289
Dysprosia	154	6	0	3	1	0	97	11	0	0	0	272
ERcheck	2944	9	0	66	10	0	1002	29	1	0	0	4061
ESkog	10804	76	0	117	22	4	882	108	2	0	0	12015
EVula	2351	95	3	153	20	12	911	27	1	446	39	4058
EWS23	643	3	0	7	2	0	136	11	0	0	0	802
Earl Andrew	109	36	0	26	6	0	67	12	0	0	0	256
Earle Martin	264	11	0	6	2	1	31	2	0	0	0	317
East718	226039	1910	0	5486	1632	288	3526	1007	15	0	31	239934
Ed Poor	73	13	0	35	32	0	71	28	0	10	16	278
Ed g2s	3049	69	0	30	27	2	50	5	0	0	0	3232
EdJohnston	893	23	0	451	23	49	706	42	8	0	1	2196
Edcolins	32	4	0	2	2	0	2	0	0	0	0	42
Edgar181	32615	211	0	427	18	16	13290	175	106	0	18	46876
Edison	776	17	0	3	1	1	180	3	0	0	0	981
Edokter	1293	32	0	32	14	20	43	5	0	0	1	1440
Edward	366	0	0	1	0	0	21	3	0	0	0	391
Edward Z. Yang	12	0	0	3	0	0	8	1	0	0	0	24
EdwinHJ	564	4	0	14	4	1	23	7	0	0	0	617
Efe	1463	5	0	11	1	3	163	0	2	0	1	1649
Egil	61	0	0	1	0	0	214	3	0	0	0	279
Either way	5465	36	0	159	10	9	873	43	8	0	7	6610
El C	1717	52	0	637	58	24	2996	116	0	0	3	5603
Eleassar	136	31	0	4	0	0	3	0	0	0	0	174
Electionworld	1285	33	0	1	0	0	0	0	0	0	0	1319
Elf	138	14	0	0	0	0	0	0	0	0	0	152
Elf-friend	465	1	0	17	0	0	15	0	0	0	0	498
ElinorD	7274	69	0	60	1	5	254	15	0	0	0	7678
Eliz81	958	48	0	93	0	19	229	4	0	0	1	1352
Elkman	5946	12	0	45	5	4	404	29	0	0	0	6445
Ellsworth	18	0	0	0	0	0	1	0	0	0	0	19
Elonka	1296	19	0	45	13	2	483	23	3	0	0	1884
Eloquence	126	5	0	8	5	0	29	10	0	0	1	184
Eluchil404	931	58	0	5	0	0	11	0	0	0	0	1005
Emperor	43	34	0	0	0	0	1	1	0	0	0	79
EncMstr	572	55	0	234	115	32	901	19	16	0	1	1945
Encephalon	92	22	0	27	6	0	28	36	0	0	0	211
Enchanter	14	0	0	1	3	0	2	0	0	0	0	20
EncycloPetey	118	11	0	66	0	2	30	2	0	0	0	229
Enigmaman	637	6	0	243	4	74	463	7	106	0	0	1540
Enochlau	17605	26	0	72	20	1	56	4	0	0	0	17784
Epbr123	2231	8	0	6	0	1	616	7	3	0	1	2873
Erdem Tüzün	0	0	0	2	0	0	0	0	0	0	0	2
Ericorbit	172	5	0	165	5	7	292	0	3	0	0	649
Esanchez7587	2280	3	0	67	4	7	234	1	0	0	0	2596
Espresso Addict	284	8	0	5	1	0	2	0	0	0	0	300
Esprit15d	389	9	0	9	2	0	1	0	0	0	0	410
Essexmutant	19	0	0	1	0	0	7	1	0	0	0	28
Essjay	1806	171	0	218	23	0	1236	248	0	715	102	4519
Esteffect	788	24	0	16	6	0	95	21	0	0	0	950
Eugene van der Pijll	969	54	0	9	3	0	8	1	0	0	0	1044
EurekaLott	728	65	0	17	1	0	29	0	0	0	0	840
Euryalus	839	5	0	45	1	10	326	8	13	0	3	1250
Ev	145	14	0	6	0	0	2	0	0	0	0	167
EvanProdromou	0	0	0	0	0	0	1	0	0	0	0	1
Eventtable	0	0	0	1	0	0	0	0	0	0	0	1
Evercat	250	3	0	32	24	1	259	35	0	0	0	604
Everyking	1272	4	0	7	12	0	28	12	0	0	0	1335
Evil Monkey	1894	13	0	28	12	0	284	23	0	0	0	2254
Evil saltine	862	34	0	19	9	0	420	17	4	0	3	1368
Evilphoenix	835	60	0	79	5	0	143	16	0	0	0	1138
Explicit	0	0	0	4	0	0	0	0	0	0	0	4
Exploding Boy	1419	6	0	7	3	1	403	21	7	0	0	1867
Extraordinary Machine	342	142	0	14	5	0	178	28	0	0	0	709
Extreme Unction	543	22	0	26	2	0	26	4	0	0	0	623
Eye of the Mind	16	2	0	9	2	1	9	0	0	0	0	39
EyeSerene	91	15	0	45	2	13	291	16	8	0	0	481
Eyrian	633	23	0	33	3	0	40	1	0	0	0	733
Ezeu	895	30	0	37	35	3	123	9	0	0	0	1132
Ezhiki	1084	257	0	42	13	6	65	23	0	0	1	1491
FCYTravis	3479	174	0	158	46	19	192	31	0	0	0	4099
FT2	384	28	27	73	6	5	226	37	11	0	16	813
Fabrictramp	4362	84	0	207	5	22	109	3	4	0	0	4796
Faithlessthewonderboy	3171	69	0	189	1	0	438	3	5	0	1	3877
Falco McCloud	0	0	0	1	0	0	0	0	0	0	0	1
Fang Aili	29076	83	0	118	52	0	253	12	0	0	0	29594
Fantasy	18	4	0	4	2	1	1	0	0	0	0	30
Fastfission	194	11	0	9	6	2	160	20	0	0	0	402
Fastily	1858	12	0	24	0	4	113	4	5	0	1	2021
Fawcett5	813	8	0	3	2	0	58	0	0	0	0	884
FayssalF	409	8	0	309	52	13	1308	84	0	0	0	2183
Feco	3	0	0	0	0	0	0	0	0	0	0	3
FeloniousMonk	17	13	0	29	4	0	143	20	0	0	0	226
Femto	370	4	0	30	7	0	288	9	0	0	0	708
Fennec	18	3	0	5	3	0	30	3	0	0	0	62
Ferkelparade	589	3	0	2	1	0	37	0	0	0	0	632
Feydey	6487	26	0	67	18	8	131	3	0	0	0	6740
Filelakeshoe	227	7	0	8	1	3	75	4	1	0	8	334
Filiocht	851	2	0	3	5	0	36	0	0	0	0	897
Finlay McWalter	330	3	0	18	5	0	421	19	0	0	0	796
Fir0002	21	0	0	0	0	0	1	0	0	0	0	22
Firefoxman	269	6	0	11	2	2	6	0	0	0	2	298
Firsfron	1552	10	0	152	6	5	279	30	0	0	1	2035
Fish and karate	9146	208	0	369	21	19	633	374	1	0	11	10782
FisherQueen	6791	18	0	295	5	12	1419	47	75	0	0	8662
Fishhead64	24	1	0	0	0	0	27	0	0	0	0	52
Fl	519	7	0	2137	3	11	129	2	4	0	16	2828
Flcelloguy	855	42	0	775	720	0	268	40	0	0	0	2700
FloNight	468	5	10	52	6	2	144	18	0	0	0	705
Flockmeal	146	1	0	1	0	0	14	0	0	0	0	162
Flowerparty	1957	59	0	19	3	0	29	0	0	0	0	2067
Flucky	0	0	0	1	0	0	0	0	0	0	0	1
Flyguy649	1312	22	0	201	8	21	742	37	1	0	0	2344
FlyingToaster	59	1	0	0	1	0	1	0	2	0	2	66
Formeruser-81	44	0	0	21	3	0	25	20	0	0	0	113
Formeruser-82	199	24	0	45	24	0	121	25	0	0	0	438
Fram	8420	128	0	183	6	31	378	8	5	0	0	9159
FrancisTyers	172	5	0	20	7	0	67	15	0	0	0	286
Francs2000	10097	74	0	122	17	0	574	21	0	0	12	10917
Frank	3456	37	0	43	2	4	192	6	3	0	5	3748
Frazzydee	363	13	0	64	32	0	12	13	0	0	0	497
Freakofnurture	9841	927	0	551	96	5	10422	1134	0	0	0	22976
Fred Bauder	179	47	74	114	30	0	317	162	45	0	18	986
Fred J	1430	16	0	12	7	0	36	1	0	0	0	1502
Fredrik	209	3	0	1	0	0	40	1	0	0	0	254
Freestylefrappe	14	0	0	4	1	0	48	1	0	0	0	68
FreplySpang	6790	37	0	35	5	0	776	47	0	0	0	7690
Fribbler	412	2	0	9	0	0	2	2	1	0	2	430
Friday	9645	96	0	55	22	3	391	40	0	0	12	10264
Fritzpoll	1106	28	0	42	3	7	66	11	4	0	30	1297
Fropuff	28	1	0	2	0	0	2	0	0	0	0	33
Fuhghettaboutit	6512	138	0	183	8	0	287	9	12	0	2	7151
Func	9	0	0	14	1	0	1215	124	0	0	0	1363
Furrykef	110	11	0	0	1	0	1	0	0	0	0	123
Future Perfect at Sunrise	3609	163	0	429	47	37	1625	246	20	0	8	6184
Fuzheado	886	18	0	62	13	3	574	42	0	0	0	1598
Fvasconcellos	1630	121	0	216	18	49	158	7	2	0	3	2204
Fvw	2867	41	0	28	17	0	2226	3509	31	0	0	8719
Fys	802	7	0	29	13	0	168	40	0	0	0	1059
G-Man	112	33	0	10	5	0	12	1	0	0	0	173
G.A.S	46	2	0	0	0	0	0	0	0	0	0	48
GDonato	3014	33	0	296	19	13	422	38	1	0	10	3846
GRBerry	1667	195	0	53	20	1	113	10	0	0	0	2059
GTBacchus	4079	315	0	19	13	0	176	13	0	0	0	4615
Gabbe	633	0	0	0	1	0	8	3	0	0	0	645
Gadfium	2061	33	0	57	12	3	2160	182	3	0	10	4521
Gadget850	335	23	0	3	1	0	0	0	0	0	0	362
Gaillimh	27	13	0	13	2	0	35	7	0	0	0	97
Gaius Cornelius	9	0	0	1	0	0	62	3	0	0	0	75
Galwhaa	235	6	0	2	0	0	11	3	0	0	0	257
Gamaliel	1551	109	0	174	72	8	1047	165	5	0	0	3131
Ganeshk	809	129	0	11	7	0	20	10	0	0	0	986
Garden	989	41	0	44	5	11	147	16	5	0	8	1266
Garion96	12932	333	0	64	11	7	204	9	2	0	4	13566
Garzo	351	4	0	40	5	2	444	8	0	0	0	854
Gatoclass	119	2	0	35	25	1	1	0	0	0	0	183
Gator1	172	15	0	55	3	0	183	26	0	0	0	454
Gazimoff	316	2	0	5	2	1	72	2	1	0	2	403
Gdr	337	10	0	47	45	0	5	0	0	0	0	444
Ged UK	2171	16	0	166	5	32	300	0	8	0	0	2698
GeeJo	707	8	0	63	33	0	4	0	0	0	0	815
GeneralPatton	25	0	0	3	3	0	13	3	0	0	0	47
Geni	10129	293	0	181	102	0	449	90	0	0	4	11248
Geniac	179	0	0	49	17	3	457	4	0	0	0	709
Gentgeen	99	6	0	2	0	1	35	4	0	0	0	147
Geogre	5178	12	0	21	2	0	221	16	1	0	0	5451
Geometry guy	227	24	0	1	1	3	0	0	0	0	2	258
Georgewilliamherbert	59	108	0	152	4	17	1058	104	11	0	1	1514
Gerald Farinas	65	0	0	3	4	1	4	1	0	0	0	78
Geschichte	6734	76	0	3	0	0	19	6	0	0	0	6838
Getluv	0	0	0	1	0	0	0	0	0	0	0	1
Gilliam	1023	4	0	127	24	16	6935	13	9	0	0	8151
Gimmetrow	936	68	0	165	3	62	328	25	5	0	8	1600
Ginkgo100	963	17	0	38	13	0	527	14	0	0	2	1574
Gladys j cortez	3	0	0	24	2	2	82	4	5	0	0	122
GlassCobra	2251	66	0	76	8	8	1307	13	6	0	8	3743
Glen	1620	83	0	182	17	1	4516	198	0	0	0	6617
Gnangarra	1570	33	0	187	17	6	231	40	1	0	2	2087
Gnasher29	0	0	0	1	0	0	0	0	0	0	0	1
Goatasaur	16	2	0	1	1	0	2	0	0	0	0	22
Gogo Dodo	27280	101	0	719	5	95	3691	40	76	0	1	32008
Golbez	5522	84	0	222	80	16	1311	162	5	0	0	7402
Goldom	1899	7	0	8	0	0	50	4	0	0	0	1968
GoneAwayNowAndRetired	149	4	0	135	4	41	89	3	12	0	2	439
Gonzo fan2007	3778	80	0	405	38	66	240	21	0	0	9	4637
Good Olfactory	5540	167	0	46	15	3	69	4	4	0	0	5848
Goodnightmush	619	1	0	13	1	3	105	1	0	0	0	743
Goodoldpolonius2	1	0	0	4	2	0	27	0	0	0	0	34
Graeme Bartlett	4139	68	0	35	1	6	241	0	15	0	1	4506
GraemeL	971	6	0	59	28	2	1177	87	3	0	0	2333
Graft	3	1	0	1	1	2	0	0	0	0	0	8
Graham87	4447	8153	0	88	6	18	108	7	3	0	2	12832
GrahamColm	24	0	0	11	2	1	15	3	0	0	0	56
Grandmasterka	3055	35	0	118	12	2	528	30	1	0	3	3784
Grant65	6	5	0	2	1	0	3	0	0	0	0	17
Greeves	323	5	0	6	2	0	26	0	0	0	7	369
GregAsche	239	1	0	13	17	0	152	9	0	0	0	431
GregRobson	1	0	0	0	0	0	0	0	0	0	0	1
Grenavitar	864	32	0	3	2	0	41	7	0	0	1	950
Grendelkhan	38	2	0	0	0	0	4	0	0	0	0	44
Grm wnr	533	6	0	4	2	0	38	5	0	0	0	588
Grossmünster	0	0	0	1	0	0	0	0	0	0	0	1
Ground Zero	61	0	0	29	6	4	29	0	3	0	0	132
Grue	198	103	0	10	18	0	25	7	0	0	0	361
Grunt	86	5	0	4	2	0	10	2	0	0	0	109
Grutness	2410	103	0	86	8	3	24	16	0	0	0	2650
Gryffindor	107	8	0	5	0	0	1	1	0	0	0	122
Gtrmp	403	12	0	3	0	0	1	0	0	0	0	419
Guanaco	513	188	0	40	42	0	387	257	0	0	0	1427
Guettarda	201	73	0	41	27	5	67	18	0	0	0	432
Gurch	36411	1467	0	76	22	0	695	17	0	0	0	38688
Gurubrahma	309	6	0	144	93	0	39	2	0	0	0	593
Gutza	12	1	0	2	1	2	5	3	0	0	0	26
Gwalla	921	10	0	2	1	0	68	8	0	0	0	1010
Gwen Gale	7198	238	0	492	40	33	1028	151	48	0	5	9233
Gwernol	3832	26	0	344	45	11	4359	157	0	0	0	8774
Gyrofrog	147	11	0	12	2	2	252	14	2	0	0	442
H	6668	26	0	96	39	0	1080	129	0	0	0	8038
Hadal	1484	0	0	6	7	0	316	3	0	0	0	1816
Haemo	2305	14	0	69	7	18	226	43	0	0	0	2682
Hajor	163	7	0	13	12	0	16	1	0	0	0	212
Hall Monitor	460	12	0	270	32	1	2964	235	0	0	0	3974
Hamster Sandwich	3	1	0	0	0	0	20	3	0	0	0	27
Happy-melon	2508	52	1	195	52	19	0	0	0	0	3	2830
HappyCamper	4332	105	0	121	87	0	586	458	0	0	0	5689
Happyme22	571	9	0	44	1	7	11	0	0	0	0	643
Harej	2551	74	0	129	45	7	38	19	2	0	9	2874
Harold Oxley	0	0	0	2	0	0	0	0	0	0	0	2
Harro5	4810	33	0	72	4	0	167	10	0	0	0	5096
Harryboyles	2379	2	0	10	1	0	4	1	0	0	0	2397
Hashar	19	0	0	0	0	0	0	0	0	0	0	19
Hatricide	0	0	0	1	0	0	0	0	0	0	0	1
Haukurth	1197	68	0	15	34	0	78	13	0	0	3	1408
Hawstom	3	0	0	5	1	0	6	1	0	0	0	16
Hbdragon88	669	7	0	7	1	2	1	0	0	0	0	687
Hcheney	20	0	0	0	0	0	15	0	0	0	0	35
Hdt83	25	1	0	9	2	0	76	2	0	0	1	116
Heah	782	14	0	17	6	0	92	9	0	0	0	920
Heimstern	446	19	0	97	8	7	928	38	6	0	0	1549
Hemanshu	447	5	0	0	0	0	5	0	0	0	0	457
Hemlock Martinis	816	44	0	28	2	5	84	8	0	0	0	987
Henrik	454	25	0	32	13	4	156	22	1	0	4	711
Henry Flower	125	1	0	18	10	0	213	8	0	0	0	375
Henrygb	1491	36	0	6	3	0	21	0	0	0	0	1557
Hephaestos	1	2	0	3	2	0	0	0	0	0	0	8
Herbythyme	3022	11	0	45	2	6	515	25	7	0	1	3634
HereToHelp	138	3	0	37	11	3	16	3	0	0	0	211
Hermione1980	501	4	0	4	3	1	11	2	0	0	0	526
Hernando Magallanes	0	0	0	4	0	0	0	0	0	0	0	4
Heron	24	2	0	0	0	0	54	4	0	0	0	84
Herostratus	5268	77	0	14	4	0	65	5	0	0	0	5433
Hersfold	3027	61	0	977	18	361	988	206	118	0	39	5795
Hesperian	2256	201	0	89	15	3	355	55	1	0	0	2975
Hiberniantears	855	5	0	62	3	20	998	23	8	0	2	1976
Hiding	1735	125	0	33	25	1	50	14	0	0	4	1987
Hit bull, win steak	163	4	0	2	0	0	32	0	1	0	0	202
Hmhur	0	0	0	1	0	0	0	0	0	0	0	1
Hmwith	5442	51	3	36	2	1	69	4	3	0	1	5612
Hoary	427	14	0	73	5	7	227	8	2	0	0	763
Horologium	463	3	0	112	4	26	65	0	5	0	0	678
HorsePunchKid	189	0	0	0	0	0	0	0	0	0	0	189
HowDumbAreYou	0	0	0	1	0	0	0	0	0	0	0	1
Howcheng	18969	178	3	68	100	1	75	11	0	0	1	19406
Hu12	1410	50	0	347	14	1	958	36	0	0	2	2818
Humblefool	596	11	0	3	2	0	4	2	0	0	0	618
Humus sapiens	73	2	0	64	4	0	124	12	0	0	0	279
Huntster	390	25	0	23	4	2	24	0	0	0	0	468
Hurricanehink	214	2	0	0	0	0	7	0	0	0	0	223
Husnock	59	1	0	22	8	0	27	9	0	0	0	126
Husond	1240	11	0	422	39	22	1139	39	0	0	1	2913
Hut 8.5	5731	57	0	627	17	37	1143	17	4	0	19	7652
Hyacinth	421	12	0	0	1	0	6	1	0	0	0	441
Ian Dalziel	0	0	0	1	0	0	0	0	0	0	0	1
Ian13	1926	51	0	30	8	2	65	21	0	0	0	2103
IanManka	1212	236	0	73	11	7	225	26	2	0	0	1792
Ianblair23	130	39	0	1	2	0	0	0	0	0	0	172
Icairns	248	7	0	1	1	0	3714	64	1	0	0	4036
Ice Cold Beer	1457	11	0	10	3	2	319	11	6	0	0	1819
IceKarma	1743	8	0	2	2	0	0	1	0	0	0	1756
Icestorm815	1542	29	0	93	7	24	403	11	19	0	5	2133
Icewedge	595	5	0	4	0	1	121	1	1	0	1	729
Idont Havaname	159	5	0	3	2	0	48	0	0	0	0	217
Ihcoyc	253	4	0	15	0	0	1	0	0	0	0	273
Ike9898	303	3	0	5	1	1	30	3	0	0	0	346
Ikiroid	61	5	0	1	0	0	20	1	0	0	0	88
Ilmari Karonen	1080	641	0	32	2	1	210	32	0	0	1	1999
Ilyanep	153	2	0	6	2	0	32	7	0	15	18	235
Improv	1233	9	0	188	11	0	79	15	0	0	0	1535
Imran	1	0	0	0	0	0	1	0	0	0	0	2
InShaneee	3951	20	0	91	5	0	528	56	0	0	0	4651
Infrogmation	4653	78	0	128	8	3	5780	116	8	2	1	10777
Inter	649	4	0	6	1	0	181	10	0	0	0	851
Interiot	1319	23	0	14	8	0	11	1	0	0	0	1376
Ioeth	2602	53	0	123	30	15	1525	38	4	0	12	4402
Iridescent	3376	81	0	124	10	37	839	44	8	0	8	4527
Irina Spalko	0	0	0	1	0	0	0	0	0	0	0	1
Irishguy	11708	25	0	107	3	0	1413	14	0	0	0	13270
IronGargoyle	3442	232	0	55	20	5	119	2	0	0	0	3875
Ish ishwar	46	3	0	1	0	0	11	1	0	0	0	62
Islander	677	22	0	109	1	6	79	5	1	0	4	904
Islanders27	0	0	0	1	0	0	0	0	0	0	0	1
Isomorphic	213	0	0	1	0	0	14	1	0	0	0	229
Isotope23	2009	23	0	124	33	10	490	59	0	0	0	2748
It Is Me Here	209	3	0	11	2	0	7	3	1	0	3	239
Ixfd64	3553	80	0	65	279	1	1329	3739	9	0	1	9056
Izehar	148	3	0	18	21	0	89	20	0	0	0	299
J Di	1548	57	0	75	32	0	581	44	0	0	0	2337
J Greb	1278	59	0	75	2	16	30	2	1	0	0	1463
J Milburn	7919	125	0	50	7	18	82	0	0	0	6	8207
J-stan	178	7	0	7	3	4	76	6	0	0	24	305
J.J.	1	2	0	0	0	0	1	0	0	0	0	4
J.delanoy	7777	241	0	707	31	212	13145	219	698	0	61	23091
J.smith	1172	48	0	26	7	2	240	42	0	0	0	1537
JCarriker	122	29	0	9	4	0	61	13	0	0	0	238
JDoorjam	1760	44	0	99	18	3	121	21	0	0	0	2066
JForget	5459	95	0	428	506	168	1509	12	11	0	0	8188
JGHowes	239	16	0	27	0	2	61	1	3	0	0	349
JHunterJ	889	76	0	9	1	1	10	2	0	0	0	988
JIP	6603	65	0	22	4	0	143	3	0	0	0	6840
JLaTondre	13996	69	0	33	4	0	1293	15	0	0	0	15410
JPD	622	5	0	2	2	0	19	1	0	0	0	651
JPG-GR	6352	68	0	13	2	0	15	0	0	0	0	6450
JRM	174	9	0	11	17	0	15	28	0	0	0	254
JWSchmidt	43	2	0	13	5	0	58	1	0	0	1	123
JYolkowski	2375	20	0	11	27	0	139	9	1	0	0	2582
JaGa	0	0	0	1	0	0	0	0	0	0	0	1
Jac16888	14536	59	0	57	3	8	192	12	75	0	1	14943
Jacoplane	324	33	0	92	46	3	159	11	0	0	0	668
Jafeluv	529	29	0	1	1	0	3	0	0	0	0	563
Jake Nelson	21	1	0	0	0	0	1	0	0	0	0	23
Jake Wartenberg	1718	77	0	30	1	1	192	19	14	0	9	2061
James086	3983	26	0	17	1	2	336	12	0	0	1	4378
JamesR	1090	8	0	42	4	10	104	10	1	0	3	1272
JamesTeterenko	222	2	0	27	18	0	160	4	0	0	0	433
Jamesday	6	7	0	2	0	0	6	1	0	0	0	22
JamieS93	4475	37	0	34	5	6	38	1	3	0	7	4606
Jaranda	17921	149	0	323	98	2	1208	229	0	0	0	19930
Jarry1250	595	8	0	11	1	2	29	0	3	0	3	652
Jasonbres	0	0	0	1	0	0	0	0	0	0	0	1
Jauerback	1219	8	0	54	8	6	748	55	6	0	3	2107
Jaxl	1604	10	0	3	1	0	36	0	0	0	0	1654
Jay	18	8	0	0	0	0	0	0	0	0	0	26
Jayjg	465	156	3	423	68	1	1980	228	1	0	0	3325
Jayron32	1396	23	0	298	9	34	1546	209	57	0	14	3586
Jbmurray	87	8	0	7	6	0	18	1	0	0	0	127
Jc37	1453	101	0	40	9	9	60	7	1	0	1	1681
Jclemens	10285	81	0	185	1	1	570	3	22	0	8	11156
Jcw69	67	1	0	0	0	0	108	3	0	0	0	179
Jdavidb	81	0	0	13	2	0	48	2	0	0	0	146
Jdforrester	389	53	0	23	7	0	48	12	0	0	0	532
JeLuF	146	3	0	2	0	0	2	1	0	0	4	158
Jedi6	14	0	0	2	3	0	10	1	0	0	0	30
Jeepday	513	9	0	15	1	0	506	8	4	0	0	1056
Jeffrey O. Gustafson	14386	197	0	469	28	37	727	107	0	0	1	15952
Jehochman	141	22	0	93	11	12	478	83	5	0	1	846
Jengod	125	0	0	7	0	0	0	0	0	0	0	132
Jennavecia	4305	517	0	283	29	58	438	49	1	0	13	5693
JeremyA	1998	16	0	37	16	0	267	14	0	0	0	2348
Jerry	3515	198	0	99	14	1	72	9	0	0	3	3911
Jersey Devil	554	10	0	28	6	2	188	18	0	0	0	806
Jersyko	578	1	0	52	10	5	116	6	0	0	0	768
Jerzy	287	153	0	4	0	0	111	5	3	0	0	563
Jesse Viviano	1693	66	0	11	5	2	321	57	0	0	0	2155
JesseW	29028	126	0	36	8	0	77	21	0	0	1	29297
Jfdwolff	440	39	0	102	16	7	265	19	0	0	0	888
Jiang	371	18	0	17	5	0	89	3	0	0	0	503
Jimbo Wales	299	16	0	42	13	3	79	41	0	0	9	502
Jimfbleak	30827	131	0	760	31	4	1419	234	1	0	0	33407
Jimregan	3	0	0	0	0	0	0	0	0	0	0	3
Jimtinman3909	0	0	0	1	0	0	0	0	0	0	0	1
Jingiby	0	0	0	1	0	0	0	0	0	0	0	1
Jinian	1740	5	0	9	3	0	0	0	0	0	0	1757
Jitse Niesen	627	24	0	14	9	2	35	4	0	0	0	715
Jj137	5098	59	0	285	30	49	875	20	0	0	33	6449
Jkelly	3628	61	0	35	17	0	188	12	0	0	0	3941
Jmabel	165	32	0	7	7	0	126	5	0	0	0	342
Jmlk17	11140	72	0	942	48	79	2032	52	0	0	0	14365
Jnc	1906	158	0	114	34	0	46	20	0	0	0	2278
Jni	19112	26	0	24	4	0	199	2	0	0	0	19367
Jnothman	60	1	0	1	0	0	1	1	0	0	0	64
JoJan	6214	29	0	117	2	6	1260	9	1	0	0	7638
JoanneB	1180	48	0	51	22	0	816	105	0	0	0	2222
JodyB	1848	38	0	21	4	4	305	22	0	0	0	2242
Joe Beaudoin Jr.	544	1	0	17	3	0	68	2	0	0	0	635
Joelr31	661	12	0	9	8	0	83	1	0	0	0	774
Jogers	91	0	0	0	0	0	0	0	0	0	0	91
Johan Elisson	352	14	0	11	4	0	42	5	0	0	0	428
Johann Wolfgang	54	2	0	2	1	0	57	1	0	0	0	117
John	2561	19	0	88	4	6	1181	25	1	0	0	3885
John Carter	326	3	0	18	1	1	37	4	16	0	2	408
John Kenney	190	33	0	4	3	0	8	4	0	0	0	242
John Reaves	11925	176	0	418	161	42	2262	228	1	0	49	15262
John Vandenberg	829	186	96	86	17	22	138	31	0	0	8	1413
JohnOwens	6	0	0	0	1	0	0	0	0	0	0	7
Johnleemk	1751	20	0	6	3	0	240	20	0	0	0	2040
Johntex	131	28	0	27	4	1	180	11	0	0	0	382
Joke137	15	0	0	1	1	0	29	3	0	0	0	49
Jon513	1325	19	0	3	0	0	43	1	0	0	2	1393
JonMoore	39	1	0	2	2	0	0	0	0	0	0	44
Jonathunder	130	13	0	8	1	0	65	3	0	0	0	220
Jondel	243	1	0	31	8	0	70	1	0	0	0	354
Jonny-mt	1026	40	0	67	5	10	217	15	0	0	8	1388
Joolz	244	3	0	0	1	0	0	1	0	0	0	249
Josephjames21	0	0	0	1	0	0	0	0	0	0	0	1
Josh Grosse	38	2	0	0	0	0	0	0	0	0	0	40
Joshbuddy	22	0	0	0	0	0	5	0	0	0	0	27
JoshuaZ	597	51	0	102	13	0	627	71	0	0	0	1461
Josiah Rowe	109	25	0	76	10	0	335	19	0	0	0	574
Jossi	760	34	0	356	95	28	2058	77	2	0	1	3411
Journalist	402	7	0	51	19	5	124	14	0	0	3	625
Joy	279	99	0	14	6	0	4	0	0	0	0	402
Joyous!	8432	13	0	131	50	0	446	18	0	0	0	9090
Jpgordon	961	22	1	198	17	10	2920	283	47	0	1	4460
Jrdioko	429	0	0	0	0	0	18	0	0	0	0	447
Jredmond	517	12	0	37	4	1	191	10	19	0	1	792
Jreferee	1375	49	0	144	6	27	36	4	0	0	0	1641
Jtdirl	112	30	0	118	44	0	432	29	0	0	0	765
Jtkiefer	870	100	0	53	15	0	403	85	0	0	0	1526
Judas Preist is effin awsome	0	0	0	2	0	0	0	0	0	0	0	2
Juliancolton	14794	191	0	576	33	193	2603	45	28	0	357	18820
Jusjih	1384	86	0	9	1	1	5	0	0	0	0	1486
Justinc	520	2	0	0	0	0	0	0	0	0	0	522
Jwrosenzweig	40	0	0	1	0	0	7	0	0	0	1	49
JzG	10171	255	0	644	36	20	1379	89	6	0	0	12600
Jza84	338	0	0	61	1	5	144	6	1	0	6	562
Jéské Couriano	447	88	0	751	60	117	981	99	51	0	2	2596
K1Bond007	354	8	0	3	3	0	37	4	0	0	0	409
KF	510	16	0	2	0	0	1	0	0	0	0	529
KFP	734	116	0	14	4	1	65	10	0	0	0	944
Kafziel	1981	31	0	200	22	17	1400	58	9	0	8	3726
Kaihsu	333	27	0	11	6	0	128	15	0	0	0	520
Kaiser matias	16	3	0	3	0	0	16	0	0	0	0	38
Kaisershatner	70	0	0	14	3	2	479	16	0	0	0	584
Kakofonous	66	3	0	5	1	0	4	1	0	0	1	81
Kaldari	255	27	0	67	17	12	68	11	3	0	0	460
Kane5187	241	6	0	1	0	0	1	0	0	0	0	249
Kanonkas	606	24	0	80	12	52	1215	65	497	0	15	2566
Karada	623	16	0	48	8	1	561	23	1	0	0	1281
Karanacs	647	2	0	12	0	1	10	0	1	0	5	678
Karl Dickman	2771	41	0	9	8	0	33	10	0	0	0	2872
Karmafist	165	35	0	15	5	0	160	21	0	0	0	401
Katefan0	841	20	0	212	128	0	351	52	0	0	0	1604
Kateshortforbob	279	3	0	7	2	0	24	3	1	0	2	321
Kathryn NicDhàna	59	0	0	9	1	0	6	1	0	0	0	76
Kbdank71	22379	57	0	43	2	0	357	13	7	0	1	22859
Kbh3rd	109	10	0	20	0	1	1123	47	7	0	0	1317
Kbthompson	129	23	0	22	1	1	116	2	0	0	2	296
Kcordina	1220	41	0	9	0	0	168	7	0	0	0	1445
Keegan	3771	129	7	85	20	10	251	32	4	0	15	4324
Keenan Pepper	295	1	0	3	0	0	11	0	0	0	0	310
Keeper76	3067	78	0	67	12	9	89	14	0	0	22	3358
Keilana	1635	51	0	72	12	9	615	19	0	0	11	2424
Keith D	983	457	0	116	0	9	51	1	0	0	1	1618
Kelly Martin	736	56	0	27	11	0	413	60	0	0	0	1303
Kevin	2890	42	0	133	8	21	585	27	7	0	6	3719
Khaosworks	330	12	0	10	4	0	162	80	0	0	0	598
Khendon	3	0	0	1	2	0	0	0	0	0	0	6
Khoikhoi	1196	298	0	594	223	11	1757	143	3	0	1	4226
Khukri	884	10	0	52	7	2	438	14	0	0	0	1407
Khym Chanur	0	0	0	6	0	0	0	0	0	0	0	6
Kicking222	529	1	0	0	0	0	0	0	0	0	0	530
KieferSkunk	725	11	0	3	0	3	14	3	0	0	0	759
KillerChihuahua	1212	35	0	104	12	4	394	30	7	0	0	1798
Killiondude	1688	19	0	27	1	8	97	0	8	0	10	1858
Kilo-Lima	1207	2	0	36	9	0	668	69	0	0	0	1991
Kim Bruning	49	5	0	11	3	0	33	14	0	0	0	115
Kim Dent-Brown	284	1	0	17	2	0	3	1	0	0	0	308
Kimchi.sg	43214	714	0	538	118	20	2177	211	21	0	0	47013
KimvdLinde	888	55	0	61	19	1	47	7	1	0	0	1079
King of Hearts	5469	160	0	457	80	35	1731	550	13	0	14	8509
Kingboyk	3142	316	0	103	12	0	214	24	0	0	2	3813
Kingturtle	743	26	0	172	14	28	337	10	7	1476	77	2890
Kinu	6576	38	0	449	20	9	787	62	2	0	0	7943
Kirill Lokshin	1788	50	0	22	2	5	161	15	0	0	1	2044
Kizor	57	252	0	8	8	1	24	3	0	0	0	353
Kjkolb	491	14	0	1	1	0	138	8	0	0	0	653
Kmccoy	113	4	0	8	2	3	37	2	2	0	3	174
KnightLago	1031	50	0	200	16	33	845	91	8	0	1	2275
Knowledge Seeker	115	32	0	19	19	0	110	75	0	0	0	370
KnowledgeOfSelf	1671	27	0	261	27	17	5512	114	0	0	0	7629
Konstable	1080	91	0	97	25	0	435	135	0	0	0	1863
Kosebamse	335	0	0	1	0	0	10	0	0	0	0	346
Kotra	19	1	0	1	0	0	2	0	0	0	0	23
Kpjas	121	0	0	2	0	0	1	0	0	0	0	124
KrakatoaKatie	3345	70	0	96	5	15	318	16	0	0	3	3868
Kralizec!	681	94	0	599	202	66	3174	42	22	0	13	4893
Krimpet	14857	107	0	307	26	43	3889	822	2369	0	6	22426
Ktsquare	11	0	0	0	0	0	0	1	0	0	0	12
Kubigula	8036	39	0	110	9	1	550	19	2	0	0	8766
Kukini	920	11	0	50	2	2	3481	4	2	0	0	4472
Kungfuadam	16119	264	0	186	39	0	2569	245	0	0	0	19422
Kurt Shaped Box	2043	18	0	129	6	33	1580	20	12	0	0	3841
Kuru	1787	5	0	258	10	6	3669	60	47	0	6	5848
Kurykh	6188	108	0	184	19	42	600	72	4	0	4	7221
Kusma	11223	101	0	170	36	9	919	31	5	0	8	12502
Kwamikagami	735	30	0	121	9	16	223	16	11	0	0	1161
Kwsn	1719	13	0	46	4	17	220	32	0	0	0	2051
Kyle Barbour	477	115	0	2	0	0	46	11	0	0	0	651
Kylu	1427	44	0	191	12	25	246	26	0	0	35	2006
Kyorosuke	1013	46	0	43	23	0	162	47	0	0	0	1334
Kzollman	125	34	0	1	0	0	2	1	0	0	0	163
L'Aquatique	667	10	0	21	3	13	46	8	0	0	3	771
LAX	219	3	0	3	4	1	95	1	0	0	4	330
La goutte de pluie	591	30	0	32	17	2	184	37	0	0	0	893
Lachatdelarue	237	7	0	0	1	0	6	1	0	0	0	252
Lacrimosus	222	3	0	16	1	0	44	1	0	0	0	287
LadyofShalott	1223	12	0	24	4	1	75	6	1	0	1	1347
Lankiveil	962	26	0	13	0	5	120	3	12	0	1	1142
Lar	928	64	0	109	29	11	541	43	2	0	11	1738
Larry V	263	11	0	1	1	0	2	0	0	0	0	278
Laser brain	165	1	0	2	0	0	5	2	0	0	0	175
Laurascudder	848	4	0	3	2	0	9	1	0	0	0	867
Law	361	20	0	15	2	1	205	6	5	0	1	616
Lazulilasher	175	8	0	14	4	5	54	0	2	0	2	264
LeaveSleaves	0	0	0	6	0	0	0	0	0	0	0	6
Lectonar	15282	65	0	188	147	83	384	9	7	0	0	16165
Leebo	547	11	0	16	0	0	128	7	0	0	0	709
Leinad	1	0	0	0	0	0	0	0	0	0	0	1
Leithp	366	22	0	6	1	0	329	12	0	0	0	736
Lenticel	227	5	0	1	0	0	0	0	0	0	0	233
LessHeard vanU	532	51	0	279	12	25	2628	77	32	0	0	3636
Lethe	35	13	0	3	2	0	34	16	0	0	0	103
Lexi Marie	605	28	0	41	25	0	157	52	0	0	0	908
Lexicon	163	23	0	10	3	1	56	5	0	0	0	261
Lexor	40	0	0	0	0	0	0	0	0	0	0	40
Lid	2408	11	0	17	0	0	48	0	0	0	0	2484
Lifebaka	2781	158	0	44	11	10	155	12	8	0	2	3181
Lightdarkness	1528	18	0	5	3	0	183	19	0	0	0	1756
Ligulem	4947	12	0	749	660	0	150	6	0	0	0	6524
LinguistAtLarge	175	2	0	1	0	0	0	0	0	0	2	180
Linuxbeak	339	5	0	64	17	0	389	34	0	20	15	883
Lipinki	0	0	0	2	0	0	0	0	0	0	0	2
LiquidGhoul	27	1	0	1	0	0	0	0	0	0	0	29
LittleDan	33	1	0	1	2	0	4	0	0	0	0	41
Llywrch	160	15	0	17	6	1	26	8	0	0	0	233
Lommer	737	2	0	1	2	0	1	0	0	0	0	743
Lomn	9	0	0	1	1	0	8	0	0	0	0	19
Longhair	5716	10	0	124	38	3	1680	41	1	0	4	7617
Lord Emsworth	2	0	0	0	0	0	0	0	0	0	0	2
Lord Voldemort	182	1	0	9	26	0	4	4	0	0	0	226
LordAmeth	52	1	0	0	0	0	0	0	0	0	0	53
Loren36	76	1	0	12	4	1	302	20	0	0	0	416
Lostintherush	792	7	0	27	6	2	112	6	0	0	0	952
LouI	35	1	0	0	0	0	0	0	0	0	0	36
Lowellian	252	69	0	5	0	0	0	0	0	0	0	326
Lquilter	22	1	0	0	0	0	6	0	0	0	0	29
Lradrama	181	2	0	0	0	0	201	15	0	0	1	400
Lucky 6.9	27946	129	0	766	50	0	1919	248	0	0	0	31058
Ludraman	16	3	0	2	2	0	4	0	0	0	0	27
Luigi30	3279	15	0	52	2	0	152	5	0	0	0	3505
Luis Hernández García	0	0	0	2	0	0	0	0	0	0	0	2
Luk	20988	215	0	622	26	124	3965	341	126	0	18	26425
Luna Santin	6253	101	11	1816	160	122	12612	1035	107	0	15	22232
Lupin	642	1	0	5	3	0	126	8	0	0	0	785
Lupo	1911	15	0	9	0	0	398	21	0	0	0	2354
Lyrl	257	1	0	0	1	0	5	0	0	0	0	264
M7	0	0	0	0	0	0	0	0	1	0	0	1
MBK004	705	11	0	132	4	19	315	17	10	0	20	1233
MBisanz	40222	508	0	514	19	81	1306	87	18	213	338	43306
MBoarSidwell	0	0	0	1	0	0	0	0	0	0	0	1
MC MasterChef	103	0	0	0	0	0	35	4	0	0	0	142
MCB	1166	17	0	33	4	3	422	17	1	0	0	1663
MECU	5322	21	0	2	0	1	7	0	0	0	0	5353
MER-C	0	0	0	15	0	0	0	0	0	0	0	15
MGodwin	3	0	0	0	0	0	0	0	0	0	0	3
MJCdetroit	104	6	0	28	3	11	5	0	0	0	0	157
MONGO	3035	27	0	116	35	0	396	39	0	0	0	3648
MPF	441	9	0	7	0	0	17	0	0	0	0	474
MPUploadBot	50	7	0	52	0	3	0	0	0	0	0	112
MSGJ	920	76	0	74	22	23	54	1	5	0	21	1196
MZMcBride	805550	571	0	7286	923	419	160	118	187	0	1	815215
MacGyverMagic	5598	108	0	193	106	2	279	33	0	0	0	6319
Mackensen	2476	106	0	68	7	1	1581	237	0	0	0	4476
Mackeriv	96	1	0	3	0	0	14	3	0	0	0	117
Madchester	513	15	0	99	18	4	240	10	0	0	0	899
Madman	873	61	0	24	5	4	140	16	3	0	0	1126
Maedin	75	101	0	2	2	0	2	1	1	0	2	186
Magioladitis	2095	15	0	22	0	4	61	3	2	0	0	2202
Magnus Manske	888	4	0	1	1	0	14	0	0	0	0	908
Mahanga	884	9	0	8	1	0	58	3	0	0	0	963
Mailer diablo	49312	244	8	156	15	1	246	14	1	0	0	49997
Mairi	749	5	0	3	2	0	5	0	0	0	0	764
Majorly	15244	506	0	548	104	7	660	39	0	0	10	17118
Makemi	4809	53	0	79	13	0	378	25	0	0	0	5357
Malcolm	1284	63	0	47	17	2	274	19	0	0	0	1706
Malcolm Farmer	776	3	0	0	0	0	24	1	0	0	0	804
Malcolmxl5	5988	40	0	210	6	13	34	1	1	0	2	6295
Malinaccier	689	4	0	161	13	27	593	14	5	0	261	1767
Mallanox	1860	19	0	2	1	0	5	0	0	0	0	1887
Malo	3365	17	0	112	8	1	2245	246	0	0	0	5994
Mangojuice	4269	82	0	108	12	8	846	341	60	0	30	5756
Manning Bartlett	1371	11	0	5	1	7	27	4	0	0	0	1426
Marasmusine	4342	32	0	40	4	0	247	4	0	0	0	4669
Mardetanha	0	0	0	0	0	0	2	1	0	0	0	3
Marianocecowski	242	8	0	0	3	0	32	0	0	0	0	285
Marine 69-71	232	5	0	60	23	0	118	35	0	0	1	474
Mark	453	84	0	120	26	8	158	37	3	0	0	889
Mark Dingemanse	293	0	0	1	3	0	45	3	0	0	0	345
Mark Richards	0	0	0	0	0	0	0	5	0	0	0	5
Mark83	368	10	0	1	2	0	3	0	0	0	0	384
MarkGallagher	1932	27	0	81	61	0	116	26	0	0	0	2243
MarkSweep	1945	23	0	105	5	0	1133	41	0	0	0	3252
Markles	65	8	0	43	3	8	0	0	0	0	0	127
Marshman	25	0	0	0	0	0	30	2	0	0	0	57
Marskell	40	2	0	32	16	3	25	0	0	0	0	118
Martijn Hoekstra	1099	13	0	4	1	0	106	3	0	0	1	1227
MartinHarper	14	0	0	0	1	0	0	0	0	0	0	15
Martinp23	1387	89	0	228	31	4	359	71	2	0	4	2175
Martyman	131	2	0	2	0	0	35	1	0	0	0	171
Marudubshinki	4852	55	0	28	14	0	448	30	0	0	0	5427
Marumari	0	0	0	0	0	1	8	0	0	0	0	9
Masamage	841	16	0	16	2	3	19	1	0	0	0	898
Masem	91	11	0	9	0	2	11	0	0	0	0	124
MastCell	5572	70	0	497	23	50	960	77	3	0	1	7253
Master Jay	196	8	0	82	7	1	303	36	0	0	0	633
Master Thief Garrett	1144	6	0	7	1	0	12	2	0	0	0	1172
Master of Puppets	2450	66	0	260	31	48	820	33	2	0	5	3715
Matilda	221	20	0	33	15	1	231	10	0	0	0	531
Matt Britt	5	2	0	2	0	0	1	0	0	0	0	10
Matt Crypto	132	22	0	38	22	0	174	18	0	0	0	406
Mattbr	2549	65	0	4	0	0	9	0	0	0	0	2627
MatthewUND	53	1	0	0	0	0	5	0	0	0	0	59
Matthewedwards	2088	87	0	28	8	1	26	3	0	0	0	2241
Mattinbgn	1115	39	0	43	3	9	81	2	0	0	0	1292
Mattyb420	0	0	0	2	0	0	0	0	0	0	0	2
Maunus	1	0	0	6	0	1	3	0	0	0	0	11
Maury Markowitz	153	19	0	0	0	1	47	5	0	0	0	225
Mav	453	12	0	124	2	1	17	7	0	0	0	616
MaxSem	4846	23	0	167	25	7	343	96	3	0	14	5524
Maxim	106755	924	0	2478	276	563	2481	137	84	0	200	113898
Maxim's JS test account	0	0	0	1	0	0	0	0	0	0	0	1
Maximus Rex	68	0	0	0	0	0	0	0	0	0	0	68
Mazca	945	9	0	21	2	7	234	3	12	0	3	1236
Mbecker	0	0	0	1	3	0	3	1	0	0	0	8
Mdd4696	2234	8	0	31	8	0	89	4	0	0	0	2374
MediaWiki default	1310	0	0	0	0	0	0	0	0	0	0	1310
Meegs	8893	33	0	1	0	0	97	5	0	0	0	9029
Meelar	1264	7	0	2	1	0	121	1	0	0	0	1396
MegaHL90	0	0	0	1	0	0	0	0	0	0	0	1
Mel Etitis	3126	19	0	160	24	0	848	57	0	0	0	4234
Melburnian	122	2	0	5	1	0	30	0	0	0	0	160
Melchoir	1034	9	0	26	1	0	91	2	1	0	0	1164
Melesse	21758	54	0	3	0	0	1	0	0	0	0	21816
Menchi	20	2	0	0	0	0	0	0	0	0	0	22
Meno25	527	32	0	3	1	1	7	3	1	0	2	577
Mentifisto	4645	21	0	28	0	6	4719	12	62	0	55	9548
Mercury	314	93	0	82	34	25	137	62	0	0	0	747
Merkinsmum	0	0	0	3	0	0	0	0	0	0	0	3
Merope	11766	60	0	56	6	0	834	15	0	0	0	12737
Merovingian	2009	100	0	32	14	0	275	21	0	0	26	2477
Merphant	1	2	0	0	0	0	0	0	0	0	0	3
Metalx97856	0	0	0	1	0	0	0	0	0	0	0	1
Metamagician3000	110	4	0	11	4	0	28	5	0	0	0	162
Metropolitan90	2590	23	0	1	0	1	6	2	0	0	0	2623
Mets501	9380	98	0	207	38	0	293	22	0	0	0	10038
Mfield	883	15	0	139	6	31	636	10	23	0	1	1744
Miborovsky	46	3	0	19	13	0	30	5	0	0	0	116
Michael Greiner	735	14	0	10	7	0	12	1	5	0	0	784
Michael Hardy	288	70	0	1	0	0	16	4	1	0	0	380
Michael Snow	875	106	0	22	164	1	54	68	1	0	0	1291
MichaelBillington	507	8	0	6	0	0	4567	70	0	0	2	5160
Michaelas10	363	22	0	80	8	1	61	8	0	0	0	543
Midom	0	0	0	0	0	0	1	0	0	0	0	1
Mifter	1541	4	0	107	4	5	288	1	26	0	10	1986
Mikaey	1078	1085	0	11	1	2	73	0	1	0	2	2253
Mike 7	1263	16	0	39	3	0	285	6	0	0	0	1612
Mike Halterman	149	9	0	13	9	1	64	10	0	0	0	255
Mike Peel	2937	20	0	4	4	0	4	0	1	0	0	2970
Mike Rosoft	14555	405	0	427	46	18	2305	390	11	0	0	18157
Mike Selinker	2018	15	0	11	4	0	17	1	0	0	0	2066
Mike.lifeguard	2	0	0	0	0	0	0	1	0	0	0	3
Mikeblas	128	1	0	0	0	0	0	0	0	0	0	129
MilborneOne	218	0	0	2	1	0	8	0	0	0	0	229
Mindmatrix	2316	26	0	25	2	0	46	1	1	0	1	2418
Mindspillage	2299	75	0	53	27	2	91	46	0	0	0	2593
Minesweeper	13	2	0	0	0	0	1	0	0	0	0	16
Mirv	1146	28	0	38	37	0	40	46	0	0	1	1336
MisfitToys	79	8	0	0	0	0	0	0	0	0	0	87
Misza13	223396	280	0	284	21	2	4609	271	0	0	6	228869
Mitchazenia	114	3	0	2	0	0	13	2	0	0	0	134
Mjroots	4	0	0	3	0	0	4	0	0	0	0	11
Mkmcconn	20	0	0	3	3	0	0	0	0	0	0	26
Mkweise	30	2	0	0	1	0	1	0	0	0	0	34
Mlaffs	66	0	0	1	0	0	0	0	0	0	0	67
Mo0	3125	23	0	14	3	0	229	21	1	0	0	3416
MoRsE	57	3	0	0	0	0	25	1	0	0	0	86
Modemac	14	0	0	3	5	0	6	1	0	0	0	29
Moink	304	3	0	2	0	0	7	7	0	0	0	323
Molikroth	0	0	0	1	0	0	0	0	0	0	0	1
Moncrief	99	1	0	4	3	0	40	1	0	0	0	148
Moni3	40	3	0	56	1	18	27	0	2	0	0	147
Montrealais	22	1	0	0	0	0	0	0	0	0	0	23
Moondyne	1958	55	0	58	14	2	299	38	0	0	0	2424
Moonriddengirl	8181	1164	0	143	20	11	300	19	12	0	0	9850
Moreschi	1033	26	0	191	11	40	820	80	2	0	19	2222
Moriori	3534	3	0	0	0	0	252	5	0	0	0	3794
Morven	814	26	0	7	1	0	224	54	1	0	0	1127
Morwen	615	14	0	6	1	0	84	8	0	0	0	728
Mr. Lefty	1550	10	0	62	6	0	614	31	1	0	0	2274
Mr.Z-man	19328	242	1	480	50	285	1626	182	25	0	26	22245
MrDarcy	222	5	0	36	7	0	143	12	0	0	0	425
Mtmelendez	1041	5	0	11	0	0	2	0	0	0	0	1059
MuZemike	243	11	0	10	0	3	139	2	16	0	2	426
Mufka	1587	4	0	34	0	4	535	0	18	0	0	2182
Mulad	41	6	0	0	0	0	0	0	0	0	0	47
Mushroom	21974	182	0	34	9	3	442	90	0	0	0	22734
Musical Linguist	324	149	0	109	24	0	900	71	0	0	0	1577
Mustafaa	131	1	0	0	3	0	10	1	0	0	0	146
MykReeve	2	0	0	0	0	0	0	0	0	0	0	2
Myleslong	22	29	0	6	3	0	28	8	0	0	0	96
Mysekurity	728	14	0	40	21	0	81	2	0	0	0	886
Mysid	2493	2	0	2	1	0	14	5	0	0	0	2517
Mzajac	148	4	0	8	2	1	46	4	0	0	0	213
NCurse	1602	11	0	1	1	0	34	0	0	0	0	1649
NSLE	561	11	0	90	18	0	440	101	0	0	0	1221
Nabla	900	50	0	16	5	1	1	0	0	0	0	973
Nae'blis	844	53	0	28	2	0	15	2	0	0	0	944
Nagy	0	0	0	1	0	0	0	0	0	0	0	1
Nakon	35009	391	0	603	67	30	12813	6151	22	0	91	55177
Nancy	10865	76	0	341	17	11	663	11	7	0	7	11998
Nandesuka	694	29	0	96	16	2	383	27	1	0	0	1248
Nanfoodle	0	0	0	1	0	0	0	0	0	0	0	1
Nanobug	1	0	0	0	0	0	0	0	0	0	0	1
Nat	188	35	0	156	9	31	263	15	0	0	0	697
Natalie Erin	4503	23	0	69	3	0	988	27	0	0	0	5613
Natalya	325	13	0	36	7	3	109	39	0	0	0	532
NawlinWiki	157613	6538	0	8708	25	629	13068	457	320	0	5	187363
Necrothesp	351	11	0	1	0	1	105	8	0	0	0	477
Nehrams2020	4574	20	0	6	2	1	126	2	0	0	0	4731
Netsnipe	1161	60	0	605	91	10	3672	1755	12	0	1	7367
Neutrality	3853	32	0	48	10	0	175	58	0	0	0	4176
Nev1	305	16	0	32	3	21	156	3	3	0	0	539
Newyorkbrad	746	15	0	50	5	2	524	32	0	0	1	1375
Ngb	622	62	0	9	6	0	10	0	0	0	0	709
Nichalp	1191	70	0	50	16	4	72	9	0	979	163	2554
NicholasTurnbull	212	14	0	15	10	0	139	17	0	0	0	407
Nick	2869	130	0	245	23	20	662	67	9	0	2	4027
Nick-D	429	11	0	50	2	5	277	14	16	0	0	804
Nickptar	612	13	0	3	1	0	116	31	0	0	0	776
Nickshanks	54	1	0	3	0	0	0	0	0	0	0	58
Nicman911	0	0	0	2	0	0	0	0	0	0	0	2
Night Gyr	489	37	0	10	3	1	31	2	0	0	0	573
Nightmarishnight	0	0	0	1	0	0	0	0	0	0	0	1
Nightscream	24	8	0	55	4	2	120	2	2	0	0	217
Nightstallion	1768	128	0	71	7	0	29	2	0	0	0	2005
Nihiltres	10398	145	0	113	27	27	265	16	2	0	11	11004
Nihonjoe	5668	295	0	253	34	6	533	27	12	0	3	6831
Nikki311	424	2	0	25	1	2	43	1	0	0	1	499
Nilfanion	569	25	0	4	3	0	3	0	0	0	0	604
Nishkid64	7435	348	1	1503	641	128	7296	306	645	0	17	18320
Niteowlneils	4157	80	0	1	0	0	16	1	0	0	0	4255
Nixdorf	2	0	0	0	0	0	0	0	0	0	0	2
Nixeagle	10319	243	0	93	14	9	3324	84	26	0	2	14114
Nja247	1627	25	0	150	6	33	1171	21	70	0	21	3124
Nlu	1594	90	0	601	226	13	3541	220	0	0	0	6285
Nmajdan	210	5	0	7	7	4	63	2	0	0	0	298
No Guru	927	11	0	33	14	0	442	8	1	0	0	1436
NoSeptember	1593	47	0	24	25	1	122	61	0	0	45	1918
NodpiW	0	0	0	1	0	0	0	0	0	0	0	1
Nohat	265	38	0	39	33	0	62	5	0	0	0	442
Noldoaran	2	0	0	0	0	0	0	0	0	0	0	2
Notheruser	70	0	0	0	0	0	0	0	0	0	0	70
Nousernamesleft	189	7	0	5	2	3	2	1	0	0	3	212
NrDg	1619	123	0	279	19	28	846	27	44	0	4	2989
NuclearWarfare	3908	91	0	106	6	28	741	20	40	0	26	4966
Nufy8	371	1	0	34	2	7	331	15	1	0	0	762
Number 57	6003	68	0	73	2	1	53	4	0	0	0	6204
Nunh-huh	451	29	0	27	3	1	318	12	3	0	1	845
Nv8200p	59584	181	0	25	3	0	106	3	0	0	0	59902
Nyttend	4172	123	0	25	1	0	165	1	1	0	0	4488
Oberiko	294	3	0	8	2	0	162	0	0	0	0	469
Obli	1047	6	0	28	5	0	99	7	0	0	0	1192
Ocatecir	1338	11	0	104	13	1	248	9	0	0	0	1724
Ocee	195	0	0	3	3	10	95	5	0	0	0	311
Od Mishehu	5779	189	0	175	25	26	328	57	107	0	4	6690
OhanaUnited	502	34	0	11	3	1	139	7	0	0	8	705
Ohnoitsjamie	4324	61	0	272	10	19	2436	49	25	0	0	7196
Okiefromokla	195	2	0	21	3	3	208	7	0	0	0	439
OlEnglish	1	0	0	0	0	0	1	0	0	0	0	2
OldakQuill	325	22	0	6	2	0	2	1	0	0	0	358
Oldboy212	0	0	0	1	0	0	0	0	0	0	0	1
Oldelpaso	640	12	0	18	10	0	32	1	0	0	2	715
Oldwindybear	2	0	0	0	0	0	2	1	0	0	0	5
Oleg Alexandrov	686	57	0	14	8	0	35	10	0	0	1	811
Olessi	142	6	0	0	0	0	14	1	0	0	0	163
Oliver Pereira	2	5	0	0	1	0	0	0	0	0	0	8
Olivier	193	6	0	7	1	0	24	0	0	0	0	231
Omegatron	308	90	0	27	12	0	15	0	0	0	0	452
One	974	103	0	117	18	1	143	28	1	0	0	1385
Opabinia regalis	1410	5	0	15	2	0	3	0	0	0	0	1435
Orangemike	20825	131	0	535	24	12	4281	39	37	0	0	25884
Orderinchaos	4259	134	0	70	13	8	209	34	2	0	1	4730
Oren0	179	7	0	26	6	7	36	8	3	0	4	276
Orioane	114	1	0	4	2	0	11	0	0	0	0	132
Orlady	68	7	0	11	1	5	12	0	1	0	0	105
Orphaned talkpage deletion bot	742	58	0	0	0	0	0	0	0	0	0	800
Oscarthecat	3256	21	0	246	5	0	310	7	2	0	0	3847
OverlordQ	431	3	0	9	1	0	319	79	20	0	0	862
Owen	254	24	0	15	33	0	84	23	0	0	0	433
OwenX	2323	22	0	180	20	1	1243	82	2	0	7	3880
Oxymoron83	10845	98	0	408	9	62	5301	34	50	0	0	16807
PDH	9821	82	0	355	197	0	243	21	0	0	0	10719
PFHLai	3411	132	0	846	737	1	58	1	0	0	0	5186
PMDrive1061	20259	265	0	1057	24	32	3273	110	335	0	5	25360
PS2pcGAMER	2303	23	0	25	32	0	87	18	0	0	0	2488
PZFUN	93	3	0	6	2	0	14	6	0	0	0	124
Pablo-flores	920	2	0	16	6	2	180	2	0	0	0	1128
PabsP	25	4	0	45	9	0	65	16	0	0	0	164
Paginazero	3	3	0	0	0	0	0	0	0	0	0	6
Pagrashtak	3190	13	0	3	2	0	10	1	0	0	0	3219
Pakaran	133	9	0	4	5	0	42	6	0	21	22	242
Pamri	707	1	0	0	4	0	0	0	0	0	0	712
Papa November	3140	46	0	23	6	13	232	13	1	0	0	3474
Parsecboy	2645	105	0	34	6	0	389	11	2	0	4	3196
Parthian Scribe	0	0	0	1	0	0	0	0	0	0	0	1
Pascal.Tesson	15759	89	0	84	2	1	789	20	0	0	2	16746
Pastor Theo	474	0	0	8	0	0	59	9	1	0	1	552
Pastordavid	1312	9	0	8	6	0	10	1	0	0	0	1346
Patar knight	206	4	0	3	0	0	3	0	0	0	0	216
Pathoschild	8343	149	0	151	33	0	2415	704	76	0	1	11872
Patrick	133	112	0	9	1	1	3	1	0	0	0	260
Pats1	409	52	0	131	7	16	330	7	4	0	0	956
Paul A	90	17	0	0	0	0	0	0	0	0	0	107
Paul August	1115	9	0	8	1	3	122	3	0	0	0	1261
Paul Erik	1476	52	0	12	2	0	232	4	1	0	0	1779
Pax:Vobiscum	574	38	0	182	6	13	34	1	0	0	0	848
Paxse	7	0	0	0	0	0	4	1	0	0	0	12
Pb30	858	1	0	0	0	1	278	3	0	0	0	1141
Pcb21	101	43	0	3	6	0	1	1	0	0	0	155
PeaceNT	5087	175	0	105	10	8	298	9	0	0	0	5692
PedanticallySpeaking	41	8	0	2	0	0	0	0	0	0	0	51
Pedro	8807	41	0	88	13	9	752	14	7	0	247	9978
Pedro Paulo Vasconcellos	0	0	0	2	0	0	0	0	0	0	0	2
Pegship	191	2	0	1	0	0	1	0	0	0	0	195
Penader	0	0	0	1	0	0	0	0	0	0	0	1
Pending deletion script	1210	0	0	0	0	0	0	0	0	0	0	1210
Pengo	50	14	0	2	1	0	7	0	0	0	0	74
Penwhale	145	8	0	44	6	14	50	13	1	0	0	281
Pepsidrinka	993	33	0	34	19	0	395	34	0	0	0	1508
Perceval	29	0	0	5	4	0	19	0	0	0	0	57
Peripitus	7641	36	0	80	18	12	141	9	7	0	1	7945
Persian Poet Gal	2289	95	0	998	25	39	3214	141	10	0	1	6812
Peruvianllama	624	7	0	18	4	0	366	6	0	0	0	1025
Peteforsyth	16	5	0	5	2	3	11	2	3	0	0	47
Peter	3642	47	0	74	23	0	652	39	0	0	0	4477
PeterSymonds	5555	156	0	1042	354	353	1980	108	333	0	375	10256
Pgk	3711	73	0	556	54	0	4060	2204	0	0	0	10658
Phaedriel	3551	55	0	199	30	16	308	19	0	0	0	4178
Pharos	397	70	0	590	153	0	40	7	0	0	0	1257
Phil Bordelon	0	0	0	2	1	0	0	0	0	0	0	3
Phil Boswell	532	10	0	79	1	3	19	4	0	0	0	648
Phil Sandifer	675	138	0	80	57	8	280	69	0	0	0	1307
PhilKnight	22218	403	0	781	52	32	4198	184	116	0	25	28009
Philip Baird Shearer	403	75	0	76	14	18	15	2	0	0	0	603
Philippe	4117	51	0	349	33	44	1503	66	2	0	7	6172
Philosopher	1175	17	0	28	2	5	35	2	7	0	25	1296
Phils	15	1	0	0	0	0	26	2	0	0	0	44
Philwelch	933	44	0	28	7	0	72	14	0	0	0	1098
Phuntsok2000	0	0	0	2	0	0	0	0	0	0	0	2
Physchim62	1115	41	0	34	5	0	107	17	0	0	0	1319
Piazzajordan2	0	0	0	1	0	0	0	0	0	0	0	1
Picaroon	4039	61	0	55	12	5	461	27	0	0	1	4661
PierreAbbat	0	0	0	0	0	0	5	0	0	0	0	5
Pigman	923	8	0	14	0	1	21	4	0	0	0	971
Pilotguy	7231	64	0	294	29	1	2576	685	0	0	0	10880
PinchasC	119	18	0	48	14	1	188	6	0	0	0	394
Pinkville	0	0	0	6	0	0	1	0	0	0	0	7
Piotrus	619	178	0	19	8	2	80	17	0	0	0	923
Pjacobi	230	6	0	15	3	0	99	2	0	0	0	355
Plange	123	0	0	3	1	0	32	0	0	0	0	159
Plastikspork	2305	70	0	140	4	14	14	0	1	0	0	2548
Please try again.	0	0	0	1	0	0	0	0	0	0	0	1
Poeloq	21	1	0	0	0	0	52	2	0	0	4	80
Polaron	0	0	0	1	0	0	0	0	0	0	0	1
Pollinator	35	0	0	4	0	0	146	1	0	0	0	186
Poor Yorick	93	0	0	6	3	1	0	0	0	0	0	103
Postdlf	5497	83	0	116	4	3	690	9	1	0	0	6403
Pratyeka	1	2	0	0	0	0	0	0	0	0	0	3
Premeditated Chaos	1732	18	0	3	0	0	19	1	0	0	0	1773
PrimeHunter	65	7	0	3	2	0	0	0	0	0	1	78
ProcseeBot	0	0	0	0	0	0	57045	0	0	0	0	57045
Prodego	2069	267	0	142	98	65	1224	222	64	0	40	4191
ProhibitOnions	249	1	0	0	1	0	50	0	0	0	0	301
Prolog	1242	32	0	65	5	4	532	2	3	0	0	1885
Promethean	0	0	0	1	0	0	0	0	0	0	0	1
Proteus	115	0	0	2	0	0	11	10	0	0	0	138
Protonk	2710	1197	0	84	5	11	189	21	26	0	4	4247
ProveIt	4433	7	0	3	0	0	2	0	0	0	0	4445
Pschemp	2135	247	0	169	29	0	3321	319	0	0	0	6220
Psy guy	110	0	0	10	9	0	181	17	0	0	0	327
Qaz	75	0	0	0	0	0	0	0	0	0	0	75
Quadell	95659	301	0	51	16	3	120	11	1	0	0	96162
Quarl	7973	111	0	22	10	0	37	3	0	0	0	8156
Quell	0	0	0	1	0	0	0	0	0	0	0	1
Quercusrobur	15	2	0	3	2	0	8	0	0	0	0	30
Qwghlm	592	31	0	17	1	0	17	0	0	0	0	658
R'n'B	6753	149	0	14	2	0	5	0	0	0	0	6923
R-Con 9	0	0	0	1	0	0	0	0	0	0	0	1
R. Baley	8	3	0	26	0	11	78	6	0	0	1	133
R. fiend	2822	21	0	19	4	0	56	1	0	0	0	2923
R3m0t	1340	15	0	30	0	0	4	4	0	0	0	1393
RG2	3298	61	0	18	1	0	162	8	0	0	0	3548
RHaworth	43107	2864	0	2130	39	2	500	14	2	0	0	48658
RJFJR	33	1	0	0	0	0	1	0	0	0	0	35
RN	706	132	0	17	15	0	28	7	0	0	0	905
Radiant!	2464	50	0	180	45	0	178	23	0	0	0	2940
RadicalBender	510	8	0	3	0	0	13	0	0	0	0	534
RadioKirk	2676	77	0	164	15	0	1678	74	0	0	0	4684
Ragesoss	357	42	0	5	1	2	6	0	0	0	0	413
Ragib	480	16	0	52	8	2	260	12	0	0	0	830
Raith Sienar	0	0	0	8	0	0	0	0	0	0	0	8
Ral315	2266	121	0	352	28	24	346	49	0	0	2	3188
Ram-Man	834	3	0	16	0	1	25	6	0	0	0	885
Rama	747	9	0	18	10	0	316	13	1	0	0	1114
Rama's Arrow	1202	3	0	46	9	0	200	25	0	0	0	1485
Ramallite	2	0	0	0	0	0	6	0	0	0	0	8
Rambo's Revenge	85	8	0	2	0	1	4	0	1	0	0	101
Ran	193	3	0	7	0	2	87	2	0	0	0	294
Random832	609	127	0	30	11	10	33	8	0	0	7	835
RandomXYZb	2778	36	0	242	19	24	1506	49	8	0	7	4669
Raso mk	0	0	0	1	0	0	0	0	0	0	0	1
RasputinAXP	2198	13	0	28	5	0	84	3	0	0	0	2331
Raul654	1159	104	0	1703	505	42	2492	226	4	148	83	6466
Raven4x4x	407	2	0	3	0	0	200	1	0	0	1	614
Raymolayenie	0	0	0	1	0	0	0	0	0	0	0	1
Raymond arritt	874	2	0	32	8	5	344	21	0	0	0	1286
Rbrwr	346	2	0	0	0	0	1	0	0	0	0	349
Rd232	1410	4	0	40	6	12	53	1	2	0	0	1528
Rdsmith4	3181	65	0	138	61	0	594	269	2	871	96	5277
Rebecca	2211	69	0	32	3	2	138	71	0	0	0	2526
Recurring dreams	6	0	0	1	0	0	21	1	0	0	0	29
RedWolf	14622	50	0	0	0	0	3	0	0	0	0	14675
RedWordSmith	240	11	0	13	20	0	20	1	0	0	0	305
RedirectCleanupBot	4377	0	0	0	0	0	0	0	0	0	0	4377
Redux	196	12	0	24	7	0	48	1	0	131	129	548
Redvers	17071	158	0	875	28	17	2041	201	309	0	1	20701
Redwolf24	1943	48	0	50	25	0	208	45	0	0	0	2319
Reedy	1118	30	0	36	13	13	40	11	0	0	9	1270
Refdoc	61	5	0	11	4	0	28	5	0	0	0	114
Reflex Reaction	511	14	0	1	2	0	6	0	0	0	0	534
RegentsPark	312	7	0	105	14	37	89	1	2	0	0	567
Remember the dot	816	11	0	26	2	7	18	1	0	0	13	894
Renata3	4659	31	0	15	2	0	60	4	0	0	0	4771
Renesis	148	0	0	25	1	0	19	6	0	0	0	199
Resolute	1201	18	0	22	2	1	41	2	0	0	0	1287
Retired username	12142	239	0	115	33	8	206	14	0	0	2	12759
RetiredUser2	376	88	0	25	15	0	12	6	0	0	0	522
Rettetast	21474	61	0	17	3	2	403	6	1	0	14	21981
Revolving Bugbear	102	7	0	5	1	0	25	11	0	0	0	151
RexNL	2299	11	0	153	11	9	4191	66	15	0	0	6755
ReyBrujo	951	36	0	101	29	5	138	2	0	0	0	1262
Rfl	364	39	0	0	0	0	0	0	0	0	0	403
Rhobite	719	15	0	67	26	0	617	47	0	0	0	1491
Rholton	277	3	0	8	1	0	22	3	0	0	0	314
Riana	14016	149	0	1042	108	105	2424	192	1	0	16	18053
Rich Farmbrough	2852	214	0	70	29	11	234	28	7	0	3	3448
Richardcavell	433	8	0	29	9	1	73	2	0	0	0	555
Richardshusr	935	38	0	49	24	12	14	3	0	0	0	1075
Rick Block	630	3	0	3	1	0	66	2	0	0	0	705
RickK	2466	14	0	53	5	0	651	26	0	0	0	3215
Ricky81682	4088	22	0	32	59	20	131	15	10	0	0	4377
Rifleman 82	383	40	0	31	9	5	113	7	4	0	3	595
Rigadoun	215	10	0	2	1	0	2	1	0	0	0	231
Risker	516	56	149	119	31	77	189	15	28	0	5	1185
Rjanag	606	24	0	54	3	6	102	13	14	0	1	823
Rjd0060	15134	374	0	643	44	96	1162	129	64	0	29	17675
Rje	1193	8	0	93	171	0	315	5	0	0	0	1785
Rkitko	576	46	0	11	2	2	10	1	0	0	0	648
Rklawton	875	14	0	25	2	2	478	15	10	0	0	1421
Rlandmann	1057	68	0	23	3	0	44	3	0	0	0	1198
Rlevse	1363	59	22	139	17	27	2715	157	9	544	87	5139
Rlquall	4	1	0	0	0	0	1	1	0	0	0	7
Rmhermen	2056	14	0	25	7	3	55	0	0	0	0	2160
Roadrunner	0	0	0	0	0	0	5	0	0	0	0	5
RobH	0	0	0	0	0	0	0	0	0	1	0	1
RobLa	2	1	0	0	0	0	0	0	0	0	0	3
Robchurch	714	11	0	6	4	0	83	12	0	0	0	830
Robdurbar	1591	72	0	147	84	0	112	25	0	0	0	2031
Robert Merkel	0	1	0	0	0	0	5	4	0	0	0	10
RobertG	6046	23	0	39	5	1	386	23	0	0	1	6524
Robin Patterson	0	0	0	0	0	0	1	0	0	0	0	1
Robth	3830	187	0	5	3	0	10	0	0	0	0	4035
RobyWayne	122	0	0	0	0	0	14	0	0	0	0	136
RockMFR	2031	171	0	175	53	24	307	5	1	0	1	2768
Rockero	77	1	0	5	2	0	13	0	0	0	0	98
Rockpocket	456	17	0	27	9	4	137	17	1	0	1	669
Rocky Road	0	0	0	1	0	0	0	0	0	0	0	1
Rodhullandemu	929	55	0	695	26	132	2242	100	71	0	14	4264
Roger Davies	436	22	20	8	2	3	44	14	2	0	3	554
Rogerd	578	11	0	24	5	0	138	1	0	0	0	757
Ronline	62	3	0	6	9	0	11	1	0	0	0	92
Ronnotel	19	2	0	42	9	6	87	24	1	0	1	191
Roozbeh	152	2	0	27	7	0	8	1	0	0	0	197
Rosiestep	11	5	0	2	2	0	0	0	0	0	2	22
Rossami	1006	467	0	36	9	1	230	2	0	0	0	1751
RoyBoy	116	2	0	36	2	1	610	13	0	0	0	780
RoySmith	345	11	0	28	5	0	233	10	1	0	0	633
Royalbroil	902	22	0	67	22	5	47	3	0	0	0	1068
Royalguard11	1825	32	0	267	378	28	179	19	0	0	0	2728
Royboycrashfan	6095	107	0	73	0	0	386	22	0	0	0	6683
Rschen7754	1055	52	0	339	5	9	484	51	9	0	7	2011
Rspeer	116	4	0	15	1	0	103	21	0	0	0	260
Ruhrfisch	235	11	0	44	4	1	49	4	4	0	1	353
Runcorn	72	4	0	5	2	0	143	79	0	0	0	305
Rune.welsh	819	5	0	28	7	0	33	1	0	0	0	893
Runningonbrains	171	5	0	9	2	2	27	2	4	0	0	222
Ruslik0	1939	13	0	153	15	39	177	4	8	0	26	2374
Ruud Koot	1292	80	0	67	16	4	312	61	1	0	1	1834
Rwiggum	0	0	0	1	0	0	0	0	0	0	0	1
RxS	748	1	0	7	3	3	463	10	1	0	0	1236
Ryan Postlethwaite	1344	92	0	267	54	63	1341	148	12	0	57	3378
RyanGerbil10	3623	18	0	46	4	2	190	11	0	0	2	3896
Ryulong	10729	212	0	1213	49	77	6278	615	62	0	2	19237
S@bre	17	2	0	0	0	1	1	0	0	0	0	21
SB Johnny	35	2	0	10	0	4	9	2	0	0	0	62
SCEhardt	5235	50	0	12	0	0	305	3	0	0	0	5605
SCZenz	447	17	0	17	21	5	149	26	0	0	0	682
SD6-Agent	1	0	0	0	0	0	0	0	0	0	0	1
SGGH	1891	32	0	18	5	0	689	26	2	0	2	2665
SQL	2451	46	0	372	10	66	262	124	0	0	34	3365
ST47	37691	4965	0	229	74	89	5847	2327	2	0	3	51227
SWAdair	1600	7	0	49	1	0	38	1	0	0	0	1696
Sabine's Sunbird	33	0	0	7	0	2	0	0	0	0	0	42
Sadalmelik	0	0	0	1	0	0	0	0	0	0	0	1
Sade	148	5	0	3	0	0	1	2	0	0	0	159
Salix alba	111	7	0	7	4	4	6	0	0	0	0	139
Sam	102	21	0	24	4	0	22	0	0	0	2	175
Sam Blacketer	2387	15	0	45	8	2	193	33	1	0	1	2685
Sam Hocevar	6	7	0	0	0	0	1	2	0	0	0	16
Sam Korn	1014	21	6	65	10	13	974	76	4	0	13	2196
Sam Vimes	41	5	0	0	0	0	34	0	0	0	0	80
Samir	2482	94	0	255	132	7	444	55	0	0	2	3471
Samotnik	0	0	0	2	0	0	0	0	0	0	0	2
Samsara	36	21	0	73	4	2	63	33	0	0	0	232
Samuel Blanning	1742	97	0	157	65	0	1197	170	0	0	0	3428
Samulili	2	0	0	0	0	0	1	0	0	0	0	3
Sanchom	233	3	0	4	1	0	58	8	0	0	0	307
Sandahl	7646	90	0	351	8	8	3466	65	9	0	2	11645
Sandstein	6145	69	0	396	23	17	1014	201	27	0	3	7895
Sango123	4193	11	0	41	3	0	1567	66	0	0	0	5881
Sannse	882	30	0	19	10	0	57	35	0	0	0	1033
Sarah	2598	134	0	129	40	4	458	106	2	0	38	3509
Saravask	400	15	0	27	17	10	78	13	0	0	0	560
Sardanaphalus	0	0	0	7	0	0	0	0	0	0	0	7
SarekOfVulcan	820	47	0	45	7	10	107	21	15	0	0	1072
Sasquatch	1915	25	0	83	25	1	677	104	0	0	1	2831
Sassygurl192	0	0	0	2	0	0	0	0	0	0	0	2
Satori Son	1371	49	0	191	11	2	497	14	5	0	1	2141
SatyrTN	2024	17	0	18	8	4	36	7	0	0	0	2114
Savidan	60	4	0	13	5	0	2	0	0	0	0	84
Saxifrage	292	2	0	10	4	0	13	0	0	0	0	321
Scarian	650	23	0	179	3	22	1014	65	4	0	5	1965
Sceptre	1628	92	0	81	8	0	518	89	0	0	0	2416
Schissel	11	0	0	1	0	0	2	2	0	0	0	16
Schneelocke	28	3	0	15	2	0	11	2	0	0	0	61
SchuminWeb	8908	201	0	97	10	5	349	4	7	0	0	9581
Schutz	837	3	0	3	0	0	3	0	0	0	0	846
Scientizzle	2730	54	0	172	16	4	906	30	1	0	3	3916
Scimitar	192	3	0	9	3	0	97	4	0	0	0	308
Scipius	0	0	0	0	0	0	1	0	0	0	0	1
Scjessey	0	0	0	1	0	0	0	0	0	0	0	1
Scm83x	229	5	0	6	1	0	37	2	0	0	0	280
Scorpion0422	0	0	0	1	0	0	0	0	0	0	0	1
Scott Burley	842	1	0	11	1	0	33	3	0	0	0	891
Scott5114	1189	6	0	119	5	0	29	5	0	0	1	1354
ScottDavis	301	36	0	9	5	0	37	4	0	0	0	392
Seabhcan	193	3	0	5	2	0	27	2	0	0	0	232
Sean Whitton	439	16	0	18	7	0	55	3	0	0	2	540
Sean William	868	45	0	109	8	4	414	35	0	0	2	1485
Searchme	147	0	0	0	0	0	11	0	0	0	0	158
Seattle Skier	285	8	0	8	0	0	21	1	0	0	0	323
SebastianHelm	183	15	0	9	2	2	5	5	0	0	0	221
Sebastiankessel	2	2	0	8	4	0	38	1	0	0	0	55
Secret	3915	43	0	95	6	7	182	12	1	0	16	4277
Secretlondon	427	6	0	2	0	0	420	8	0	849	24	1736
Seddon	77	2	0	17	1	2	67	3	8	0	6	183
Seglea	188	3	0	1	0	0	0	0	0	0	0	192
Seicer	1867	43	0	335	37	47	707	48	12	0	0	3096
Selket	1184	8	0	19	3	2	212	16	0	0	0	1444
Sephiroth BCR	909	17	0	36	6	1	321	7	0	0	0	1297
Seraphim	404	35	0	40	9	11	135	22	1	0	3	660
Seraphimblade	2214	13	0	35	9	2	642	45	0	0	2	2962
Seresin	2790	83	0	180	8	29	162	1	3	0	5	3261
Sesel	76	4	0	19	12	0	12	0	0	0	0	123
Seth Ilys	343	2	0	7	2	0	5	3	0	0	0	362
Sethant	1	2	0	0	0	0	0	0	0	0	0	3
Sfoskett	11	1	0	1	0	0	0	0	0	0	0	13
Sgeureka	451	20	0	1	0	0	3	1	1	0	0	477
Shadow1	284	13	0	32	4	0	170	27	0	0	0	530
ShamelessAngel	0	0	0	1	0	0	0	0	0	0	0	1
Shanel	4684	76	0	71	17	0	2595	517	0	0	0	7960
Shanes	2431	21	0	89	162	3	1096	24	0	0	0	3826
Shauri	44	0	0	0	1	0	2	0	0	0	0	47
SheffieldSteel	43	5	0	28	2	10	115	17	17	0	0	237
Sheldon Rampton	2	0	0	0	0	0	1	0	0	0	0	3
Shell Kinney	10818	279	0	56	7	3	665	81	3	0	2	11914
Shereth	771	27	0	12	4	1	419	8	0	0	1	1243
Sherool	41909	69	0	19	6	0	18	1	0	0	0	42022
Shii	398	32	0	23	11	0	61	54	0	0	2	581
Shimeru	789	0	0	6	0	0	2	0	0	0	0	797
Shimgray	1241	137	0	145	4	5	32	18	0	0	7	1589
Shirahadasha	171	2	0	10	4	3	55	8	0	0	0	253
Shizhao	1	1	0	1	0	0	0	0	0	0	0	3
Shoeofdeath	895	3	0	7	1	0	117	0	1	0	0	1024
Shreshth91	2323	19	0	33	12	0	390	48	0	0	0	2825
Shyam	16920	56	0	19	2	0	57	1	0	0	1	17056
Shyamal	70	3	0	18	2	5	25	2	0	0	3	128
Silence	24	0	0	0	1	0	0	0	0	0	0	25
SilkTork	261	19	0	8	2	5	1	0	0	0	1	297
Silsor	523	6	0	35	41	0	139	137	0	0	0	881
SimonP	5280	56	0	12	275	0	45	2	0	0	0	5670
Singularity	7381	115	0	61	15	2	79	7	0	0	1	7661
Sir Nicholas de Mimsy-Porpington	2147	60	0	84	11	4	814	82	0	0	0	3202
SirFozzie	344	18	0	87	8	37	282	32	0	0	0	808
Siroxo	73	4	0	0	0	0	18	0	0	0	0	95
Sitthisoneout1	0	0	0	1	0	0	0	0	0	0	0	1
Sj	114	163	0	10	9	1	57	8	0	0	0	362
Sjakkalle	4601	375	0	40	28	0	808	65	2	0	0	5919
Sjc	19	0	0	0	0	0	3	0	0	0	0	22
Sjorford	428	34	0	4	5	0	3	0	0	0	0	474
Skier Dude	57688	2049	0	342	8	26	644	1418	7	0	1	62183
Skomorokh	861	26	0	28	0	2	0	0	0	0	6	923
Slakr	3810	61	0	272	24	83	9091	95	19	0	14	13469
Slambo	696	18	0	33	0	0	184	5	0	0	0	936
SlimVirgin	1158	285	0	750	390	15	1121	228	0	0	1	3948
Slowking Man	1350	29	0	130	25	1	859	132	0	0	0	2526
Slp1	463	13	0	18	4	1	99	3	3	0	0	604
Slrubenstein	33	2	0	28	7	2	42	10	4	0	0	128
Slumgum	154	1	0	1	0	0	0	0	0	0	0	156
Smalljim	802	7	0	13	2	0	390	7	3	0	0	1224
Smashville	1372	13	0	54	4	1	377	17	25	0	0	1863
Smith03	116	4	0	5	0	1	6	68	0	0	0	200
Smith609	145	1	0	2	0	0	3	2	2	0	0	155
SmthManly	519	4	0	32	9	1	51	2	0	0	0	618
Smurrayinchester	67	3	0	10	6	0	17	6	0	0	0	109
Sn0wflake	404	3	0	14	2	0	107	2	0	0	0	532
Snowolf	693	15	0	40	6	2	603	30	2	0	3	1394
Snoyes	95	0	0	1	0	0	40	0	0	0	0	136
SoLando	285	14	0	18	7	0	191	6	0	0	0	521
SoWhy	7228	74	0	654	57	136	253	7	12	0	8	8429
Solid Falcon	0	0	0	2	0	0	0	0	0	0	0	2
Solipsist	78	1	0	136	49	0	108	12	0	0	0	384
Someguy1221	1017	11	0	13	3	0	305	1	12	0	1	1363
Somno	855	22	0	14	5	2	14	0	1	0	0	913
SorryGuy	11	2	0	2	2	0	18	2	0	0	0	37
Sortior	1	0	0	0	0	0	0	0	0	0	0	1
Soumyasch	2799	54	0	74	10	3	670	32	0	0	6	3648
SouthernNights	2065	46	0	125	35	10	252	6	4	0	0	2543
Spangineer	262	10	0	16	11	0	94	8	0	0	0	401
Spartaz	3079	153	0	177	28	10	321	76	6	0	9	3859
Spebi	1545	31	0	165	9	26	493	26	0	0	10	2305
Spellcast	7995	420	0	633	7	37	9085	629	113	0	11	18930
Spencer	202	3	0	29	3	4	257	3	0	0	1	502
Spencer195	12	0	0	0	0	0	3	0	0	0	0	15
Spike Wilbury	2512	101	0	20	4	0	138	4	0	0	1	2780
Spinningspark	52	8	0	11	0	4	74	1	5	0	0	155
Splash	8209	317	0	262	758	7	414	136	0	0	1	10104
SpuriousQ	625	1	0	17	1	0	569	5	0	0	0	1218
Srikeit	1840	18	0	86	45	0	387	22	0	0	0	2398
Ssd	1699	2	0	7	1	0	14	0	0	0	0	1723
Staecker	1689	21	0	1	1	0	2	0	0	0	0	1714
Stan Shebs	2652	74	0	1	0	0	25	0	0	1	0	2753
Star Mississippi	2046	55	0	76	4	6	244	8	1	0	0	2440
Starblind	2274	13	0	79	1	1	224	6	1	0	0	2599
Staxringold	301	1	0	0	0	0	39	0	0	0	0	341
Steel	9468	74	0	969	332	23	1196	89	1	0	6	12158
Steinsky	34	0	0	7	2	0	32	1	0	0	0	76
Stemonitis	3606	125	0	9	12	2	37	2	0	0	0	3793
Stephan Schulz	4	0	0	6	1	3	76	3	1	0	0	94
Stephen	6791	83	0	80	2	0	1399	72	9	0	9	8445
Stephen Bain	1746	42	0	85	23	1	96	18	0	0	0	2011
StephenBuxton	340	13	0	28	3	3	233	9	0	0	0	629
Steve	152	2	0	1	1	0	0	0	0	0	0	156
Steve Smith	1286	79	0	97	5	15	291	30	9	0	3	1815
SteveSims	0	0	0	1	0	0	0	0	0	0	0	1
Steven Walling	634	3	0	70	1	6	60	3	0	0	0	777
Stevenfruitsmaak	95	10	0	10	0	0	11	0	0	0	0	126
Stevenj	33	1	0	23	0	0	38	1	0	0	0	96
Stevertigo	136	16	0	46	11	0	22	14	0	0	0	245
Stewartadcock	828	0	0	10	3	0	6	1	0	0	0	848
Stifle	18292	488	0	503	53	45	474	63	4	0	36	19958
Stormie	2354	62	0	46	6	3	371	11	0	0	2	2855
StuffOfInterest	173	5	0	29	2	0	104	2	0	0	0	315
Stuffdoing	0	0	0	1	0	0	0	0	0	0	0	1
Stwalkerster	2538	63	0	80	1	7	360	44	3	0	32	3128
Sub619	0	0	0	1	0	0	0	0	0	0	0	1
Sue Anne	499	9	0	0	0	0	1	0	0	0	0	509
Sugarfish	2	2	0	1	1	0	0	0	0	0	0	6
Sundar	39	13	0	0	0	1	6	3	0	0	0	62
Superm401	253	24	0	21	22	23	47	12	0	0	0	402
Sverdrup	501	4	0	1	2	0	2	2	0	0	0	512
Swatjester	946	30	0	181	16	30	375	49	0	0	5	1632
Syrthiss	2903	42	0	171	24	5	1684	76	32	0	0	4937
TFOWR	0	0	0	2	0	0	0	0	0	0	0	2
TKD	2746	150	0	75	17	19	315	30	3	0	3	3358
TPK	62	0	0	0	0	0	0	0	0	0	0	62
TSO1D	89	1	0	34	8	2	21	2	0	0	0	157
TShilo12	59	4	0	7	2	0	5	2	0	0	0	79
TUF-KAT	542	39	0	0	0	0	12	1	0	0	0	594
Ta bu shi da yu	1396	57	0	88	47	0	171	56	0	0	0	1815
Tabercil	323	15	0	50	6	1	176	4	1	0	0	576
Tadakuni	9	0	0	0	0	0	0	0	0	0	0	9
Talrias	255	8	0	23	14	0	82	17	0	0	0	399
Tango	341	2	0	4	2	0	75	4	0	0	0	428
Tangotango	1509	28	0	23	1	1	621	17	0	0	0	2200
Tanner-Christopher	9	0	0	12	0	4	1	1	0	0	0	27
Tannin	57	2	0	1	0	0	22	1	0	0	0	83
Tanthalas39	2128	22	0	961	38	141	2843	57	23	0	2	6215
Tariqabjotu	303	26	0	820	90	40	440	73	2	0	0	1794
Tassedethe	1094	47	0	2	0	0	0	0	0	0	0	1143
Taw	87	17	0	0	2	0	0	0	0	0	0	106
Tawker	4355	51	0	281	18	12	1753	349	0	0	9	6828
Taxman	246	18	1	15	10	0	175	12	0	33	337	847
Tbo 157	30	2	0	3	1	0	24	6	0	0	0	66
TeaDrinker	1705	18	0	18	1	2	248	4	1	0	1	1998
Tedder	440	3	0	244	20	73	66	4	7	0	1	858
TenOfAllTrades	399	14	0	62	5	9	527	40	6	0	1	1063
TerriersFan	1383	54	0	151	12	9	242	10	2	0	0	1863
Terrillja	0	0	0	1	0	0	0	0	0	0	0	1
TexasAndroid	18740	470	0	349	41	11	634	37	0	0	1	20283
Texture	450	10	0	1	1	0	34	1	0	0	0	497
Tfinc	0	0	0	0	0	0	0	0	0	0	2	2
ThaddeusB	1412	231	0	3	0	3	8	2	1	0	1	1661
Thatcher	2737	118	7	238	59	27	2952	328	22	0	31	6519
Thatcher131	0	1	0	0	0	0	0	0	0	0	0	1
Thatislifeandlove	0	0	0	2	0	0	0	0	0	0	0	2
The Anome	3145	80	0	328	33	21	3938	181	53	0	2	7781
The Cunctator	7	50	0	5	17	0	11	6	0	0	0	96
The Epopt	3283	41	0	27	2	0	44	12	0	0	0	3409
The JPS	7563	39	0	189	21	10	382	12	0	0	0	8216
The Land	454	6	0	12	5	0	96	13	0	0	0	586
The Placebo Effect	366	12	0	38	8	6	27	4	0	0	2	463
The Rambling Man	3121	8	0	73	3	4	720	6	0	215	24	4174
The Random Editor	88	0	0	21	0	0	39	1	0	0	0	149
The Singing Badger	25	0	0	0	0	0	2	0	0	0	0	27
The Tom	141	12	0	41	12	0	4	0	0	0	0	210
The Transhumanist	0	0	0	3	0	0	0	0	0	0	0	3
The ed17	7	1	0	5	1	6	0	0	0	0	0	20
The undertow	809	10	0	38	9	4	112	7	0	0	4	993
The wub	6376	26	0	26	5	0	171	8	0	0	2	6614
The-G-Unit-Boss	1409	5	0	102	3	12	24	0	0	0	0	1555
TheCoffee	29294	42	0	18	13	0	26	1	1	0	0	29395
TheCustomOfLife	43	0	0	6	1	0	3	0	0	0	0	53
TheDJ	122	6	0	3	0	1	0	0	0	0	0	132
TheParanoidOne	12440	29	0	0	0	0	0	0	0	0	0	12469
TheProject	2162	13	0	21	8	0	67	3	0	0	0	2274
Thedemonhog	26	0	0	0	0	1	0	0	0	0	2	29
Thehelpfulone	629	20	0	222	8	42	133	7	15	0	7	1083
TheoClarke	269	17	0	0	1	0	17	2	0	0	0	306
Therequiembellishere	0	0	0	1	0	0	0	0	0	0	0	1
Theresa knott	1748	51	0	238	58	15	1483	231	0	0	0	3824
Thespian	2	1	0	4	0	0	2	1	0	0	0	10
Thingg	3529	42	0	59	3	10	440	7	8	0	5	4103
Thorpe	319	4	0	10	2	1	22	4	0	0	0	362
Thryduulf	777	51	0	73	41	1	56	18	1	0	0	1018
Thue	8061	32	0	27	8	0	370	37	1	0	0	8536
Thunderboltz	607	28	0	13	6	0	79	0	0	0	0	733
Thunderbrand	3589	9	0	3	2	0	39	2	0	0	0	3644
TigerShark	1142	55	0	40	11	3	1019	43	0	0	0	2313
Tijuana Brass	2988	48	0	33	4	0	99	10	0	0	0	3182
Tikiwont	5701	640	0	68	15	0	420	8	10	0	0	6862
Tillwe	45	0	0	0	0	0	3	0	0	0	0	48
Tim Ivorson	8	4	0	1	0	0	0	0	0	0	0	13
Tim Starling	42	11	1	7	3	0	15	23	0	5	0	107
Tim!	850	27	0	4	3	0	46	2	0	0	0	932
TimVickers	1275	41	0	190	14	75	833	28	6	0	5	2467
Timc	35	1	0	0	1	0	2	0	0	0	0	39
Timichal	1	17	0	0	0	0	0	0	0	0	0	18
Timrollpickering	345	2	0	22	3	7	6	0	0	0	0	385
Timwi	336	17	0	3	6	0	0	0	0	0	0	362
Tinselfairy1	0	0	0	2	0	0	0	0	0	0	0	2
Tiptoety	5988	146	0	1139	1038	242	4226	216	318	0	213	13526
Titoxd	2934	419	0	106	42	3	1562	366	0	0	5	5437
Tivedshambo	1949	24	0	31	2	2	615	13	14	0	18	2668
Tizio	1866	51	0	20	31	0	21	1	0	0	0	1990
Tkinias	3	0	0	0	0	0	0	0	0	0	0	3
Tnxman307	4644	26	0	98	1	2	1933	8	25	0	4	6741
Toby Bartels	20	146	0	1	3	0	0	1	0	0	0	171
Toddst1	5461	81	0	595	38	46	5327	224	102	0	19	11893
Tom	1374	30	0	33	11	5	82	1	0	0	0	1536
Tom harrison	3130	160	0	358	113	26	1796	102	2	0	0	5687
Tom-	37	3	0	8	3	0	4	0	0	0	0	55
TomStar81	283	4	0	44	6	3	39	2	0	0	0	381
TomTheHand	97	54	0	0	2	0	61	8	0	0	0	222
Tompagenet	5	0	0	0	0	0	0	0	0	0	0	5
Tone	16425	163	0	44	3	5	132	0	0	0	0	16772
Tony Fox	1352	7	0	65	2	6	505	10	6	0	0	1953
Tony Sidaway	1039	403	0	359	596	0	357	124	0	0	0	2878
Tonywalton	3142	10	0	33	4	6	332	23	15	0	2	3567
Toon05	1014	58	0	48	9	4	142	5	16	0	5	1301
Topbanana	313	4	0	1	0	1	2	0	0	0	0	321
Tra	115	11	0	37	5	0	5	0	0	0	0	173
TravisTX	889	14	0	64	3	11	225	42	35	0	5	1288
Trebor	294	3	0	75	26	0	83	7	0	0	0	488
Tregoweth	4330	57	0	140	18	0	890	40	0	0	0	5475
Trevor MacInnis	2146	187	0	132	5	18	460	11	2	0	1	2962
Trevor Parscal	1	0	0	0	0	0	0	0	0	0	0	1
Trialsanderrors	657	290	0	52	60	0	20	2	0	0	0	1081
Triddle	5	0	0	3	2	0	4	0	0	0	0	14
Trilobite	514	1	0	3	3	0	63	6	0	0	0	590
Tristanb	5	7	0	0	0	0	0	0	0	0	0	12
Troy 07	0	0	0	1	0	0	0	0	0	0	0	1
Trusilver	754	11	0	52	1	4	1092	33	3	0	1	1951
Trödel	176	23	0	6	2	0	58	12	1	0	0	278
Turnstep	786	8	0	2	0	0	1	0	0	0	0	797
TwinsMetsFan	342	18	0	0	1	0	13	0	0	0	0	374
Typesships	0	0	0	1	0	0	0	0	0	0	0	1
Tyrenius	2516	58	0	50	11	2	248	31	0	0	6	2922
Tznkai	215	4	0	76	7	16	115	16	4	0	2	455
UberScienceNerd	165	2	0	0	0	0	69	0	0	0	0	236
Ugen64	1036	29	0	33	6	1	174	22	0	0	0	1301
UkPaolo	1439	57	0	15	5	0	131	3	0	0	0	1650
Ultraexactzz	2590	61	0	60	4	4	406	52	0	0	2	3179
Uncle G	1883	214	0	31	0	5	160	1	0	0	0	2294
UninvitedCompany	1546	40	0	57	27	0	119	33	0	8	42	1872
UpstateNYer	364	1	0	1	0	4	4	1	0	0	50	425
Urhixidur	386	21	0	2	0	0	8	0	0	0	0	417
Useight	1452	17	0	33	3	4	332	8	0	0	6	1855
User2004	117	2	0	16	6	0	124	27	0	0	0	292
Utcursch	6544	155	0	76	4	9	2195	18	1	0	0	9002
UtherSRG	5414	90	0	53	8	2	708	19	0	0	0	6294
Vague Rant	25	4	0	0	2	0	4	1	0	0	0	36
Valley2city	321	6	0	14	5	4	99	0	7	0	3	459
VampWillow	388	1	0	30	8	0	12	3	0	0	0	442
Vancouverguy	935	0	0	0	0	0	0	0	0	0	0	935
Vanished user	166	16	0	29	8	2	105	14	0	0	0	340
Vaoverland	43	2	0	0	0	0	17	0	0	0	0	62
Vary	647	55	0	33	4	2	200	9	1	0	0	951
Vassyana	588	14	30	26	4	2	113	29	0	0	0	806
VegaDark	11216	282	0	163	149	104	745	320	1	0	0	12980
Vegaswikian	9563	43	0	66	5	4	26	1	0	0	0	9708
Veinor	2134	18	0	33	4	1	339	24	0	0	0	2553
Verrai	748	5	0	14	6	0	69	2	1	0	0	845
Versageek	3115	25	0	102	1	15	597	13	17	0	8	3893
Viajero	52	4	0	10	9	0	15	4	0	0	0	94
Vianello	741	6	0	14	1	2	61	2	3	0	0	830
Vicky Lee	0	0	0	1	0	0	0	0	0	0	0	1
Victuallers	65	4	0	192	2	10	6	0	0	0	0	279
Violetriga	1640	119	0	79	33	0	131	43	0	0	0	2045
Viridae	972	95	0	85	34	26	525	84	10	0	18	1849
VirtualSteve	1809	40	0	392	22	36	1453	35	46	0	8	3841
Vishal	1	0	0	5	3	0	0	0	0	0	0	9
Visorstuff	6	1	0	4	1	0	0	0	0	0	0	12
Visviva	51	0	0	3	1	0	3	1	0	0	0	59
Voice of All	5632	82	1	488	2115	6	1046	107	0	0	6	9483
Vsmith	1237	3	0	106	10	20	4384	24	8	0	3	5795
Vulcan Hephaestus	0	0	0	4	0	0	0	0	0	0	0	4
WAvegetarian	270	20	0	8	3	0	69	6	0	0	0	376
WJBscribe	9254	210	0	393	495	40	2629	162	0	2553	286	16022
WODUP	2286	35	0	86	3	10	665	57	6	0	10	3158
Wafulz	5363	94	0	156	11	9	1297	44	0	0	0	6974
Waggers	871	2	0	46	1	2	1087	8	0	0	0	2017
Walter	0	0	0	0	0	0	1	0	0	0	0	1
Walton One	842	19	0	3	3	0	25	2	0	0	0	894
Waltpohl	29	0	0	2	0	0	0	0	0	0	0	31
Wangi	821	44	0	23	21	2	387	22	0	0	0	1320
Wapcaplet	2	0	0	0	0	0	0	0	0	0	0	2
Warofdreams	997	25	0	5	1	1	27	1	0	257	142	1456
Wassupwestcoast	224	22	0	14	5	2	14	2	0	0	0	283
Water Bottle	282	22	0	2	0	0	30	3	0	0	0	339
Wayward	1420	1	0	2	2	0	695	30	0	0	0	2150
Wee Jas	0	0	0	1	0	0	0	0	0	0	0	1
Wehwalt	342	6	0	21	11	12	52	4	6	0	4	458
Werdna	362	9	0	35	1	4	74	24	4	0	7	520
Werdna648	0	0	0	1	0	0	0	0	0	0	0	1
WereSpielChequers	2739	12	0	13	0	0	75	0	1	0	0	2840
Wernher	49	0	0	0	0	0	1	0	0	0	0	50
Wesley	0	1	0	0	0	0	2	0	0	0	0	3
Wgfinley	159	5	0	9	1	0	19	10	0	0	0	203
Where	412	4	0	0	0	0	81	11	0	0	0	508
WhisperToMe	378	164	0	52	9	2	29	4	0	0	0	638
Who	1298	5	0	15	9	0	456	98	0	0	0	1881
Whouk	511	6	0	1	1	0	13	0	0	0	0	532
Wickethewok	2732	44	0	18	0	0	62	2	0	0	0	2858
Wiglaf	48	3	0	4	1	0	26	6	0	0	0	88
Wiki alf	1876	18	0	59	27	0	1503	32	5	0	0	3520
WikiLeon	528	18	0	110	20	2	537	61	10	0	5	1291
Wikiacc	779	31	0	7	5	0	31	8	0	0	0	861
Wikibofh	246	7	0	42	48	0	784	37	0	0	0	1164
Wile E. Heresiarch	619	1	0	1	0	0	25	0	0	0	0	646
Wilfried Derksen	75	7	0	13	5	0	2	0	0	0	0	102
Will Beback	816	102	0	409	119	24	1531	105	9	0	2	3117
William M. Connolley	510	18	0	173	29	25	2029	223	27	0	0	3034
William Pietri	450	4	0	1	0	0	10	0	0	0	0	465
WilliamH	287	4	0	24	2	1	121	2	3	0	16	460
Willking1979	579	1	0	22	1	7	314	7	9	0	3	943
WilyD	1568	51	0	25	2	8	175	15	1	0	1	1846
Wimt	621	30	0	59	8	2	917	21	0	0	12	1670
Winhunter	7263	71	0	287	50	4	1345	252	0	0	2	9274
Wissel Wall	0	0	0	1	0	0	0	0	0	0	0	1
Wizardman	12952	104	43	512	14	22	309	12	3	0	6	13977
Wknight94	15504	361	0	724	191	85	7790	199	29	0	5	24888
Wneedham02	0	0	0	1	0	0	0	0	0	0	0	1
Woggly	167	7	0	12	0	0	75	14	0	0	0	275
Woody	4816	61	0	165	12	22	191	34	11	0	7	5319
Woohookitty	7690	155	0	503	474	5	1257	171	0	0	2	10257
Woooooooooop	0	0	0	1	0	0	0	0	0	0	0	1
Worldtraveller	215	0	0	4	4	0	19	2	0	0	0	244
Wouterstomp	18	0	0	0	0	0	0	0	0	0	0	18
Wpedzich	4	0	0	0	0	0	0	0	0	0	0	4
Wrp103	1	0	0	0	0	0	111	0	0	0	0	112
Wtmitchell	21	0	0	3	1	0	22	0	4	0	0	51
Wwoods	137	13	0	83	4	9	54	0	0	0	0	300
Wwwwolf	2622	26	0	39	5	0	5	1	0	0	0	2698
X!	1871	40	0	55	15	11	207	33	9	0	18	2259
XDanielx	65	4	0	0	0	0	0	0	0	0	0	69
XJamRastafire	7	0	0	5	3	0	0	0	0	0	0	15
Xaosflux	7808	308	0	612	287	251	852	83	31	0	12	10244
Xavexgoem	374	22	0	45	9	8	107	8	4	0	2	579
Xdamr	664	8	0	2	0	0	4	0	0	0	0	678
Xeno	8769	531	0	271	192	411	963	245	67	0	54	11503
Xezbeth	8044	85	0	55	10	0	387	6	2	0	0	8589
Xiner	210	4	0	10	1	0	72	4	0	0	0	301
Xnuala	62	0	0	0	0	0	3	1	0	0	0	66
Xoloz	7424	810	0	211	56	1	70	6	0	0	0	8578
Xy7	2053	45	0	149	42	9	2330	203	0	0	0	4831
Xymmax	736	53	0	131	13	28	75	3	3	0	4	1046
Y	2334	48	0	51	10	7	90	5	0	0	0	2545
Y0u	345	0	0	0	0	0	13	2	0	0	0	360
Yamamoto Ichiro	1123	19	0	218	21	17	1563	35	9	0	67	3072
Yamla	3561	27	0	1223	59	15	4159	980	0	0	0	10024
Yandman	304	2	0	16	1	2	134	8	0	0	0	467
Yanksox	2711	57	0	113	30	0	228	20	0	0	0	3159
Yann	2	0	0	0	0	0	0	0	0	0	0	2
Yannismarou	294	2	0	18	6	1	47	1	0	0	1	370
YellowMonkey	8798	222	1	607	95	64	1955	158	14	0	5	11919
Yelyos	43	0	0	1	1	0	8	1	0	0	0	54
Yet Another Redirect Cleanup Bot	654	0	0	0	0	0	0	0	0	0	0	654
Ynhockey	189	3	0	5	1	0	4	0	0	0	0	202
Yomangani	1125	9	0	36	8	0	31	2	0	0	0	1211
Yonatan	255	54	0	10	9	6	85	9	0	0	2	430
Youngamerican	1266	52	0	56	23	3	33	2	0	0	0	1435
Zanimum	1370	59	0	56	17	0	119	12	0	0	0	1633
Zedla	873	6	0	32	2	2	122	9	0	0	0	1046
Zemaiteska	0	0	0	1	0	0	0	0	0	0	0	1
Zero0000	104	3	0	10	3	0	28	2	0	0	0	150
ZimZalaBim	2604	19	0	58	8	0	139	2	0	0	0	2830
Zippy	13	8	0	5	2	4	35	6	0	0	0	73
Zocky	262	18	0	21	8	0	21	8	0	0	0	338
Zoe	5859	83	0	244	12	0	1240	99	0	0	0	7537
Zoicon5	33	0	0	0	0	0	0	0	0	0	0	33
Zoney	20	11	0	3	2	0	1	1	0	0	0	38
Zscout370	10413	251	0	306	61	25	590	92	0	0	2	11740
Zsinj	2377	11	0	38	2	0	441	39	0	0	0	2908
Zzuuzz	5051	175	0	984	1194	556	8140	692	196	0	16	17004
Zzyzx11	9192	301	0	1204	562	12	373	53	5	0	2	11704
^demon	28640	182	0	40	7	3	75	12	1	0	1	28961
Ævar Arnfjörð Bjarmason	213	3	0	1	0	0	7	2	0	0	0	226
Ø	0	0	0	2	0	0	0	0	0	0	0	2
èªç±åå¤	0	0	0	1	0	0	0	0	0	0	0	1
ï¾	0	0	0	2	0	0	0	0	0	0	0	2
Totals	5995735	118380	818	184182	39869	16571	909823	77162	12665	13179	9031	7377415
