User	DL	UD	RD	ES	PT	UP	PM	BL	UB	BM	UR	RM	Total
(aeropagitica)	11928	38	0	0	50	2	0	1733	42	0	0	0	13793
172	16	0	0	0	23	7	0	52	40	0	0	0	138
17Drew	317	1	0	0	2	0	0	37	1	0	0	0	358
23skidoo	539	8	0	0	33	6	0	131	13	0	0	0	730
2over0	691	25	3	0	103	7	33	130	15	2	0	4	1013
52 Pickup	104	3	0	0	6	1	0	73	6	0	0	0	193
7	633	13	23	0	18	0	2	438	6	16	0	43	1192
7SeriesBOT	5495	0	0	0	0	0	0	0	0	0	0	0	5495
@pple	527	51	0	0	4	1	0	66	9	0	0	0	658
A Man In Black	3052	63	0	0	164	24	1	179	34	0	0	0	3517
A Train	237	6	0	0	19	4	0	51	2	2	0	0	321
A. B.	146	619	0	0	101	2	4	245	33	6	0	0	1156
AA	907	7	0	0	2	2	1	14	2	0	0	0	935
ABCD	3138	29	0	0	432	27	0	62	41	2	0	2	3733
AGK	2100	127	5	0	251	61	60	587	83	8	0	65	3347
AKeen	11	7	0	0	13	0	3	2	0	0	0	0	36
AZT2008	0	0	0	0	1	0	0	0	0	0	0	0	1
Aarktica	207	2	0	0	1	0	0	2	1	0	0	0	213
Aaron Brenneman	1030	25	0	0	41	81	1	136	13	0	0	0	1327
Abecedare	234	14	0	0	92	3	11	183	8	12	0	2	559
Academic Challenger	19852	38	0	0	183	34	0	2678	21	5	0	0	22811
Acalamari	5881	69	0	0	2879	72	195	1290	112	14	0	921	11433
Accounting4Taste	28825	68	0	0	452	14	2	97	0	12	0	4	29474
Acetic Acid	65	3	0	0	7	2	0	66	9	0	0	0	152
Acropolis now	0	0	0	0	3	0	0	0	0	0	0	0	3
Acroterion	33370	99	19	0	625	18	30	2506	45	97	0	15	36824
Adam Bishop	3645	17	0	0	45	13	2	121	22	0	0	1	3866
Adambiswanger1	75	0	0	0	15	4	0	48	1	0	0	0	143
Adambro	1887	17	0	0	48	1	5	200	6	6	0	4	2174
Adashiel	362	51	0	0	51	33	1	369	29	0	0	0	896
Addshore	763	11	0	0	4	1	2	222	8	4	0	5	1020
AdjustShift	164	0	0	0	17	1	1	551	2	29	0	2	767
Admiral Norton	380	6	0	0	6	0	0	6	0	0	0	2	400
Admrboltz	2754	4	0	0	27	15	0	101	11	0	0	2	2914
Aecis	3805	39	0	0	91	5	0	163	3	0	0	0	4106
Aervanath	1905	303	0	0	43	5	6	51	10	2	0	0	2325
After Midnight	37157	209	0	0	32	6	0	61	6	0	0	0	37471
Agathoclea	1134	52	0	0	51	5	4	169	16	1	0	1	1433
Ahoerstemeier	13556	107	0	0	43	5	1	2021	11	2	0	0	15746
Airplaneman	526	10	0	0	73	1	4	2	0	0	0	2	618
Ais523	299	16	0	0	16	3	0	8	6	0	0	0	348
Aitias	3438	68	0	0	224	18	298	1224	78	51	0	74	5473
Akhilleus	858	4	0	0	45	3	4	431	30	1	0	0	1376
Akradecki	5185	53	0	0	168	3	3	304	22	31	0	0	5769
Aksi great	1926	12	0	0	28	9	1	591	30	0	0	0	2597
Al Ameer son	29	3	0	0	7	2	3	6	1	0	0	1	52
Alai	1393	17	0	0	10	3	0	42	3	0	0	0	1468
AlainV	1	0	0	0	0	0	0	0	0	0	0	0	1
Alasdair	547	3	0	0	11	1	0	226	11	1	0	0	800
Aldux	114	1	0	0	170	36	0	201	18	0	0	0	540
Ale jrb	1426	10	0	0	6	1	0	412	26	1	0	4	1886
Alex Bakharev	1742	154	0	0	498	46	50	1812	183	6	0	0	4491
Alex S	34	4	0	0	0	0	0	0	0	0	0	0	38
Alex Shih	312	3	0	0	12	5	0	41	0	0	0	0	373
Alex.muller	555	25	2	0	22	1	1	309	15	0	0	11	941
Alex756	2	0	0	0	0	0	0	0	0	0	0	0	2
AlexandrDmitri	889	6	4	0	6	0	1	177	4	7	0	1	1095
Alexf	21100	124	152	0	363	11	83	5852	40	11	0	0	27736
AlexiusHoratius	153	0	0	0	603	8	164	510	0	7	0	0	1445
Alhutch	621	3	0	0	15	6	0	175	9	0	0	0	829
Alison	2589	160	223	149	1222	201	190	5397	358	67	0	74	10630
AlisonW	488	11	0	0	56	5	2	126	10	0	0	0	698
AlistairMcMillan	255	19	0	0	17	1	0	63	4	0	0	0	359
AliveFreeHappy	206	1	0	0	2	0	0	2	0	0	0	0	211
Alkivar	2396	136	0	0	252	27	9	470	41	0	0	0	3331
Allen3	11203	63	1	0	313	52	14	138	5	0	0	1	11790
AllyUnion	2099	47	0	0	100	11	1	39	11	1	0	0	2309
Alphachimp	6552	108	0	0	292	146	1	3926	118	2	0	0	11145
Altenmann	5195	267	0	0	287	65	24	1303	100	5	0	0	7246
Alteripse	2	0	0	0	3	1	0	14	1	0	0	0	21
Alvestrand	458	29	0	0	8	4	0	56	4	2	0	0	561
Amalas	1220	2	0	0	4	52	0	0	0	0	0	0	1278
Amalthea	3085	161	3	0	86	109	93	298	31	52	0	54	3972
Amatulic	48	4	2	0	9	0	1	0	0	0	0	0	64
Amberrock	550	7	0	0	19	3	0	115	9	0	0	0	703
Amcaja	54	3	0	0	0	1	0	58	2	0	0	0	118
Ameliorate!	390	6	0	0	46	3	2	127	8	1	0	2	585
AmiDaniel	2801	138	0	0	165	44	2	749	126	1	0	1	4027
Amire80	380	42	0	0	5	2	1	36	4	1	0	1	472
Amophar	0	0	0	0	1	0	0	0	0	0	0	0	1
Amorymeltzer	4245	76	6	0	40	7	5	421	8	23	0	47	4878
Ams80	12	0	0	0	0	0	0	0	0	0	0	0	12
Anas Salloum	665	5	0	0	1	0	0	351	2	0	0	0	1024
Ancheta Wis	15	2	0	0	1	0	0	6	0	0	0	0	24
Andonic	435	29	0	0	327	34	48	1365	52	0	0	4	2294
Andre Engels	2	0	0	0	0	0	0	1	0	0	0	0	3
Andres	3	4	0	0	1	0	0	0	0	0	0	0	8
Andrevan	706	90	0	0	21	11	0	90	28	1	1209	64	2220
Andrew Levine	718	15	0	0	19	2	0	34	6	0	0	0	794
Andrew Norman	48	1	0	0	27	2	0	75	7	0	0	0	160
Andrew Yong	24	7	0	0	0	0	0	0	0	0	0	0	31
Andrew c	1444	65	3	0	39	3	1	125	8	2	0	3	1693
Andrewa	85	6	0	0	0	0	0	0	0	0	0	0	91
Andris	17	0	0	0	0	0	0	0	0	0	0	0	17
Android79	3349	27	0	0	56	13	0	260	29	0	0	0	3734
Andrwsc	7988	104	0	0	72	54	10	124	1	1	0	0	8354
AndyZ	911	12	0	0	0	0	0	113	4	0	0	0	1040
AnemoneProjectors	1547	132	9	0	164	55	14	243	2	14	0	0	2180
Anetode	9294	343	0	0	258	14	8	1261	61	0	0	8	11247
AngelOfSadness	1037	2	0	0	44	2	5	134	14	1	0	0	1239
Angela	2329	43	0	0	5	2	0	59	30	0	158	7	2633
Angelo.romano	1069	118	0	0	141	18	14	87	2	2	0	0	1451
Angr	34448	214	2	0	211	52	33	795	29	3	0	0	35787
Angusmclellan	19702	212	0	0	14	2	1	68	9	1	0	17	20026
AniMate	250	7	2	0	18	2	1	112	11	9	0	3	415
Animum	1926	276	2	0	227	29	56	1714	319	4	0	28	4581
AnonEMouse	146	26	0	0	30	4	2	122	9	0	0	0	339
Anonymous Dissident	1467	25	0	0	383	33	58	502	14	7	681	64	3234
Anonymous editor	481	1	0	0	57	16	0	431	32	0	0	0	1018
Antandrus	7489	27	5	0	430	57	40	5532	354	63	0	3	14000
Anthere	38	1	0	0	4	4	0	4	2	0	0	2	55
Anthony Appleyard	28308	4407	0	0	86	9	21	1	0	0	0	0	32832
Anthony Bradbury	16505	75	0	0	71	3	4	1711	40	38	0	2	18449
AntiAbuseBot	50	0	7	0	0	0	46	1092	2	20	0	0	1217
AntonioMartin	9	5	0	0	7	3	0	5	18	0	0	0	47
Apokryltaros	0	0	0	0	1	0	0	0	0	0	0	0	1
Appraiser	323	6	0	0	5	0	0	1	0	0	0	0	335
Aqwis	224	29	0	0	75	6	29	54	2	0	0	8	427
Aranel	1087	18	0	0	13	0	0	24	3	0	0	0	1145
Arbitrarily0	1459	195	0	0	10	0	2	0	0	0	0	114	1780
Arcadian	244	27	0	0	32	1	0	76	4	0	0	0	384
Archtransit	5	2	0	0	13	2	1	17	15	0	0	0	55
Arctic.gnome	291	67	0	0	19	5	2	25	1	1	0	2	413
Aris Katsaris	6	0	0	0	1	0	0	0	0	0	0	0	7
Arjun01	557	6	0	0	117	23	0	402	14	1	0	0	1120
Arminius	130	1	0	0	7	3	0	14	2	0	0	0	157
ArnoldReinhold	247	2	0	0	7	2	2	6	1	1	0	0	268
Arsenikk	13	0	0	0	0	0	0	0	0	0	0	0	13
Art LaPella	72	2	0	0	0	0	0	0	0	0	0	0	74
Arthur Rubin	486	53	13	0	46	10	5	392	49	12	0	2	1068
Aruk Besadii Aora	0	0	0	0	2	0	0	0	0	0	0	0	2
Arvindn	17	0	0	0	1	1	0	0	0	0	0	0	19
Arwel Parry	148	8	0	0	39	8	0	675	39	1	0	0	918
Asbestos	72	2	0	0	0	0	0	25	3	0	0	0	102
Asterion	95	7	0	0	69	8	3	122	15	0	0	0	319
AstroNomer	0	0	0	0	0	0	0	1	0	0	0	0	1
Atama	1543	23	0	0	10	6	0	64	8	4	0	0	1658
Athaenara	45452	190	0	0	20	2	2	31	6	0	0	0	45703
Atlant	92	1	0	0	11	0	0	573	20	2	0	0	699
AuburnPilot	3018	223	6	0	510	68	53	1144	140	25	0	20	5207
Audacity	22	2	0	0	2	1	0	1	1	0	0	0	29
Aude	1173	39	0	0	47	11	5	516	17	0	0	2	1810
Auntof6	0	0	0	0	0	0	0	0	0	0	0	1	1
Ausir	24	2	0	0	0	0	0	1	0	0	0	0	27
Avraham	1506	156	69	206	199	42	20	1219	127	81	470	109	4204
Awiseman	20	2	0	0	15	0	0	9	0	0	0	0	46
Awolf002	13	0	0	0	0	0	0	2	0	0	0	0	15
AxelBoldt	42	6	0	0	8	1	0	0	0	0	0	0	57
AzaToth	1684	125	7	0	119	40	31	168	26	1	0	8	2209
B	14522	235	23	0	314	28	35	856	103	10	0	13	16139
BD2412	4331	2452	1	0	50	15	3	224	24	2	0	0	7102
BOZ	19	148	0	0	38	3	7	2	0	0	0	0	217
Babajobu	297	2	0	0	1	1	0	19	3	0	0	0	323
Baboon Faceless	0	0	0	0	2	0	0	0	0	0	0	0	2
Backslash Forwardslash	4355	92	0	0	89	4	12	403	6	61	0	7	5029
Balloonman	365	15	0	0	14	2	2	53	8	4	0	2	465
Banes	62	7	0	0	2	0	0	158	2	0	0	0	231
Banno	10	5	0	0	9	2	0	50	2	0	0	0	78
BanyanTree	2053	69	1	0	204	245	4	410	11	0	0	0	2997
Barek	36	4	0	0	21	1	5	92	2	11	0	0	172
Barneca	1231	47	0	0	110	11	14	1013	46	19	0	1	2492
Barneca sock 1	0	0	0	0	1	0	0	0	0	0	0	0	1
BaronLarf	211	26	0	0	26	1	1	190	1	2	0	0	458
Bastique	361	93	8	1	48	8	5	121	51	0	10	51	757
Bazonka	0	0	0	0	1	0	0	0	0	0	0	0	1
Bbatsell	391	9	0	0	18	2	0	350	18	0	0	0	788
Bcorr	131	9	0	0	9	1	0	67	10	0	2	1	230
Bdesham	27	0	0	0	3	0	0	0	0	0	0	0	30
Bduke	261	18	0	0	26	8	3	28	0	0	0	0	344
Bearcat	5235	279	8	0	148	9	6	87	8	2	0	0	5782
Bearian	1372	21	0	0	281	5	6	714	36	2	0	1	2438
Bedford	9	3	0	0	50	0	4	5	2	0	0	0	73
Beeblebrox	3679	26	16	0	561	14	66	1264	148	170	0	7	5951
Beetstra	921	90	6	0	109	21	16	551	36	18	0	1	1769
Bel123456	0	0	0	0	1	0	0	0	0	0	0	0	1
Beland	197	1	0	0	14	12	1	11	0	0	0	0	236
Bellhalla	22	2	0	0	0	0	0	0	0	0	0	0	24
Ben MacDui	605	6	0	0	4	0	0	16	1	0	0	0	632
Bencherlite	4447	128	7	0	206	6	15	590	10	13	0	14	5436
Berig	28	0	0	0	2	0	2	10	0	0	0	2	44
Betacommand	7463	46	0	0	76	379	0	3297	120	0	0	0	11381
Bettia	452	11	0	0	14	1	0	6	1	1	0	0	486
Bhadani	1302	7	0	0	95	19	1	478	10	0	0	0	1912
Bibliomaniac15	4138	26	0	0	230	34	23	1426	23	5	902	62	6869
BigHaz	3194	2	0	0	8	6	0	33	2	0	0	0	3245
BigrTex	960	10	0	0	2	0	0	1	0	0	0	0	973
Bigtimepeace	504	8	0	0	2	1	1	81	4	2	0	1	604
Bill	0	0	0	0	1	0	0	0	0	0	0	0	1
Billinghurst	1250	8	0	0	3	0	0	4	1	3	0	1	1270
BillyH	48	2	0	0	0	1	0	1	0	0	0	0	52
BirgitteSB	175	7	0	0	0	0	0	1	1	0	0	1	185
Bishonen	585	76	0	0	201	47	9	575	209	1	0	0	1703
Bishzilla	53	11	0	0	16	2	2	24	6	0	0	5	119
Bjarki S	92	0	0	0	2	1	0	41	4	0	0	0	140
Bjelleklang	642	7	0	0	4	0	3	12	2	0	0	0	670
Bkell	1302	14	0	0	1	0	0	2	0	0	0	0	1319
Bkonrad	787	119	0	0	3	0	0	148	2	0	0	0	1059
Black Falcon	5155	76	0	0	3	1	0	29	1	0	0	0	5265
Black Kite	6010	181	13	0	458	53	62	1484	110	44	0	15	8430
Blankfaze	386	1	0	0	3	2	0	7	1	0	0	0	400
Blood Red Sandman	712	6	0	0	6	0	0	331	13	17	0	1	1086
Blubberboy92	0	0	0	0	1	0	0	0	0	0	0	0	1
Blueboy96	1594	26	0	0	252	5	33	3195	130	173	0	0	5408
Bluemoose	10610	47	0	0	27	10	0	93	18	0	0	0	10805
Blurpeace	272	16	12	0	4	2	3	58	3	2	0	5	377
Bmicomp	404	2	0	0	6	4	0	38	11	0	0	0	465
Bob the Wikipedian	9	1	0	0	0	0	0	0	0	0	0	0	10
Bobak	231	12	0	0	160	6	9	753	11	11	0	0	1193
Bobet	4965	181	0	0	56	18	1	224	10	0	0	0	5455
Bobo192	4961	3	0	0	2	3	0	2	0	0	0	0	4971
Bogdangiusca	3164	66	0	0	28	10	1	108	13	0	0	0	3390
Bongwarrior	10363	65	12	0	534	17	139	4739	36	144	0	2	16051
Bonkers Bobcat	0	0	0	0	1	0	0	0	0	0	0	0	1
Bookofjude	650	27	0	0	29	5	0	85	9	0	0	0	805
Bopped Kia	0	0	0	0	1	0	0	0	0	0	0	0	1
BorgHunter	652	27	0	0	55	19	1	117	28	0	0	0	899
BorgQueen	4091	53	0	0	1260	133	50	3598	168	22	0	0	9375
Borisblue	248	1	0	0	14	39	0	92	8	0	0	0	402
Bovlb	23	2	0	0	14	1	0	28	2	0	0	0	70
BozMo	290	6	0	0	20	3	3	158	18	0	0	0	498
BradBeattie	294	0	0	0	6	0	0	118	3	0	0	0	421
BradPatrick	17	0	0	0	4	0	0	5	0	0	0	0	26
Bradeos Graphon	4878	19	0	0	65	19	3	1214	80	0	0	0	6278
Brandon	3895	77	1	0	109	39	26	806	37	46	0	21	5057
Bratsche	568	16	0	0	18	46	0	145	19	0	0	0	812
Brendanconway	955	23	0	0	26	8	0	87	14	0	0	0	1113
BrendelSignature	4	0	0	0	74	5	4	105	8	0	0	0	200
Brian	6	2	0	0	3	0	1	3	1	0	0	0	16
Brian Kendig	28	3	0	0	5	6	0	2	0	0	0	0	44
Brian0918	931	79	0	0	258	47	4	2144	109	1	0	0	3573
Brianga	2305	9	0	0	1	1	1	459	7	5	0	0	2788
Briangotts	138	7	0	0	1	0	0	7	0	0	0	0	153
Brighterorange	181	12	0	0	1	0	0	21	1	0	0	0	216
Brion VIBBER	192	9	0	0	12	0	1	27	11	0	0	4	256
Brockert	189	51	0	0	3	3	0	31	30	0	0	0	307
BrokenSegue	1363	11	0	0	62	67	0	153	40	0	0	0	1696
Brookie	4001	53	0	0	212	3	0	229	4	0	0	0	4502
BrownHairedGirl	1691	129	0	0	153	7	12	138	17	4	0	0	2151
Bryan Derksen	828	324	0	0	5	7	0	10	0	0	0	2	1176
Bsadowski1	102	1	107	0	6	0	2	334	3	35	0	0	590
Bubba hotep	3312	72	9	0	60	3	7	1052	12	27	0	9	4563
Buchanan-Hermit	514	18	0	0	28	6	0	452	20	0	0	0	1038
Bucketsofg	648	22	0	0	66	6	0	224	8	0	0	0	974
Buckshot06	376	4	0	0	9	0	2	13	0	1	0	0	405
Bumm13	844	40	0	0	6	1	0	32	4	2	0	5	934
Bunchofgrapes	738	10	0	0	62	44	0	203	37	0	0	0	1094
Burgundavia	1105	0	0	0	4	0	0	1	0	0	0	0	1110
Burstorder	0	0	0	0	2	0	0	0	0	0	0	0	2
Butseriouslyfolks	5143	83	0	0	36	3	1	137	15	0	0	0	5418
Bwilkins	4105	17	1	0	63	1	3	100	61	68	0	4	4423
C-3PO	0	0	0	0	3	0	0	0	0	0	0	0	3
C.Fred	10196	84	18	0	254	6	8	1822	38	34	0	0	12460
C12H22O11	1351	5	0	0	49	8	0	47	7	0	0	0	1467
CALR	29	0	0	0	0	0	0	1	0	0	0	0	30
CAT:TEMP deletion bot	2120	0	0	0	0	0	0	0	0	0	0	0	2120
CBDunkerson	3500	64	0	0	683	49	0	30	22	0	0	1	4349
CBM	4379	143	0	0	245	100	24	76	28	2	0	59	5056
CIreland	1593	43	14	0	202	14	26	451	18	16	0	1	2378
CJ	1930	79	0	0	112	22	3	277	18	0	0	3	2444
CJCurrie	402	19	0	0	126	8	2	127	13	0	0	0	697
CJLL Wright	1867	30	0	0	60	3	7	255	4	0	0	0	2226
CLW	13924	54	0	0	3	0	0	26	0	0	0	0	14007
CMBJ	0	0	0	0	1	0	0	0	0	0	0	0	1
COGDEN	60	16	0	0	2	0	0	4	0	1	0	0	83
CRGreathouse	12	0	0	0	0	0	0	1	1	1	0	0	15
CSTAR	58	5	0	0	6	3	0	93	3	0	0	0	168
CT Cooper	1003	344	31	0	358	69	99	375	34	41	0	23	2377
CYD	1	0	0	0	1	0	0	0	0	0	0	0	2
Cactus.man	592	17	0	0	61	34	0	178	10	0	0	0	892
CactusWriter	1936	121	0	0	25	2	0	59	4	6	0	4	2157
Cacycle	187	11	0	0	26	2	1	13	1	0	0	1	242
Cailil	124	3	0	0	33	0	2	60	12	0	0	0	234
Caknuck	2127	9	0	0	287	39	53	802	12	9	0	0	3338
Calliopejen1	3036	94	0	0	12	3	0	7	0	0	0	0	3152
Calmer Waters	10068	2	3	0	40	0	0	196	3	6	0	81	10399
Caltrop	58	22	0	0	0	0	0	7	3	0	0	0	90
CambridgeBayWeather	15949	279	3	0	235	19	143	1071	24	8	0	0	17731
Camembert	12	2	0	0	0	1	0	0	0	0	0	0	15
Camw	477	17	5	0	13	0	1	184	0	8	0	0	705
Can't sleep, clown will eat me	9514	230	0	0	3000	125	133	32088	586	0	0	0	45676
Canadian Paul	1043	34	0	0	19	6	1	24	3	0	0	0	1130
Canadian-Bacon	426	2	0	0	16	3	0	232	5	0	0	0	684
CanadianCaesar	3505	62	0	0	53	14	0	1084	85	0	0	0	4803
Canderson7	1183	11	0	0	18	13	1	220	2	0	0	0	1448
Canley	919	11	0	0	1	1	0	4	0	0	0	0	936
Canterbury Tail	1992	7	0	0	93	8	10	458	23	16	0	0	2607
Cantthinkofagoodname	2	0	0	0	0	0	0	2	0	0	0	0	4
CapitalR	1667	162	0	0	19	7	0	49	1	1	0	1	1907
Capitalistroadster	620	1	0	0	3	0	0	23	3	0	0	0	650
Carabinieri	433	7	0	0	4	3	0	3	2	0	0	0	452
Carbonite	188	3	0	0	28	10	0	226	22	0	0	0	477
Carcharoth	40	78	0	0	4	3	1	1	2	0	0	0	129
Caribbean H.Q.	377	16	0	0	75	10	9	259	20	0	0	1	767
Carioca	2819	12	0	0	7	1	1	9	0	0	0	0	2849
Carlosguitar	2924	20	0	0	30	1	3	167	11	0	0	0	3156
Carlossuarez46	10576	129	0	0	27	2	0	66	6	1	0	0	10807
Carnildo	2391	98	0	0	95	19	2	62	22	0	0	3	2692
Cary Bass	4	3	14	17	5	1	1	1	2	0	2	0	50
Casliber	130	92	29	0	200	26	41	115	6	1	0	10	650
Catbar	28	0	0	0	2	1	0	11	0	0	0	0	42
CatherineMunro	69	13	0	0	0	0	0	3	3	0	0	0	88
Catrope	1	0	0	0	0	0	0	0	0	0	0	2	3
CattleGirl	908	12	0	0	19	3	1	42	7	0	0	0	992
Caulde	2522	84	0	0	423	28	54	892	36	0	0	78	4117
Causa sui	1715	40	0	0	91	53	20	258	17	3	0	1	2198
Cbl62	19	1	0	0	6	0	0	0	0	0	0	0	26
Cbrown1023	3425	78	0	0	404	73	7	206	32	0	0	8	4233
Cburnett	48	18	0	0	6	2	0	14	5	0	0	0	93
Cdc	2188	10	0	0	10	9	0	21	2	0	0	0	2240
Cecropia	39	3	0	0	36	5	0	6	6	0	215	334	644
Cedrus-Libani	101	4	0	0	1	0	0	0	0	0	0	0	106
Celestianpower	735	9	0	0	19	3	0	170	70	0	0	0	1006
Cenarium	1802	81	2	0	374	143	197	135	4	6	0	34	2778
Centrx	17225	405	0	0	1005	947	13	1334	212	0	0	0	21141
Ceranthor	60	2	0	0	0	0	0	3	0	0	0	0	65
CesarB	3606	141	0	0	123	49	0	942	212	0	0	0	5073
Ceyockey	1782	49	0	0	4	0	0	15	2	0	0	0	1852
Chadloder	0	0	0	0	0	0	0	6	0	0	0	0	6
Chairboy	5162	13	0	0	69	8	0	189	14	0	0	0	5455
Chamal N	149	4	0	0	81	5	23	82	2	2	0	5	353
Chancemill	0	0	0	0	1	1	0	2	0	0	0	0	4
Charles Matthews	1970	48	0	0	5	1	0	135	20	0	0	0	2179
Chase me ladies, I'm the Cavalry	3090	75	52	0	485	28	54	961	39	18	0	1	4803
Chaser	2295	109	2	0	322	45	40	874	123	12	0	10	3832
Ched Davis	118	9	0	0	4	0	0	11	4	0	0	4	150
Chell and the cake	0	0	0	0	2	0	0	0	0	0	0	0	2
Chessnotator1967	0	0	0	0	1	0	0	0	0	0	0	0	1
Chick Bowen	4720	213	0	0	82	15	5	141	30	0	0	1	5207
Chillum	1494	27	0	0	61	12	7	740	52	76	0	10	2479
Chmod007	13	2	0	0	2	0	0	1	1	0	0	0	19
Chochopk	27	37	0	0	1	0	0	2	1	0	0	0	68
Choess	12	10	0	0	0	0	0	0	0	0	0	0	22
Cholmes75	4621	10	0	0	26	0	0	112	3	0	0	0	4772
Chris 73	1934	15	0	0	63	8	1	714	30	3	0	0	2768
Chris G	6912	174	1	0	252	15	39	2947	70	232	0	11	10653
Chris Roy	3	0	0	0	0	0	0	1	0	0	0	0	4
ChrisGriswold	1126	16	0	0	51	8	0	210	21	0	0	0	1432
ChrisO	2405	22	0	0	337	63	35	757	39	3	0	1	3662
ChrisTheDude	768	19	0	0	6	1	0	20	2	0	0	0	816
Chrislk02	4106	61	0	0	134	21	8	1632	91	12	0	5	6070
Christopher Mahan	38	5	0	0	0	0	0	0	0	0	0	0	43
Christopher Parham	747	10	0	0	4	2	0	24	1	0	0	0	788
Christopher Sundita	62	39	0	0	9	4	0	17	2	0	0	0	133
Chuck SMITH	0	1	0	0	0	0	0	0	0	0	0	0	1
Chunky Rice	342	1	0	0	4	3	0	31	2	0	0	0	383
Chuq	217	19	0	0	13	2	1	93	6	0	0	0	351
CieloEstrellado	0	0	0	0	1	0	0	0	0	0	0	0	1
Cimon Avaro	235	10	0	0	2	5	1	4	0	0	6	5	268
Circeus	1748	8	0	0	50	27	0	156	13	0	0	0	2002
Cirt	19764	183	1	0	910	21	163	6006	39	27	0	2	27116
Citicat	727	19	0	0	24	1	0	36	4	0	0	0	811
Ck lostsword	308	4	0	0	13	1	5	308	16	0	0	0	655
Ckatz	1485	70	86	0	215	6	53	1037	18	33	0	4	3007
Clarkk	23	0	0	0	0	1	0	0	0	0	0	0	24
Cleared as filed	1346	19	0	0	0	0	0	53	2	0	0	0	1420
Climie.ca	0	0	0	0	2	1	0	13	1	1	0	1	19
ClockworkLunch	20	4	0	0	11	1	0	4	0	0	0	0	40
ClockworkSoul	759	46	1	0	39	7	4	223	19	4	0	0	1102
Closedmouth	24416	172	19	0	113	5	16	1922	44	87	0	44	26838
CloudNine	424	15	0	0	24	1	2	32	2	0	0	0	500
ClueBot	0	0	0	0	1	0	0	0	0	0	0	0	1
Cnwb	661	11	0	0	0	0	0	23	2	0	0	0	697
Cobaltbluetony	7309	93	5	0	452	24	9	471	22	5	0	0	8390
Cobi	51	0	0	0	2	0	0	5	1	0	0	1	60
Coelacan	1194	30	0	0	85	10	1	845	53	0	0	0	2218
Coffee	1414	180	1	0	180	10	119	410	16	90	0	11	2431
Coffeedrinker87	0	0	0	0	1	0	0	0	0	0	0	0	1
Cohesion	6799	46	0	0	2	18	1	3	0	0	0	0	6869
Colds7ream	143	9	0	0	2	1	0	2	0	0	0	2	159
Commander Keane	4876	232	1	0	42	22	0	153	29	1	0	3	5359
Conscious	13449	65	0	0	2	2	0	56	0	0	0	0	13574
Consumed Crustacean	738	23	0	0	46	3	1	354	36	1	0	0	1202
Conti	464	45	0	0	12	38	3	73	3	0	0	1	639
Cool Hand Luke	944	574	1	0	65	12	20	95	17	0	0	0	1728
Cool3	35	0	0	0	3	2	0	22	1	2	0	3	68
Coralmizu	168	2	0	0	23	1	2	47	2	1	0	0	246
Coredesat	11148	136	0	0	235	25	11	494	60	0	0	0	12109
Coren	865	23	41	1	57	7	7	205	41	6	0	1	1254
Courcelles	1984	27	40	0	239	6	84	578	5	27	0	3240	6230
Cowman109	433	36	0	0	101	43	4	360	44	0	0	0	1021
Craigy144	3099	11	0	0	8	3	1	38	0	0	0	1	3161
Crazycomputers	597	9	14	0	69	15	8	788	51	6	0	3	1560
Crazytales	165	15	0	0	19	1	2	117	18	0	0	0	337
Cremepuff222	176	6	0	0	3	2	1	98	5	0	0	0	291
Croat Canuck	83	3	0	0	1	1	0	5	1	0	0	0	94
Crum375	187	18	1	0	98	7	24	291	13	2	0	0	641
Cryptic	9383	238	0	0	136	15	1	322	21	0	0	0	10116
CryptoDerk	1091	1	0	0	67	9	0	1014	45	0	0	0	2227
Crzrussian	5139	133	0	0	156	28	0	150	13	0	0	0	5619
Cuchullain	388	80	0	0	14	1	3	42	0	0	0	0	528
Curps	5148	166	0	0	461	101	0	26558	1065	0	0	0	33499
Cutler	69	0	0	0	0	0	0	7	0	0	0	0	76
CyborgTosser	2	0	0	0	0	0	0	0	0	0	0	0	2
Cyde	19101	111	0	0	258	32	2	830	168	0	0	0	20502
Cydebot	31235	0	0	0	0	0	0	0	0	0	0	0	31235
Cyp	3	0	0	0	0	0	0	0	0	0	0	0	3
Cyrius	1637	102	0	0	30	13	0	72	8	0	0	0	1862
D. Recorder	172	18	0	0	2	0	0	34	2	0	0	0	228
DDima	540	9	0	0	1	0	0	1	0	0	0	0	551
DESiegel	1562	194	0	0	11	2	0	44	30	1	0	1	1845
DGG	11599	286	1	0	327	8	12	125	10	7	0	2	12377
DJ Clayworth	6701	35	0	0	40	11	2	367	18	6	0	0	7180
DMacks	6667	66	27	0	358	13	73	1183	12	122	0	1	8522
DO11.10	418	28	2	0	2	0	0	6	1	0	0	2	459
DVD R W	6129	53	0	0	54	17	7	962	21	0	0	3	7246
DYKUpdateBot	334	0	0	0	0	0	0	0	0	0	0	0	334
DaGizza	1096	1	0	0	8	4	1	55	3	0	0	0	1168
Dabomb87	242	6	4	0	39	3	8	40	1	1	0	17	361
Dale Arnett	69	1	0	0	2	0	0	4	0	0	0	0	76
Dan100	294	16	0	0	18	12	0	186	44	0	0	0	570
DanKeshet	104	1	0	0	6	0	0	2	0	0	0	0	113
DanMS	65	0	0	0	2	1	0	0	0	0	0	0	68
Danaman5	287	4	0	0	6	0	0	4	4	0	0	2	307
Daniel	4979	269	9	0	638	42	66	574	76	5	0	13	6671
Daniel Case	2567	38	34	169	326	16	10	6083	191	58	0	20	9512
Daniel J. Leivick	811	8	0	0	19	1	0	86	5	2	0	0	932
Daniel Olsen	711	1	0	0	10	0	0	84	2	0	0	0	808
Daniel Quinlan	54	3	0	0	0	2	0	2	0	0	0	0	61
DanielCD	243	1	0	0	15	11	0	37	2	0	0	0	309
Dank	11902	94	0	0	139	7	1	4149	13	18	0	1	16324
Danny	1076	126	0	0	26	9	0	105	29	0	4	7	1382
Dannyisme	5	0	0	0	4	0	0	2	2	0	0	0	13
Dante Alighieri	683	18	0	0	20	17	3	180	29	0	0	0	950
DarkFalls	2751	147	1	0	310	39	81	883	48	15	0	7	4282
Darkoneko	4	0	3	0	0	0	0	1	0	0	1	0	9
Darthgriz98	250	4	0	0	5	0	0	115	2	0	0	0	376
Darwinek	2339	14	0	0	78	6	2	199	6	0	0	0	2644
Dave souza	79	3	0	0	14	2	0	577	20	5	0	0	700
Davewild	3819	43	0	0	4	3	0	419	1	0	0	0	4289
Daveydweeb	134	1	0	0	2	0	0	4	1	0	0	0	142
David D.	26	4	0	0	12	1	5	11	2	1	0	0	62
David Eppstein	2479	39	0	0	41	8	3	57	4	3	0	0	2634
David Fuchs	1058	35	2	0	78	6	13	95	8	0	0	2	1297
David Gerard	527	48	1	0	71	7	1	1478	358	0	0	3	2494
David Kernow	635	5	0	0	45	0	0	0	0	0	0	0	685
David Levy	1019	129	0	0	257	58	3	150	10	6	0	7	1639
David Newton	54	3	0	0	4	0	0	12	12	0	0	0	85
David.Monniaux	523	60	0	0	100	13	0	222	30	3	0	0	951
DavidLevinson	35	52	0	0	9	0	0	9	0	0	0	0	105
DavidWBrooks	1204	1	0	0	14	2	2	95	0	0	0	0	1318
Davidcannon	155	58	0	0	31	4	0	137	26	1	0	0	412
Davidgothberg	110	61	0	0	214	8	49	28	7	2	0	3	482
Davidruben	35	0	0	0	7	1	1	80	2	0	0	0	126
Davodd	192	29	0	0	3	3	1	25	1	0	0	0	254
Dbachmann	460	32	2	0	145	41	23	208	20	1	0	0	932
Dbenbenn	6086	109	0	0	260	583	0	26	7	0	0	0	7071
Dcoetzee	349	46	1	0	10	4	0	52	11	0	0	1	474
Ddstretch	13	0	0	0	20	5	6	207	20	6	0	0	277
Deacon of Pndapetzim	639	26	0	0	32	3	3	174	13	13	0	34	937
DeadEyeArrow	934	14	0	0	26	5	0	199	6	0	0	0	1184
Deathphoenix	1168	49	0	0	17	5	0	420	80	0	0	0	1739
Deb	13870	62	0	0	28	3	0	342	4	1	0	0	14310
Deckiller	1228	35	0	0	80	14	2	300	46	0	0	0	1705
Decltype	2316	71	3	0	13	2	2	227	8	13	0	19	2674
Decumanus	42	0	0	0	3	0	0	12	0	0	0	0	57
Deiz	955	16	0	0	164	8	3	392	20	0	0	0	1558
Dekimasu	1154	63	0	0	16	1	0	20	6	7	0	1	1268
Delirium	3470	23	0	0	20	11	0	306	18	0	0	0	3848
Delldot	1978	31	0	0	16	6	1	608	9	0	0	0	2649
Deltabeignet	836	1	0	0	5	6	0	130	2	0	0	0	980
Demi	151	32	0	0	2	1	0	51	17	0	0	0	254
Denelson83	1138	18	0	0	58	12	11	39	6	0	0	0	1282
Denni	2324	30	0	0	23	3	0	5	0	0	0	0	2385
Department of Redundancy Department	239	8	7	0	27	0	5	363	3	28	0	202	882
DerHexer	134631	44	9	0	96	3	9	5848	39	4	0	22	140705
Derek Ross	523	11	0	0	15	4	3	2	0	0	0	0	558
Deryck Chan	3	1	0	0	2	2	2	1	0	0	0	0	11
Deskana	1468	96	83	0	224	83	24	1273	117	67	342	197	3974
Deville	1015	6	0	0	16	1	0	217	4	3	0	0	1262
Dfrg.msc	37	1	0	0	0	0	0	7	0	0	0	0	45
Dgies	575	29	0	0	27	4	3	223	18	0	0	2	881
Dgrant	0	0	0	0	1	0	0	0	0	0	0	0	1
Diberri	130	3	0	0	3	1	0	5	0	0	0	0	142
Dieter Simon	3	0	0	0	42	0	3	0	0	0	0	0	48
Dijxtra	135	6	0	0	13	6	0	36	4	0	0	0	200
Dina	3371	18	0	0	49	1	0	273	5	0	0	0	3717
Dino	24	0	0	0	0	0	0	0	0	0	0	0	24
Dinoguy1000	120	6	0	0	45	1	4	7	1	0	0	1	185
Discospinster	17658	390	313	0	163	10	15	1412	6	12	0	0	19979
Djsasso	1222	217	18	0	53	8	6	383	10	4	0	8	1929
Dlohcierekim	6157	150	1	0	182	10	19	567	41	20	0	1	7148
Dmn	35	1	0	0	10	4	0	12	15	0	0	0	77
Doc glasgow	4087	123	0	0	370	42	11	1060	83	0	0	42	5818
Docu	1175	62	0	0	123	2	15	11	5	0	0	2	1395
Doczilla	73	5	0	0	9	6	0	90	8	0	0	0	191
Dominic	13284	64	47	202	82	186	2	3409	637	32	0	35	17980
DonCalo	0	0	0	0	1	0	0	0	0	0	0	0	1
Donald Albury	1157	3	0	0	8	2	2	118	4	0	0	0	1294
DoomsDay349	222	4	0	0	2	0	0	0	0	0	0	0	228
Dori	11	0	0	0	0	0	0	2	2	0	0	0	15
Doug	421	50	0	0	20	135	8	25	3	11	0	6	679
Doug Bell	2427	36	0	0	29	12	0	25	3	0	0	0	2532
Dougweller	476	8	5	0	251	16	46	1436	22	43	0	1	2304
Dpbsmith	133	4	0	0	3	2	0	17	0	0	0	0	159
Dppowell	5	1	0	0	6	1	0	116	6	0	0	0	135
DrBob	17	1	0	0	0	0	0	7	0	0	0	0	25
DrKiernan	1599	36	6	0	48	6	7	159	10	0	0	1	1872
DragonflySixtyseven	32859	398	21	0	375	38	12	4761	190	204	0	218	39076
Dragons flight	616	66	0	0	115	35	2	117	28	0	0	1	980
Dravecky	948	12	0	0	106	5	1	11	0	0	0	0	1083
Dreadstar	1117	133	10	0	276	12	16	1966	96	5	0	0	3631
Drilnoth	15939	58	0	0	53	2	13	0	0	0	0	6	16071
Drini	1	0	0	0	0	0	0	0	0	0	0	0	1
DropDeadGorgias	340	3	0	0	24	1	0	90	5	0	0	0	463
Dsmdgold	819	11	0	0	3	0	0	3	0	0	0	0	836
Duja	875	136	0	0	20	9	2	72	9	0	0	0	1123
Duk	3834	30	0	0	61	15	2	129	25	0	0	1	4097
Dumelow	28	3	0	0	24	1	0	0	0	0	0	0	56
Duncharris	986	57	0	0	47	10	0	92	20	0	0	0	1212
Durin	2448	7	0	0	28	13	0	168	15	0	0	0	2679
Durova	24	1	0	0	211	37	11	388	66	0	0	0	738
Dustimagic	216	2	0	0	4	2	0	50	8	1	0	0	283
Dvyost	56	0	0	0	0	0	0	11	1	0	0	0	68
Dweller	1715	31	3	0	117	2	5	306	10	0	331	12	2532
Dysprosia	154	6	0	0	3	1	0	97	11	0	0	0	272
ERcheck	2944	9	0	0	66	10	0	1002	29	1	0	0	4061
ESkog	11342	76	3	0	127	22	4	904	108	3	0	0	12589
EVula	2371	95	9	24	155	20	13	933	28	1	482	43	4174
EWS23	643	3	0	0	7	2	0	136	11	0	0	0	802
Earl Andrew	116	36	0	0	29	7	0	75	12	0	0	0	275
Earle Martin	284	11	0	0	11	2	3	35	2	0	0	0	348
East718	226061	1912	1	0	5654	1633	291	3533	1008	16	0	32	240141
Ed Poor	73	13	0	0	35	32	0	71	28	0	10	16	278
Ed g2s	3051	69	0	0	30	27	2	50	5	0	0	0	3234
EdJohnston	949	29	0	0	656	30	81	943	55	29	0	4	2776
Edcolins	33	5	0	0	2	2	0	2	0	0	0	0	44
Edgar181	46001	288	714	0	574	21	22	18726	193	257	0	29	66825
Edison	901	27	0	0	4	1	1	195	3	3	0	0	1135
Edokter	1373	36	0	0	33	14	22	46	5	1	0	1	1531
Edward	372	1	0	0	1	0	0	21	3	0	0	0	398
Edward Z. Yang	12	0	0	0	3	0	0	8	1	0	0	0	24
EdwinHJ	572	4	0	0	14	4	1	23	7	0	0	0	625
Efe	1618	5	0	0	11	1	3	164	0	2	0	1	1805
Egil	61	0	0	0	1	0	0	214	3	0	0	0	279
Either way	5498	37	1	0	161	10	9	889	43	9	0	7	6664
El C	1717	52	0	0	637	58	24	2996	116	0	0	3	5603
Eleassar	169	32	0	0	6	0	0	3	0	0	0	0	210
Electionworld	1285	33	0	0	1	0	0	0	0	0	0	0	1319
Elf	138	14	0	0	0	0	0	0	0	0	0	0	152
Elf-friend	465	1	0	0	17	0	0	15	0	0	0	0	498
ElinorD	7274	69	0	0	60	1	5	254	15	0	0	0	7678
Eliz81	960	48	0	0	93	0	19	229	4	0	0	1	1354
Elkman	5946	12	0	0	45	5	4	404	29	0	0	0	6445
Ellsworth	18	0	0	0	0	0	0	1	0	0	0	0	19
Elockid	155	12	41	0	332	8	72	1982	5	125	0	3	2735
Elonka	1306	21	0	0	47	13	2	533	26	8	0	0	1956
Eloquence	126	5	0	0	9	5	0	29	10	0	0	1	185
Eluchil404	1034	77	0	0	6	1	1	13	0	0	0	0	1132
Emperor	56	40	0	0	3	0	0	1	1	0	0	0	101
EncMstr	614	56	0	0	251	115	34	1167	24	21	0	1	2283
Encephalon	92	22	0	0	27	6	0	28	36	0	0	0	211
Enchanter	14	0	0	0	1	3	0	2	0	0	0	0	20
EncycloPetey	130	16	0	0	70	0	3	35	2	0	0	0	256
Enigmaman	964	13	0	0	509	7	132	1273	18	233	0	2	3151
Enochlau	17605	26	0	0	72	20	1	56	4	0	0	0	17784
Epbr123	2654	8	0	0	10	0	1	638	7	3	0	1	3322
Erdem Tüzün	0	0	0	0	2	0	0	0	0	0	0	0	2
Ericorbit	236	9	0	0	236	5	11	360	0	8	0	0	865
Esanchez7587	2547	3	0	0	71	4	7	271	1	3	0	0	2907
Espresso Addict	445	11	0	0	5	1	0	2	0	0	0	15	479
Esprit15d	395	9	0	0	9	2	0	1	0	0	0	0	416
Essexmutant	19	0	0	0	1	0	0	7	1	0	0	0	28
Essjay	1806	171	0	0	218	23	0	1236	248	0	715	102	4519
Esteffect	841	25	1	0	17	7	0	99	21	0	0	0	1011
Eugene van der Pijll	971	54	0	0	9	3	0	8	1	0	0	0	1046
EurekaLott	779	70	0	0	19	1	1	39	0	0	0	0	909
Euryalus	1134	10	2	0	60	2	11	356	8	16	0	3	1602
Eustress	321	0	0	0	4	2	2	7	0	2	0	0	338
Ev	162	20	0	0	6	0	0	2	0	0	0	0	190
EvanProdromou	0	0	0	0	0	0	0	1	0	0	0	0	1
Eventtable	0	0	0	0	1	0	0	0	0	0	0	0	1
Evercat	350	6	0	0	32	25	1	261	35	0	0	0	710
Everyking	1311	4	0	0	8	12	0	28	12	0	0	0	1375
Evil Monkey	1894	13	0	0	28	12	0	284	23	0	0	0	2254
Evil saltine	1564	45	17	0	25	9	2	631	27	25	0	3	2348
Evilphoenix	835	60	0	0	79	5	0	143	16	0	0	0	1138
Excirial	1285	15	18	0	69	3	14	689	35	68	0	7	2203
Explicit	36417	232	3	0	209	4	34	382	3	10	0	5	37299
Exploding Boy	1722	7	0	0	8	3	1	462	22	14	0	1	2240
Extransit	824	5	2	0	6	0	1	226	1	6	0	3	1074
Extraordinary Machine	343	142	0	0	14	5	0	178	28	0	0	0	710
Extreme Unction	543	22	0	0	26	2	0	26	4	0	0	0	623
Eye of the Mind	16	2	0	0	9	2	1	9	0	0	0	0	39
EyeEightDestroyerBot	2149	0	0	0	0	0	0	0	0	0	0	0	2149
EyeSerene	365	24	0	0	86	3	22	588	29	21	0	14	1152
Eyrian	633	23	0	0	33	3	0	40	1	0	0	0	733
Ezeu	915	30	0	0	38	35	4	125	9	0	0	0	1156
Ezhiki	1223	392	1	0	46	14	6	69	23	0	0	4	1778
FCYTravis	3479	174	0	0	158	46	19	192	31	0	0	0	4099
FF2010	2055	45	0	0	149	42	9	2344	205	0	0	0	4849
FT2	446	43	72	14	77	7	5	231	37	14	0	19	965
Fabrictramp	4804	131	0	0	220	5	22	125	3	6	0	0	5316
Fainites	0	0	0	0	0	0	1	0	0	0	0	0	1
Faithlessthewonderboy	3327	69	0	0	201	1	1	457	3	5	0	1	4065
Falco McCloud	0	0	0	0	1	0	0	0	0	0	0	0	1
Fang Aili	29077	83	0	0	118	52	0	253	12	0	0	0	29595
Fantasy	18	4	0	0	4	2	1	1	0	0	0	0	30
Fastfission	194	11	0	0	9	6	2	160	20	0	0	0	402
Fastily	58436	492	9	0	338	15	86	1333	22	60	0	165	60956
Father Goose	6	3	0	0	0	0	3	2	1	0	0	2	17
Favonian	830	7	9	0	35	0	5	386	4	22	0	0	1298
Fawcett5	813	8	0	0	3	2	0	58	0	0	0	0	884
FayssalF	409	8	0	0	309	52	13	1310	85	1	0	0	2187
Feco	3	0	0	0	0	0	0	0	0	0	0	0	3
FeloniousMonk	17	13	0	0	29	4	0	143	20	0	0	0	226
Femto	370	4	0	0	30	7	0	288	9	0	0	0	708
Fences and windows	508	41	22	0	34	2	6	85	9	8	0	0	715
Fennec	18	3	0	0	5	3	0	30	3	0	0	0	62
Ferkelparade	589	3	0	0	2	1	0	38	0	1	0	0	634
Fetchcomms	1209	20	4	0	16	1	1	16	0	2	0	13	1282
Feydey	7836	43	0	0	78	19	10	213	4	3	0	0	8206
Filelakeshoe	250	7	0	0	8	2	3	82	4	1	0	8	365
Filiocht	851	2	0	0	3	5	0	36	0	0	0	0	897
Finlay McWalter	367	3	0	0	21	6	2	435	19	1	0	0	854
Fir0002	21	0	0	0	0	0	0	1	0	0	0	0	22
Firsfron	1623	10	8	0	170	7	7	300	32	0	0	1	2158
Fish and karate	9158	209	0	0	372	21	20	635	375	1	0	11	10802
FisherQueen	7698	20	2	0	329	7	14	1821	49	198	0	0	10138
Fishhead64	24	1	0	0	0	0	0	27	0	0	0	0	52
Fl	522	7	2	0	2150	3	21	129	2	4	0	16	2856
Flcelloguy	855	42	0	0	775	720	0	268	40	0	0	0	2700
FloNight	487	5	29	17	63	6	3	153	18	0	0	1	782
Flockmeal	146	1	0	0	1	0	0	14	0	0	0	0	162
Floquenbeam	285	20	5	0	50	7	14	421	16	49	0	4	871
Flowerparty	1957	59	0	0	19	3	0	29	0	0	0	0	2067
Flucky	0	0	0	0	1	0	0	0	0	0	0	0	1
Flyguy649	1737	27	0	0	252	12	35	1174	39	24	0	1	3301
FlyingToaster	59	1	0	0	0	1	0	1	0	2	0	2	66
Formeruser-81	44	0	0	0	21	3	0	25	20	0	0	0	113
Formeruser-82	199	24	0	0	45	24	0	121	25	0	0	0	438
Fox	1107	43	1	0	52	7	11	156	17	7	0	8	1409
Fram	9364	201	3	0	208	6	35	433	8	6	0	0	10264
Fran Rogers	14898	118	0	0	328	26	47	3920	822	2371	0	7	22537
Franamax	12	4	0	0	4	0	0	26	3	2	0	1	52
FrancisTyers	172	5	0	0	20	7	0	67	15	0	0	0	286
Francs2000	10097	74	0	0	122	17	0	574	21	0	0	12	10917
Frank	4905	48	0	0	54	2	6	232	10	9	0	6	5272
Frazzydee	384	15	0	0	65	34	0	29	13	1	0	6	547
Freakofnurture	9841	927	0	0	551	96	5	10422	1134	0	0	0	22976
Fred Bauder	190	50	373	7	117	33	1	340	232	61	0	44	1448
Fred J	1431	16	0	0	12	7	0	36	1	0	0	0	1503
Fredrik	209	3	0	0	1	0	0	40	1	0	0	0	254
Freestylefrappe	14	0	0	0	4	1	0	48	1	0	0	0	68
FreplySpang	6790	37	0	0	35	5	0	776	47	0	0	0	7690
Fribbler	551	4	0	0	10	0	3	3	2	1	0	2	576
Friday	9895	97	0	0	55	22	3	413	40	0	0	12	10537
Fritzpoll	1121	28	1	0	44	3	7	69	11	5	0	32	1321
Fropuff	28	1	0	0	2	0	0	2	0	0	0	0	33
Fuhghettaboutit	7489	169	7	0	213	10	0	448	9	19	0	5	8369
Func	9	0	0	0	14	1	0	1215	124	0	0	0	1363
Furrykef	110	11	0	0	0	1	0	1	0	0	0	0	123
Future Perfect at Sunrise	4002	185	2	0	591	52	45	2038	311	45	0	12	7283
Fuzheado	886	21	0	0	64	13	3	576	42	0	0	0	1605
Fvasconcellos	1690	122	0	0	223	19	49	166	7	2	0	3	2281
Fvw	2867	41	0	0	28	17	0	2226	3509	31	0	0	8719
Fys	802	7	0	0	29	13	0	168	40	0	0	0	1059
G-Man	112	33	0	0	10	5	0	12	1	0	0	0	173
G.A.S	71	5	1	0	1	0	0	1	0	0	0	0	79
GDonato	3053	35	17	0	298	19	21	434	41	2	0	11	3931
GRBerry	1667	195	0	0	53	20	1	113	10	0	0	0	2059
GTBacchus	4312	319	0	0	19	13	0	178	14	0	0	0	4855
Gabbe	643	0	0	0	1	1	2	22	3	0	0	0	672
Gadfium	2129	37	1	0	78	13	5	3494	183	8	0	10	5958
Gadget850	494	32	0	0	7	1	1	1	0	0	0	0	536
Gaillimh	27	13	0	0	13	2	0	35	7	0	0	0	97
Gaius Cornelius	23	0	0	0	1	0	0	71	3	0	0	0	98
Galwhaa	235	6	0	0	2	0	0	11	3	0	0	0	257
Gamaliel	1562	112	0	0	192	73	11	1113	169	8	0	0	3240
Ganeshk	964	136	0	0	11	7	0	20	10	0	0	0	1148
Garion96	13359	335	0	0	73	12	7	228	9	3	0	7	14033
Garzo	354	4	0	0	42	5	2	444	8	0	0	0	859
Gatoclass	133	2	0	0	52	28	1	1	0	0	0	0	217
Gator1	172	15	0	0	55	3	0	183	26	0	0	0	454
Gazimoff	327	3	0	0	5	2	1	73	2	1	0	2	416
Gdr	337	10	0	0	47	45	0	5	0	0	0	0	444
Ged UK	3976	43	3	0	981	26	157	474	2	28	0	3	5693
GeeJo	716	9	0	0	64	33	0	4	0	0	0	0	826
GeneralPatton	25	0	0	0	3	3	0	13	3	0	0	0	47
Geni	10264	313	12	0	185	103	6	462	90	0	0	8	11443
Geniac	204	0	0	0	61	17	3	484	4	0	0	0	773
Gentgeen	99	6	0	0	2	0	1	35	4	0	0	0	147
Geogre	5178	12	0	0	21	2	0	221	16	1	0	0	5451
Geometry guy	259	26	0	0	2	1	3	3	0	2	0	24	320
Georgewilliamherbert	74	120	0	0	214	5	25	1254	107	30	0	1	1830
Gerald Farinas	65	0	0	0	3	4	1	4	1	0	0	0	78
Geschichte	6986	88	0	0	3	0	0	19	6	0	0	0	7102
Getluv	0	0	0	0	1	0	0	0	0	0	0	0	1
Gilliam	1047	4	0	0	131	24	17	7031	15	11	0	0	8280
Gimmetrow	948	70	0	0	275	3	109	606	30	19	0	10	2070
Ginkgo100	963	17	0	0	38	13	0	527	14	0	0	2	1574
Gladys j cortez	5	0	0	0	24	2	2	86	4	7	0	0	130
GlassCobra	2589	67	0	0	83	8	11	1467	14	11	0	9	4259
Glen	1641	83	0	0	182	17	1	4516	198	0	0	0	6638
Gnangarra	1711	35	0	0	203	19	6	252	40	1	0	2	2269
Gnasher29	0	0	0	0	1	0	0	0	0	0	0	0	1
Goatasaur	16	2	0	0	1	1	0	2	0	0	0	0	22
Gogo Dodo	39040	124	97	0	940	8	128	4924	41	183	0	1	45486
Golbez	5742	85	0	0	227	81	20	1416	166	11	0	2	7750
Goldom	1941	7	0	0	8	0	0	50	4	0	0	0	2010
GoneAwayNowAndRetired	149	4	0	0	135	4	41	89	3	12	0	2	439
Gonzo fan2007	3778	80	0	0	405	38	66	240	21	0	0	9	4637
Good Olfactory	9852	475	0	0	65	16	3	93	7	5	0	0	10516
Goodnightmush	626	1	0	0	13	1	4	105	1	0	0	0	751
Goodoldpolonius2	1	0	0	0	4	2	0	27	0	0	0	0	34
GorillaWarfare	115	5	0	0	0	0	0	32	2	5	0	0	159
Graeme Bartlett	9452	158	16	0	121	3	14	475	1	25	0	11	10276
GraemeL	971	6	0	0	59	28	2	1177	87	3	0	0	2333
Graft	3	1	0	0	1	1	2	0	0	0	0	0	8
Graham87	7240	12051	0	0	162	7	25	236	9	7	0	5	19742
GrahamColm	56	2	3	0	14	3	3	30	4	0	0	0	115
Grandmasterka	3067	37	0	0	122	12	2	530	30	1	0	3	3804
Grant65	6	6	0	0	2	1	0	3	0	0	0	0	18
Greeves	323	5	0	0	6	2	0	26	0	0	0	7	369
GregAsche	239	1	0	0	13	17	0	152	9	0	0	0	431
GregRobson	1	0	0	0	0	0	0	0	0	0	0	0	1
Grenavitar	866	32	0	0	3	2	0	41	7	0	0	1	952
Grendelkhan	38	2	0	0	0	0	0	4	0	0	0	0	44
Grm wnr	533	6	0	0	4	2	0	38	5	0	0	0	588
Grossmünster	0	0	0	0	1	0	0	0	0	0	0	0	1
Ground Zero	66	0	0	0	29	6	4	42	0	4	0	0	151
Grue	206	103	0	0	10	18	0	25	7	0	0	0	369
Grunt	86	5	0	0	4	2	0	10	2	0	0	0	109
Grutness	2511	107	0	0	92	11	3	26	16	0	0	0	2766
Gryffindor	117	8	0	0	5	0	0	1	1	0	0	0	132
Gtrmp	403	12	0	0	3	0	0	1	0	0	0	0	419
Guanaco	513	188	0	0	40	42	0	387	257	0	0	0	1427
Guettarda	209	76	0	0	47	29	7	72	18	0	0	1	459
Guillom	4	0	0	0	0	0	0	0	0	0	0	0	4
Gurch	36411	1467	0	0	76	22	0	695	17	0	0	0	38688
Gurubrahma	309	6	0	0	144	93	0	39	2	0	0	0	593
Gutza	12	1	0	0	2	1	2	5	3	0	0	0	26
Gwalla	965	10	0	0	2	1	0	82	8	0	0	0	1068
Gwen Gale	7238	244	31	0	575	43	52	1197	164	74	0	10	9628
Gwernol	3832	26	0	0	344	45	11	4359	157	0	0	0	8774
Gyrofrog	186	14	0	0	15	2	2	294	14	4	0	0	531
H	6668	26	0	0	96	39	0	1080	129	0	0	0	8038
HJ Mitchell	2871	65	196	0	851	25	204	1033	15	53	0	380	5693
Hadal	1484	0	0	0	6	7	0	316	3	0	0	0	1816
Haemo	2305	14	0	0	69	7	18	226	43	0	0	0	2682
Hajor	163	7	0	0	13	12	0	16	1	0	0	0	212
Hall Monitor	460	12	0	0	270	32	1	2964	235	0	0	0	3974
Hamster Sandwich	3	1	0	0	1	0	0	26	3	3	0	0	37
Happy-melon	2552	61	47	5	204	53	21	0	0	0	0	5	2948
HappyCamper	4332	105	0	0	121	87	0	586	458	0	0	0	5689
Happyme22	572	9	0	0	44	1	7	11	0	0	0	0	644
Harej	2820	77	0	0	146	47	8	38	22	2	0	9	3169
Harold Oxley	0	0	0	0	2	0	0	0	0	0	0	0	2
Harro5	4810	33	0	0	72	4	0	168	10	0	0	0	5097
Harryboyles	2379	2	0	0	10	1	0	4	1	0	0	0	2397
Hashar	19	0	0	0	0	0	0	0	0	0	0	0	19
Hatricide	0	0	0	0	1	0	0	0	0	0	0	0	1
Haukurth	1199	68	0	0	15	34	0	81	13	0	0	3	1413
Hawkeye7	1	0	0	0	0	0	0	0	0	0	0	0	1
Hawstom	3	0	0	0	5	1	0	6	1	0	0	0	16
Hbdragon88	676	7	0	0	7	1	2	2	0	0	0	0	695
Hcheney	20	0	0	0	0	0	0	15	0	0	0	0	35
Hdt83	25	1	0	0	9	2	0	76	2	0	0	1	116
Heah	782	14	0	0	17	6	0	92	9	0	0	0	920
Heimstern	457	19	0	0	99	8	7	941	38	7	0	0	1576
Hemanshu	447	5	0	0	0	0	0	5	0	0	0	0	457
Hemlock Martinis	821	44	0	0	28	2	5	84	8	0	0	0	992
Henrik	531	33	0	0	48	15	7	198	34	2	0	5	873
Henry Flower	126	4	0	0	18	10	0	214	8	0	0	0	380
Henrygb	1491	36	0	0	6	3	0	21	0	0	0	0	1557
Hephaestos	1	2	0	0	3	2	0	0	0	0	0	0	8
Herbythyme	3022	11	0	0	45	2	6	515	25	7	0	1	3634
HereToHelp	154	5	0	0	50	15	3	17	3	0	0	0	247
Hermione1980	501	4	0	0	4	3	1	11	2	0	0	0	526
Hernando Magallanes	0	0	0	0	4	0	0	0	0	0	0	0	4
Heron	24	2	0	0	0	0	0	54	4	0	0	0	84
Herostratus	5337	79	0	0	18	5	0	70	6	0	0	0	5515
Hersfold	3327	70	2	0	997	20	361	1325	222	156	0	58	6538
Hesperian	2301	201	0	0	98	18	4	362	55	1	0	2	3042
Hiberniantears	969	8	0	0	67	4	22	1021	24	8	0	2	2125
Hiding	1869	138	0	0	35	25	1	52	14	0	0	4	2138
Hit bull, win steak	199	9	0	0	2	0	0	33	0	1	0	0	244
Hmhur	0	0	0	0	1	0	0	0	0	0	0	0	1
Hmwith	5442	52	3	0	43	2	1	69	4	3	0	1	5620
Hoary	448	18	0	0	86	6	9	261	10	2	0	0	840
Horologium	562	4	1	0	131	4	37	85	2	7	0	1	834
HorsePunchKid	189	0	0	0	0	0	0	0	0	0	0	0	189
HowDumbAreYou	0	0	0	0	1	0	0	0	0	0	0	0	1
Howcheng	19067	266	6	3	69	101	2	78	11	0	0	1	19604
Hu12	1469	56	0	0	368	14	3	1064	37	1	0	2	3014
Humblefool	597	11	0	0	3	2	0	4	2	0	0	0	619
Humus sapiens	73	2	0	0	64	4	0	124	12	0	0	0	279
Huntster	564	43	6	0	44	5	2	34	0	3	0	0	701
Hurricanehink	228	2	0	0	0	0	0	7	0	0	0	0	237
Husnock	59	1	0	0	22	8	0	27	9	0	0	0	126
Husond	1249	11	0	0	423	39	22	1155	40	0	0	1	2940
Hut 8.5	6197	69	0	0	631	18	37	1219	17	5	0	20	8213
Hyacinth	1014	14	0	0	0	1	0	6	1	0	0	0	1036
IMatthew	0	0	0	0	1	0	0	0	0	0	0	0	1
Ian Dalziel	0	0	0	0	1	0	0	0	0	0	0	0	1
Ian13	1951	52	0	0	30	8	2	72	21	0	0	0	2136
IanManka	1212	236	0	0	73	11	7	225	26	2	0	0	1792
Ianblair23	133	40	0	0	1	3	0	0	0	0	0	0	177
Icairns	315	7	0	0	4	4	0	4379	69	2	0	0	4780
Ice Cold Beer	1457	11	0	0	10	3	2	321	11	6	0	0	1821
IceKarma	1743	8	0	0	2	2	0	0	1	0	0	0	1756
Icestorm815	1630	30	3	0	107	7	75	470	12	24	0	7	2365
Idont Havaname	159	5	0	0	3	2	0	48	0	0	0	0	217
Ihcoyc	314	5	0	0	35	0	1	1	0	0	0	0	356
Ike9898	304	3	0	0	5	1	1	30	3	0	0	0	347
Ikiroid	62	5	0	0	6	0	0	20	1	0	0	0	94
Ilmari Karonen	1081	641	0	0	32	2	1	212	32	0	0	1	2002
Ilyanep	153	2	0	0	6	2	0	32	7	0	15	18	235
Improv	1233	9	0	0	188	11	0	79	15	0	0	0	1535
Imran	1	0	0	0	0	0	0	1	0	0	0	0	2
Imzadi1979	0	0	0	0	0	0	0	0	0	0	0	1	1
InShaneee	3951	20	0	0	91	5	0	528	56	0	0	0	4651
Infrogmation	4707	95	0	0	142	8	4	6462	116	9	2	1	11546
Inter	649	4	0	0	6	1	0	181	10	0	0	0	851
Interiot	1319	23	0	0	14	8	0	11	1	0	0	0	1376
Ioeth	2925	56	1	0	141	32	15	1900	43	10	0	13	5136
Iridescent	3436	82	0	0	125	10	37	860	44	9	0	8	4611
Irina Spalko	0	0	0	0	1	0	0	0	0	0	0	0	1
Irishguy	11708	25	0	0	107	3	0	1413	14	0	0	0	13270
IronGargoyle	4354	295	8	0	92	23	9	266	2	2	0	0	5051
Ish ishwar	46	3	0	0	1	0	0	11	1	0	0	0	62
Islander	684	23	0	0	109	1	6	80	5	1	0	4	913
Isomorphic	213	0	0	0	1	0	0	14	1	0	0	0	229
Isotope23	2009	23	0	0	124	33	10	490	59	0	0	0	2748
It Is Me Here	234	3	0	0	13	2	0	9	3	1	0	4	269
Ixfd64	3614	98	0	0	74	319	11	1350	3741	11	0	5	9223
Izehar	148	3	0	0	18	21	0	89	20	0	0	0	299
J Di	1548	57	0	0	75	32	0	581	44	0	0	0	2337
J Greb	3957	174	11	0	158	2	24	93	3	12	0	0	4434
J Milburn	8360	183	3	0	64	7	23	91	0	0	0	14	8745
J-stan	178	7	0	0	7	3	4	76	6	0	0	24	305
J.J.	1	2	0	0	0	0	0	1	0	0	0	0	4
J.delanoy	8755	262	23	0	822	32	250	18560	261	973	0	92	30030
J.smith	1177	50	1	0	27	7	2	240	43	0	0	0	1547
J04n	217	3	2	0	3	1	0	3	0	0	0	0	229
JCarriker	122	29	0	0	9	4	0	61	13	0	0	0	238
JDoorjam	1760	47	0	0	100	18	3	121	21	0	0	0	2070
JForget	8211	115	2	0	493	506	190	1756	13	17	0	0	11303
JGHowes	306	19	0	0	34	0	5	94	1	5	0	0	464
JHunterJ	1429	144	1	0	11	2	3	21	2	0	0	0	1613
JIP	8106	83	0	0	25	4	1	150	3	0	0	0	8372
JLaTondre	14236	73	0	0	36	4	0	1295	15	0	0	0	15659
JPD	622	5	0	0	2	2	0	19	1	0	0	0	651
JPG-GR	7065	75	0	0	14	2	0	22	0	0	0	0	7178
JRM	174	9	0	0	11	17	0	15	28	0	0	0	254
JWSchmidt	43	2	0	0	13	6	0	58	1	0	0	1	124
JYolkowski	2375	20	0	0	11	27	0	139	9	1	0	0	2582
JaGa	0	0	0	0	1	0	0	0	0	0	0	0	1
Jac16888	18896	73	12	0	81	6	15	372	16	526	0	19	20016
Jacoplane	327	33	0	0	94	50	4	159	11	0	0	0	678
Jafeluv	2530	89	9	0	7	4	0	36	0	0	0	0	2675
Jake Nelson	21	1	0	0	0	0	0	1	0	0	0	0	23
Jake Wartenberg	1976	93	2	0	113	9	11	493	31	30	0	53	2811
James086	4108	26	0	0	17	1	2	343	12	0	0	1	4510
JamesBWatson	2931	38	5	0	65	0	11	541	10	32	0	4	3637
JamesR	1156	8	0	0	55	5	11	105	10	1	0	3	1354
JamesTeterenko	222	2	0	0	27	18	0	160	4	0	0	0	433
Jamesday	6	7	0	0	2	0	0	6	1	0	0	0	22
Jamesofur	120	22	36	0	20	5	13	87	12	9	0	16	340
JamieS93	9362	80	2	0	174	19	46	137	2	11	0	49	9882
Jaranda	17921	149	0	0	323	98	2	1208	229	0	0	0	19930
Jarry1250	737	11	1	0	13	1	2	33	1	3	0	3	805
Jasonbres	0	0	0	0	1	0	0	0	0	0	0	0	1
Jauerback	1293	8	6	0	59	10	7	1009	59	12	0	5	2468
Jaxl	1604	10	0	0	3	1	0	36	0	0	0	0	1654
Jay	19	10	0	0	0	0	0	0	0	0	0	0	29
Jayjg	2548	183	3	2	462	69	3	2052	230	24	0	0	5576
Jayron32	1586	27	3	0	342	9	44	1694	220	89	0	20	4034
Jbmurray	89	8	0	0	7	6	0	18	1	0	0	0	129
Jc37	1453	101	0	0	41	9	9	60	7	1	0	1	1682
Jclemens	17928	183	6	0	220	5	4	728	5	32	0	10	19121
Jcw69	67	1	0	0	0	0	0	108	3	0	0	0	179
Jdavidb	81	0	0	0	13	2	0	48	2	0	0	0	146
Jdforrester	393	55	7	1	23	7	0	48	12	0	0	1	547
JeLuF	150	4	0	0	2	0	0	2	1	0	0	4	163
Jedi6	16	0	0	0	2	3	0	10	1	0	0	0	32
Jeepday	546	9	0	0	16	1	0	584	8	5	0	0	1169
Jeffrey O. Gustafson	14386	197	0	0	469	28	37	727	107	0	0	1	15952
Jehochman	175	26	6	0	106	14	15	528	89	13	0	1	973
Jengod	127	0	0	0	7	0	0	0	0	0	0	0	134
Jennavecia	4317	517	0	0	284	29	58	438	49	1	0	13	5706
JeremyA	2128	18	1	0	38	16	0	284	14	1	0	0	2500
Jerry	3519	201	0	0	99	14	1	73	10	0	0	3	3920
Jersey Devil	559	10	0	0	28	6	2	199	18	0	0	0	822
Jersyko	578	1	0	0	52	10	5	116	6	0	0	0	768
Jerzy	323	172	0	0	4	0	0	113	5	3	0	0	620
Jesse Viviano	1763	76	0	0	11	5	2	370	63	9	0	0	2299
JesseW	29055	129	0	0	37	8	0	78	21	0	0	1	29329
Jfdwolff	448	42	0	0	111	16	8	272	19	0	0	1	917
Jiang	381	19	0	0	17	5	0	91	3	0	0	0	516
Jimbo Wales	301	17	2	0	43	13	4	80	41	0	0	9	510
Jimfbleak	33715	147	0	0	834	39	4	1517	234	2	0	0	36492
Jimregan	3	0	0	0	0	0	0	0	0	0	0	0	3
Jimtinman3909	0	0	0	0	1	0	0	0	0	0	0	0	1
Jingiby	0	0	0	0	1	0	0	0	0	0	0	0	1
Jinian	1876	5	0	0	9	3	0	0	0	0	0	0	1893
Jitse Niesen	628	24	0	0	14	9	2	35	4	0	0	0	716
Jj137	5103	59	0	0	286	30	49	877	20	0	0	33	6457
Jkelly	3628	61	0	0	35	17	0	188	12	0	0	0	3941
Jmabel	188	35	0	0	8	7	0	132	5	0	0	0	375
Jmh649	8	0	0	0	0	0	0	0	0	0	0	0	8
Jmlk17	12343	74	4	0	1119	55	119	2196	52	4	0	0	15966
Jnc	1906	158	0	0	114	34	0	46	20	0	0	0	2278
Jni	19112	26	0	0	24	4	0	199	2	0	0	0	19367
Jnothman	62	1	0	0	1	0	0	1	1	0	0	0	66
JoJan	8540	53	0	0	122	2	7	1461	9	4	0	2	10200
JoanneB	1181	48	0	0	51	22	0	816	105	0	0	0	2223
JodyB	1936	39	0	0	27	4	6	322	22	3	0	2	2361
Joe Beaudoin Jr.	545	1	0	0	17	3	0	68	2	0	0	0	636
Joe Decker	6	0	0	0	0	0	0	0	0	0	0	0	6
Joelr31	661	12	0	0	9	8	0	83	1	0	0	0	774
Jogers	91	0	0	0	0	0	0	0	0	0	0	0	91
Johan Elisson	352	14	0	0	11	4	0	42	5	0	0	0	428
Johann Wolfgang	58	2	0	0	2	1	0	58	1	0	0	0	122
John	2783	22	0	0	108	5	9	1379	25	4	0	6	4341
John Carter	335	3	0	0	22	2	2	43	4	18	0	3	432
John K	198	33	0	0	4	3	0	8	4	0	0	0	250
John Reaves	11925	176	0	0	420	161	44	2265	228	1	0	49	15269
John Vandenberg	961	228	109	11	103	21	25	203	38	4	0	20	1723
JohnCD	14457	238	21	0	72	2	5	1368	10	33	0	3	16209
JohnOwens	6	0	0	0	0	1	0	0	0	0	0	0	7
Johnleemk	1752	20	0	0	6	3	0	240	20	0	0	0	2041
Johntex	131	28	0	0	27	4	1	180	11	0	0	0	382
Joke137	15	0	0	0	1	1	0	29	3	0	0	0	49
Jon513	1326	20	0	0	3	0	0	43	1	0	0	2	1395
JonMoore	39	1	0	0	2	2	0	0	0	0	0	0	44
Jonathunder	150	13	0	0	11	1	1	70	3	0	0	1	250
Jondel	245	1	0	0	33	8	1	75	1	0	0	0	364
Jonny-mt	1029	40	0	0	67	5	10	217	15	0	0	8	1391
Joolz	244	3	0	0	0	1	0	0	1	0	0	0	249
Josephjames21	0	0	0	0	1	0	0	0	0	0	0	0	1
Josh Grosse	38	2	0	0	0	0	0	0	0	0	0	0	40
Joshbuddy	22	0	0	0	0	0	0	5	0	0	0	0	27
JoshuaZ	597	51	0	0	102	13	0	627	71	0	0	0	1461
Josiah Rowe	118	25	0	0	77	12	0	335	19	0	0	0	586
Jossi	760	34	0	0	356	95	28	2058	77	2	0	1	3411
Journalist	405	7	0	0	53	20	9	133	15	4	0	4	650
Joy	353	117	3	0	26	7	1	4	0	0	0	0	511
Joyous!	8435	13	0	0	133	50	0	453	18	0	0	0	9102
Jpgordon	1090	22	1	0	213	18	10	3898	354	156	0	4	5766
Jrdioko	429	0	0	0	0	0	0	18	0	0	0	0	447
Jredmond	649	12	0	0	37	4	2	208	10	19	0	1	942
Jreferee	1375	49	0	0	144	6	27	36	4	0	0	0	1641
Jtdirl	112	30	0	0	118	44	0	433	29	0	0	0	766
Jtkiefer	870	100	0	0	53	15	0	403	85	0	0	0	1526
Judas Preist is effin awsome	0	0	0	0	2	0	0	0	0	0	0	0	2
Jujutacular	481	4	4	0	6	0	1	36	1	2	0	5	540
Juliancolton	17537	313	3	0	660	37	238	2912	51	36	0	425	22212
Jusjih	1465	88	0	0	9	1	1	5	0	0	0	0	1569
Justinc	520	2	0	0	0	0	0	0	0	0	0	0	522
Jwrosenzweig	40	0	0	0	1	0	0	7	0	0	0	1	49
Jyothis	2	2	0	0	0	0	0	36	0	0	0	0	40
JzG	12011	275	32	0	791	38	21	1474	93	12	0	0	14747
Jza84	346	1	0	0	69	1	6	149	6	1	0	6	585
Jéské Couriano	697	127	33	0	991	189	295	1328	138	208	0	10	4016
K1Bond007	354	8	1	0	3	3	0	37	4	0	0	0	410
KF	511	16	0	0	2	0	0	1	0	0	0	0	530
KFP	779	145	2	0	243	4	2	69	11	0	0	1	1256
Kafziel	2098	33	0	0	221	24	28	1485	60	11	0	8	3968
Kaihsu	348	27	0	0	11	6	0	128	15	0	0	0	535
Kaiser matias	47	4	0	0	5	0	0	16	0	0	0	0	72
Kaisershatner	70	0	0	0	14	3	2	482	16	0	0	0	587
Kakofonous	66	3	0	0	5	1	0	4	1	0	0	1	81
Kaldari	296	31	0	0	69	19	14	78	13	3	0	0	523
Kane5187	241	6	0	0	1	0	0	1	0	0	0	0	249
Kanonkas	615	27	2	0	86	12	58	1285	67	507	0	20	2679
Karada	630	16	0	0	49	8	1	575	23	2	0	0	1304
Karanacs	724	12	0	0	16	0	2	16	0	2	0	426	1198
Karl Dickman	2790	41	0	0	9	8	0	33	10	0	0	0	2891
Karmafist	165	35	0	0	15	5	0	160	21	0	0	0	401
Katefan0	841	20	0	0	212	128	0	351	52	0	0	0	1604
Kateshortforbob	658	3	4	0	20	2	1	45	3	1	0	2	739
Kathryn NicDhàna	59	0	0	0	11	1	0	7	1	0	0	0	79
Kbdank71	22396	57	0	0	44	2	0	357	13	7	0	1	22877
Kbh3rd	112	10	0	0	23	0	1	1162	47	12	0	0	1367
Kbthompson	151	26	0	0	25	1	1	136	2	0	0	4	346
Kcordina	1220	41	0	0	9	0	0	168	7	0	0	0	1445
Keegan	3884	158	99	160	115	21	15	276	39	6	0	26	4799
Keenan Pepper	299	1	0	0	3	0	0	11	0	0	0	0	314
Keeper76	3099	79	0	0	67	12	10	90	14	0	0	22	3393
Keilana	1635	51	0	0	72	12	9	615	19	0	0	11	2424
Keith D	1160	632	10	0	167	0	14	62	1	0	0	7	2053
Kelly Martin	736	56	0	0	27	11	0	413	60	0	0	0	1303
Kevin	4045	89	0	0	207	10	44	628	30	9	0	7	5069
Khaosworks	330	12	0	0	10	4	0	162	80	0	0	0	598
Khendon	3	0	0	0	1	2	0	0	0	0	0	0	6
Khoikhoi	1200	298	0	0	596	224	12	1776	147	3	0	1	4257
Khukri	1059	12	0	0	60	7	3	445	14	1	0	0	1601
Khym Chanur	0	0	0	0	6	0	0	0	0	0	0	0	6
Kicking222	538	1	0	0	0	0	0	0	0	0	0	0	539
KieferSkunk	762	11	0	0	3	0	3	15	3	0	0	0	797
KillerChihuahua	1241	37	0	0	109	12	12	414	30	8	0	0	1863
Killervogel5	34	0	0	0	18	0	3	24	0	0	0	0	79
Killiondude	2789	66	5	0	75	6	23	223	2	20	0	20	3229
Kilo-Lima	1207	2	0	0	36	9	0	668	69	0	0	0	1991
Kim Bruning	49	5	0	0	11	3	0	33	14	0	0	0	115
Kim Dent-Brown	284	1	0	0	17	2	0	3	1	0	0	0	308
Kimchi.sg	43959	737	0	0	550	118	22	2204	211	22	0	0	47823
KimvdLinde	899	56	7	0	68	23	2	48	7	1	0	0	1111
King of Hearts	6155	195	6	0	495	83	43	1806	552	15	0	16	9366
Kingboyk	3145	316	0	0	103	12	0	214	24	0	0	2	3816
Kingpin13	522	3	13	0	3	0	5	179	2	7	0	8	742
Kingturtle	1137	31	0	0	175	14	28	339	10	7	1519	77	3337
Kinu	8559	50	0	0	488	21	9	850	63	19	0	0	10059
Kirill Lokshin	1988	52	0	0	24	2	6	162	15	0	0	1	2250
Kizor	64	253	0	0	9	8	2	26	3	0	0	0	365
Kjkolb	529	14	0	0	1	1	0	138	8	0	0	0	691
Kmccoy	201	5	0	0	23	3	4	44	9	5	0	4	298
KnightLago	1063	54	5	3	208	16	39	892	96	11	0	1	2388
Knowledge Seeker	115	32	0	0	19	19	0	110	75	0	0	0	370
KnowledgeOfSelf	1671	27	0	0	261	27	17	5512	114	0	0	0	7629
Konstable	1080	91	0	0	97	25	0	435	135	0	0	0	1863
Kosebamse	335	0	0	0	1	0	0	10	0	0	0	0	346
Kotra	28	2	0	0	2	1	0	3	0	0	0	0	36
Kpjas	121	0	0	0	2	0	0	1	0	0	0	0	124
KrakatoaKatie	3346	70	0	0	99	5	17	319	16	0	0	3	3875
Kralizec!	867	101	0	0	893	204	121	3881	43	41	0	14	6165
Ktsquare	11	0	0	0	0	0	0	0	1	0	0	0	12
Kubigula	9018	40	2	0	124	9	1	624	20	2	0	0	9840
Kukini	920	11	0	0	50	2	2	3481	4	2	0	0	4472
Kungfuadam	16119	264	0	0	186	39	0	2570	245	0	0	0	19423
Kurt Shaped Box	2131	20	0	0	139	9	34	1883	20	16	0	0	4252
Kuru	2288	9	5	0	285	10	9	4886	76	203	0	20	7791
Kurykh	6252	108	3	0	187	19	42	601	72	4	0	5	7293
Kusma	11437	101	0	0	173	36	10	957	31	7	0	8	12760
Kwamikagami	963	60	11	0	153	11	23	262	19	14	0	0	1516
Kwsn	1721	13	0	0	47	4	17	220	32	0	0	0	2054
Kww	206	8	14	0	387	3	68	259	15	19	0	1	980
Kyle Barbour	477	117	0	0	2	0	0	46	11	0	0	0	653
Kylu	1427	44	0	0	191	12	25	246	26	0	0	35	2006
Kyorosuke	1026	46	0	0	43	23	0	174	47	0	0	0	1359
Kzollman	125	34	0	0	1	0	0	2	1	0	0	0	163
L'Aquatique	667	10	0	0	21	3	13	46	8	0	0	3	771
LAX	221	3	0	0	3	4	1	95	1	0	0	4	332
LFaraone	291	7	0	0	12	2	2	9	0	0	0	2	325
La goutte de pluie	605	30	0	0	32	17	2	185	37	0	0	0	908
Lachatdelarue	237	7	0	0	0	1	0	6	1	0	0	0	252
Lacrimosus	222	3	0	0	17	1	0	44	1	0	0	0	288
LadyofShalott	1883	31	0	0	34	4	1	98	6	2	0	2	2061
Lankiveil	1237	30	2	0	22	0	6	163	5	15	0	1	1481
Lar	985	118	3	0	123	29	13	594	46	4	0	12	1927
Larry V	272	11	0	0	1	1	0	2	0	0	0	0	287
Laser brain	204	2	0	0	3	1	0	17	2	1	0	0	230
Laurascudder	849	4	0	0	3	2	0	9	1	0	0	0	868
Law	361	20	0	0	15	2	1	205	6	5	0	1	616
Lazulilasher	212	10	0	0	16	4	5	59	1	2	0	2	311
LeaveSleaves	0	0	0	0	6	0	0	0	0	0	0	0	6
Lectonar	18352	79	2	0	275	152	91	414	9	10	0	0	19384
Leebo	547	11	0	0	16	0	0	128	7	0	0	0	709
Leinad	5	0	1	0	0	0	0	0	0	0	0	0	6
Leithp	367	22	0	0	6	1	0	329	12	0	0	0	737
Lenticel	241	5	0	0	1	0	0	0	0	0	0	0	247
Leonard^Bloom	476	0	0	0	15	0	1	9	1	2	0	7	511
LessHeard vanU	604	61	38	0	317	16	44	3179	88	43	0	0	4390
Lethe	35	14	0	0	4	3	0	34	16	0	0	0	106
Lexi Marie	642	28	0	0	42	25	0	157	52	0	0	0	946
Lexicon	170	23	0	0	10	3	1	57	5	0	0	0	269
Lexor	40	0	0	0	0	0	0	0	0	0	0	0	40
Lid	2471	11	0	0	17	0	0	49	0	0	0	0	2548
Lifebaka	2883	159	1	0	44	11	10	156	12	8	0	2	3286
Lightdarkness	1528	18	0	0	5	3	0	183	19	0	0	0	1756
Ligulem	4947	12	0	0	749	660	0	150	6	0	0	0	6524
LinguistAtLarge	176	2	0	0	1	0	0	0	0	0	0	2	181
Linuxbeak	339	5	0	0	64	17	0	389	34	0	20	15	883
Lipinki	0	0	0	0	2	0	0	0	0	0	0	0	2
LiquidGhoul	27	1	0	0	1	0	0	0	0	0	0	0	29
LittleDan	34	1	0	0	1	2	0	4	0	0	0	0	42
Llywrch	168	16	0	0	21	6	1	31	8	1	0	2	254
Lommer	737	2	0	0	1	2	0	1	0	0	0	0	743
Lomn	25	0	0	0	3	2	1	12	1	0	0	0	44
Longhair	5717	10	0	0	124	38	3	1680	41	1	0	4	7618
Lord Emsworth	2	0	0	0	0	0	0	0	0	0	0	0	2
Lord Voldemort	182	1	0	0	9	26	0	4	4	0	0	0	226
LordAmeth	52	1	0	0	0	0	0	0	0	0	0	0	53
Loren36	76	1	0	0	12	4	1	302	20	0	0	0	416
Lostintherush	797	7	0	0	27	6	2	112	6	0	0	0	957
LouI	35	1	0	0	0	0	0	0	0	0	0	0	36
Lowellian	295	87	0	0	8	1	2	0	0	0	0	0	393
Lquilter	23	1	0	0	0	0	0	6	0	0	0	0	30
Lradrama	181	2	0	0	0	0	0	201	15	0	0	1	400
Lucky 6.9	27946	129	0	0	766	50	0	1919	248	0	0	0	31058
Ludraman	16	3	0	0	2	2	0	4	0	0	0	0	27
Luigi30	3280	15	0	0	52	2	0	152	5	0	0	0	3506
Luis Hernández García	0	0	0	0	2	0	0	0	0	0	0	0	2
Luk	52052	221	6	0	623	26	128	4054	350	130	0	19	57609
Luna Santin	6263	103	27	1	1827	160	123	12732	1040	139	0	16	22431
Lupin	642	1	0	0	5	3	0	126	8	0	0	0	785
Lupo	1918	16	0	0	16	0	0	401	21	0	0	0	2372
Lyrl	263	1	0	0	0	1	0	5	0	0	0	0	270
M7	0	0	0	0	0	0	0	0	0	1	0	0	1
MBK004	791	21	0	0	156	5	21	380	17	11	0	25	1427
MBisanz	60359	695	2	0	533	20	83	1567	94	23	2185	477	66038
MBoarSidwell	0	0	0	0	1	0	0	0	0	0	0	0	1
MC MasterChef	103	0	0	0	0	0	0	35	4	0	0	0	142
MCB	1166	17	0	0	33	4	3	422	17	1	0	0	1663
MECU	5357	21	0	0	3	0	1	8	0	0	0	0	5390
MER-C	0	0	0	0	15	0	0	0	0	0	0	0	15
MGA73	2673	12	0	0	0	0	0	0	0	0	0	0	2685
MGodwin	3	0	0	0	0	0	0	0	0	0	0	0	3
MJCdetroit	104	6	0	0	28	3	11	5	0	0	0	0	157
MLauba	872	136	34	0	21	1	1	28	1	6	0	0	1100
MONGO	3035	27	0	0	116	35	0	396	39	0	0	0	3648
MPF	441	9	0	0	7	0	0	17	0	0	0	0	474
MPUploadBot	605	126	0	0	584	0	3	0	0	0	0	0	1318
MSGJ	1724	178	3	0	140	205	57	83	1	6	0	49	2446
MZMcBride	805733	586	0	0	7292	950	422	172	118	190	0	2	815465
MacGyverMagic	5629	110	0	0	195	106	3	281	33	0	0	0	6357
Mackensen	2517	108	0	0	71	7	1	1594	237	0	0	0	4535
Mackeriv	96	1	0	0	3	0	0	14	3	0	0	0	117
Madchester	518	15	0	0	131	18	6	245	10	0	0	0	943
Madman	873	61	0	0	24	5	4	140	16	3	0	0	1126
Maedin	316	256	3	0	3	2	0	10	1	1	0	14	606
Magioladitis	3599	21	0	0	30	4	5	67	5	2	0	0	3733
Magister Mathematicae	9606	93	0	0	179	38	1	4463	234	1	0	8	14623
Magnus Manske	907	4	0	0	1	1	0	14	0	0	0	0	927
Mahanga	906	10	0	0	25	1	9	62	3	0	0	0	1016
Mailer diablo	49325	247	22	302	157	15	3	261	16	2	0	1	50351
Mairi	766	5	0	0	3	2	0	5	0	0	0	0	781
Majorly	15244	506	0	0	548	104	7	660	39	0	0	10	17118
Makemi	4809	53	0	0	79	13	0	378	25	0	0	0	5357
Malcolm	1305	63	0	0	48	17	2	276	19	0	0	0	1730
Malcolm Farmer	776	3	0	0	0	0	0	24	1	0	0	0	804
Malcolmxl5	7305	50	9	0	235	8	14	36	1	3	0	2	7663
Malik Shabazz	5245	63	14	0	64	12	5	149	5	6	0	0	5563
Malinaccier	730	4	0	0	286	20	70	675	15	9	0	269	2078
Mallanox	1860	19	0	0	2	1	0	5	0	0	0	0	1887
Malo	3712	21	0	0	114	8	1	2255	246	0	0	0	6357
Mangojuice	4269	82	0	0	108	12	8	846	343	62	0	31	5761
Manning Bartlett	1403	12	0	0	8	1	10	31	5	1	0	3	1474
Marasmusine	4643	35	0	0	44	4	0	276	4	0	0	0	5006
Mardetanha	0	0	0	0	0	0	0	2	1	0	0	0	3
Marianocecowski	242	8	0	0	0	3	0	32	0	0	0	0	285
Marine 69-71	309	5	0	0	75	28	1	122	35	0	0	1	576
Mark	455	85	0	0	121	26	8	158	37	3	0	0	893
Mark Dingemanse	293	0	0	0	1	3	0	45	3	0	0	0	345
Mark Richards	0	0	0	0	0	0	0	0	5	0	0	0	5
Mark83	368	10	0	0	1	2	0	3	0	0	0	0	384
MarkGallagher	1932	27	0	0	81	61	0	116	26	0	0	0	2243
MarkSweep	1945	23	0	0	105	5	0	1133	41	0	0	0	3252
Markles	79	8	0	0	54	5	14	1	0	0	0	0	161
Marshman	25	0	0	0	0	0	0	30	2	0	0	0	57
Marskell	40	2	0	0	32	16	3	25	0	0	0	0	118
Martijn Hoekstra	1180	14	0	0	4	1	0	122	4	1	0	2	1328
MartinHarper	14	0	0	0	0	1	0	0	0	0	0	0	15
Martinp23	1390	89	0	0	228	31	4	359	71	2	0	4	2178
Martyman	132	2	0	0	2	0	0	36	1	0	0	0	173
Marudubshinki	4852	55	0	0	28	14	0	448	30	0	0	0	5427
Marumari	0	0	0	0	0	0	1	8	0	0	0	0	9
Masamage	841	16	0	0	16	2	3	19	1	0	0	0	898
Masem	103	19	1	0	10	0	2	17	0	0	0	0	152
MastCell	5585	76	0	0	555	23	51	1025	77	3	0	1	7396
Master Jay	196	8	0	0	84	7	1	304	36	0	0	0	636
Master Thief Garrett	1145	6	0	0	7	1	0	12	2	0	0	0	1173
Master of Puppets	2544	68	0	0	279	32	56	995	35	13	0	10	4032
Materialscientist	8485	73	40	0	754	5	72	10177	22	264	0	0	19892
Matilda	221	20	0	0	33	15	1	231	10	0	0	0	531
Matt Britt	5	2	0	0	2	0	0	1	0	0	0	0	10
Matt Crypto	132	23	0	0	38	22	0	174	18	0	0	0	407
Mattbr	2571	66	0	0	4	0	0	9	0	0	0	0	2650
Mattgirling	859	1	0	0	15	4	1	88	1	5	0	0	974
MatthewUND	53	1	0	0	0	0	0	5	0	0	0	0	59
Matthewedwards	2169	92	0	0	30	8	4	26	3	0	0	2	2334
Mattinbgn	1221	40	2	0	48	3	9	83	2	0	0	0	1408
Mattyb420	0	0	0	0	2	0	0	0	0	0	0	0	2
Maunus	5	0	0	0	18	1	4	13	1	2	0	0	44
Maury Markowitz	155	23	0	0	0	0	1	47	5	0	0	0	231
Mav	516	12	0	0	128	2	1	18	7	0	0	0	684
MaxSem	4846	23	0	0	167	25	7	343	96	3	0	14	5524
Maxim	110454	931	0	0	2480	276	563	2491	137	84	0	200	117616
Maxim's JS test account	0	0	0	0	1	0	0	0	0	0	0	0	1
Maximus Rex	68	0	0	0	0	0	0	0	0	0	0	0	68
Mazca	1299	11	2	0	44	3	15	614	11	25	0	22	2046
Mbecker	0	0	0	0	1	3	0	3	1	0	0	0	8
Mdale	3	0	0	0	0	0	0	0	0	0	0	0	3
Mdd4696	2234	8	0	0	31	8	0	89	4	0	0	0	2374
MediaWiki default	1310	0	0	0	0	0	0	0	0	0	0	0	1310
Meegs	8893	33	0	0	1	0	0	97	5	0	0	0	9029
Meelar	1264	7	0	0	2	1	0	121	1	0	0	0	1396
MegaHL90	0	0	0	0	1	0	0	0	0	0	0	0	1
Mel Etitis	3126	19	0	0	160	24	0	848	57	0	0	0	4234
Melburnian	138	6	0	0	10	1	0	45	0	0	0	0	200
Melchoir	1194	11	2	0	31	1	0	96	2	1	0	0	1338
Melesse	39183	92	0	0	3	0	0	2	0	0	0	0	39280
Menchi	23	2	0	0	0	0	0	0	0	0	0	0	25
Meno25	625	35	0	0	3	1	1	7	3	1	0	18	694
Mentifisto	5712	23	0	0	43	0	10	6922	15	78	0	70	12873
Mercury	314	93	0	0	82	34	25	137	62	0	0	0	747
Merkinsmum	0	0	0	0	3	0	0	0	0	0	0	0	3
Merope	11766	60	0	0	56	6	0	834	15	0	0	0	12737
Merovingian	2023	100	0	0	34	14	0	276	21	0	0	29	2497
Merphant	1	2	0	0	0	0	0	0	0	0	0	0	3
Metalx97856	0	0	0	0	1	0	0	0	0	0	0	0	1
Metamagician3000	111	4	0	0	11	4	0	28	5	0	0	0	163
Metropolitan90	3248	26	0	0	1	0	1	6	2	0	0	0	3284
Mets501	9384	98	0	0	207	39	0	293	23	0	0	0	10044
Mfield	908	17	1	0	159	7	32	689	10	25	0	1	1849
Miborovsky	46	3	0	0	19	13	0	30	5	0	0	0	116
Michael Greiner	1010	15	0	0	12	7	0	13	1	5	0	0	1063
Michael Hardy	331	84	0	0	1	0	0	18	5	1	0	0	440
Michael Snow	875	106	0	0	22	164	1	54	68	1	0	0	1291
MichaelBillington	508	8	0	0	6	0	0	4567	71	0	0	2	5162
Michaelas10	363	22	0	0	80	8	1	61	8	0	0	0	543
Midom	0	0	0	0	1	0	0	1	0	0	0	0	2
Mifter	1951	11	1	0	141	11	14	457	2	32	0	63	2683
Mikaey	1432	1613	0	0	14	1	2	73	0	1	0	2	3138
Mike 7	1263	16	0	0	39	3	0	285	6	0	0	0	1612
Mike Cline	251	0	0	0	1	0	1	3	0	0	0	0	256
Mike Halterman	150	9	0	0	13	9	1	64	10	0	0	0	256
Mike Peel	3088	21	0	0	4	4	0	4	0	1	0	0	3122
Mike Rosoft	15123	415	2	0	460	47	20	2323	391	13	0	0	18794
Mike Selinker	2154	16	0	0	11	4	0	17	1	0	0	0	2203
Mike.lifeguard	4	0	0	0	0	0	0	0	1	0	0	0	5
Mikeblas	128	1	0	0	0	0	0	0	0	0	0	0	129
MilborneOne	558	4	0	0	16	5	0	25	0	0	0	0	608
Mindmatrix	2360	28	0	0	27	2	0	50	1	1	0	1	2470
Mindspillage	2299	75	0	0	53	27	2	92	46	0	0	1	2595
Minesweeper	13	2	0	0	0	0	0	1	0	0	0	0	16
Mirv	1146	28	0	0	38	37	0	40	46	0	0	1	1336
MisfitToys	79	8	0	0	0	0	0	0	0	0	0	0	87
Misza13	223401	280	0	0	284	22	2	4609	271	0	0	7	228876
Mitchazenia	133	8	0	0	4	2	0	27	2	0	0	0	176
Mjroots	159	2	0	0	35	4	17	96	5	8	0	0	326
Mkativerata	384	3	15	0	7	0	1	22	2	1	0	0	435
Mkmcconn	20	0	0	0	3	3	0	0	0	0	0	0	26
Mkweise	30	2	0	0	0	1	0	1	0	0	0	0	34
Mlaffs	255	3	0	0	1	0	0	0	0	0	0	0	259
Mo0	3125	23	0	0	14	3	0	229	21	1	0	0	3416
MoRsE	61	3	0	0	0	0	0	25	1	0	0	0	90
Moabdave	5	0	0	0	1	0	1	5	1	0	0	1	14
Modemac	14	0	0	0	3	5	0	6	1	0	0	0	29
Moink	304	3	0	0	2	0	0	7	7	0	0	0	323
Molikroth	0	0	0	0	1	0	0	0	0	0	0	0	1
Moncrief	99	1	0	0	4	3	0	42	1	0	0	0	150
Moni3	51	4	0	0	94	1	24	30	2	2	0	10	218
Monotonehell	1	0	0	0	0	0	0	0	0	0	0	0	1
Montrealais	22	1	0	0	0	0	0	0	0	0	0	0	23
Moondyne	1975	57	0	0	59	14	2	301	38	0	0	0	2446
Moonriddengirl	11545	1739	223	0	302	29	22	589	33	25	0	2	14509
Moreschi	1044	26	0	0	200	11	43	900	81	10	0	20	2335
Moriori	4315	8	0	0	0	0	0	281	5	0	0	0	4609
Morven	814	26	0	0	7	1	0	224	54	1	0	0	1127
Morwen	615	14	0	0	6	1	0	84	8	0	0	0	728
Mr. Lefty	1550	10	0	0	62	6	0	614	31	1	0	0	2274
Mr.Z-man	19520	244	7	36	482	50	285	1640	182	31	0	26	22503
MrDarcy	223	5	0	0	36	7	0	143	12	0	0	0	426
MrKIA11	4983	26	0	0	0	0	0	4	1	1	0	0	5015
Mtmelendez	1043	5	0	0	11	0	0	2	0	0	0	0	1061
MuZemike	3466	167	93	0	377	20	63	3270	221	314	0	47	8038
Mufka	2706	15	9	0	77	1	15	842	1	33	0	0	3699
Mulad	44	6	0	0	0	0	0	0	0	0	0	0	50
Mushroom	21998	188	0	0	38	9	8	454	90	1	0	0	22786
Musical Linguist	324	149	0	0	109	24	0	900	71	0	0	0	1577
Mustafaa	131	1	0	0	0	3	0	10	1	0	0	0	146
MykReeve	2	0	0	0	0	0	0	0	0	0	0	0	2
Myleslong	22	29	0	0	6	3	0	28	8	0	0	0	96
Mysekurity	728	14	0	0	40	21	0	81	2	0	0	0	886
Mysid	2494	2	0	0	2	1	0	14	5	0	0	0	2518
Mzajac	148	4	0	0	8	2	1	47	4	0	0	0	214
NCurse	1625	11	0	0	1	1	0	34	0	0	0	0	1672
NJA	2658	60	4	0	230	6	45	2011	58	88	0	60	5220
NSLE	561	11	0	0	90	18	0	440	101	0	0	0	1221
Nabla	900	50	0	0	16	5	1	1	0	0	0	0	973
Nae'blis	844	53	0	0	28	2	0	15	2	0	0	0	944
Nagy	0	0	0	0	1	0	0	0	0	0	0	0	1
Nakon	36100	399	73	0	623	67	37	13111	6157	39	0	149	56755
Nancy	12955	97	2	0	393	21	15	976	14	20	0	11	14504
Nandesuka	697	29	9	0	98	16	2	386	27	1	0	0	1265
Nanfoodle	0	0	0	0	1	0	0	0	0	0	0	0	1
Nanobug	1	0	0	0	0	0	0	0	0	0	0	0	1
Nat	192	35	0	0	156	9	31	263	15	0	0	0	701
Natalie Erin	4503	23	0	0	69	3	0	988	27	0	0	0	5613
Natalya	325	13	0	0	36	7	3	109	39	0	0	0	532
NativeForeigner	440	7	11	0	41	3	20	162	11	9	0	11	715
NawlinWiki	185740	7377	6682	0	9857	27	808	17719	525	1870	0	9	230614
Necrothesp	412	14	0	0	3	0	1	108	8	0	0	0	546
Nehrams2020	5014	20	2	0	6	2	1	130	2	0	0	0	5177
Netsnipe	1166	60	0	0	606	91	10	3681	1762	14	0	1	7391
Neutrality	4012	32	0	0	48	10	0	175	58	0	0	0	4335
Nev1	328	22	0	0	44	3	23	197	3	6	0	1	627
Newyorkbrad	812	15	4	0	88	5	3	594	32	0	0	1	1554
Ngb	622	62	0	0	9	6	0	10	0	0	0	0	709
Nichalp	1191	70	0	0	50	16	4	72	9	0	979	163	2554
NicholasTurnbull	218	14	0	0	15	10	0	140	17	1	0	0	415
Nick	2939	130	0	0	246	23	20	674	67	9	0	2	4110
Nick-D	641	14	0	0	160	16	18	538	20	38	0	1	1446
Nickptar	612	13	0	0	3	1	0	116	31	0	0	0	776
Nickshanks	54	1	0	0	3	0	0	0	0	0	0	0	58
Nicman911	0	0	0	0	2	0	0	0	0	0	0	0	2
Night Gyr	493	38	0	0	10	3	1	31	2	0	0	0	578
Nightmarishnight	0	0	0	0	1	0	0	0	0	0	0	0	1
Nightscream	28	9	0	0	88	8	7	187	2	7	0	0	336
Nightstallion	1779	129	0	0	71	7	0	29	2	0	0	0	2017
Nihiltres	13233	203	6	0	123	31	28	283	17	2	0	12	13938
Nihonjoe	7417	366	11	0	359	37	12	1529	40	68	548	26	10413
Nikki311	466	2	0	0	25	1	2	50	1	0	0	1	548
Nikkimaria	65	1	0	0	1	1	0	5	2	1	0	5	81
Nilfanion	573	25	0	0	4	3	0	8	0	1	0	0	614
Nishkid64	7435	349	1	0	1519	641	130	7507	306	653	0	30	18571
Niteowlneils	4157	80	0	0	1	0	0	16	1	0	0	0	4255
Nixdorf	2	0	0	0	0	0	0	0	0	0	0	0	2
Nixeagle	10319	243	0	0	93	14	9	3324	84	26	0	2	14114
Nlu	1604	95	0	0	603	226	13	3542	220	0	0	0	6303
Nmajdan	220	5	0	0	9	8	4	64	2	0	0	0	312
No Guru	927	11	0	0	34	14	0	442	8	1	0	0	1437
NoSeptember	1604	48	0	0	24	25	1	122	61	0	0	45	1930
NodpiW	0	0	0	0	1	0	0	0	0	0	0	0	1
Nohat	266	38	0	0	39	33	0	62	5	0	0	0	443
Noldoaran	2	0	0	0	0	0	0	0	0	0	0	0	2
Notheruser	70	0	0	0	0	0	0	0	0	0	0	0	70
Nousernamesleft	198	7	0	0	5	2	3	2	1	0	0	3	221
NrDg	1619	123	0	0	280	19	28	846	27	44	0	4	2990
NuclearWarfare	9665	321	63	0	1188	40	298	3369	108	183	0	179	15414
Nufy8	371	1	0	0	36	2	7	336	15	1	0	0	769
Number 57	6224	79	0	0	77	2	1	53	4	0	0	0	6440
Nunh-huh	458	29	0	0	27	3	1	321	12	3	0	1	855
Nv8200p	59585	181	0	0	26	3	0	109	3	0	0	0	59907
Nyttend	16329	322	7	0	87	2	0	214	2	4	0	0	16967
Oberiko	294	3	0	0	8	2	0	162	0	0	0	0	469
Obli	1047	6	0	0	28	5	0	99	7	0	0	0	1192
Ocatecir	1340	11	0	0	106	16	1	250	9	0	0	0	1733
Ocee	196	2	0	0	3	3	10	95	5	0	0	0	314
Od Mishehu	8861	222	24	0	185	26	27	383	64	111	0	5	9908
OhanaUnited	511	35	0	0	12	3	2	139	7	0	0	10	719
Ohnoitsjamie	4895	64	7	0	334	12	31	2898	57	48	0	0	8346
Okiefromokla	195	2	0	0	21	3	3	208	7	0	0	0	439
OlEnglish	265	17	27	0	18	6	8	57	0	4	0	28	430
Olaf Davis	332	7	1	0	3	0	0	13	1	0	0	1	358
OldakQuill	325	22	0	0	6	2	0	2	1	0	0	0	358
Oldboy212	0	0	0	0	1	0	0	0	0	0	0	0	1
Oldelpaso	668	13	0	0	20	10	0	38	2	0	0	2	753
Oldwindybear	2	0	0	0	0	0	0	2	1	0	0	0	5
Oleg Alexandrov	692	57	0	0	14	8	0	35	10	0	0	1	817
Olessi	142	6	0	0	0	0	0	14	1	0	0	0	163
Oliver Pereira	2	6	0	0	0	1	0	0	0	0	0	0	9
Olivier	200	8	0	0	7	1	0	25	0	0	0	0	241
Omegatron	308	90	0	0	27	13	0	16	0	0	0	0	454
One	974	103	0	0	117	18	1	143	28	1	0	0	1385
Opabinia regalis	1410	5	0	0	15	2	0	3	0	0	0	0	1435
Orangemike	24242	160	0	0	630	27	17	6767	47	84	0	0	31974
Orderinchaos	5050	151	0	0	110	20	9	301	37	4	0	1	5683
Oren0	189	7	0	0	26	6	7	48	8	3	0	4	298
Orioane	114	1	0	0	4	2	0	11	0	0	0	0	132
Orlady	186	19	1	0	36	3	10	61	0	3	0	0	319
Orphaned image deletion bot	6660	0	0	0	0	0	0	0	0	0	0	0	6660
Orphaned talkpage deletion bot	1720	58	0	0	0	0	0	0	0	0	0	0	1778
Oscarthecat	3373	21	0	0	260	5	0	310	7	2	0	0	3978
OverlordQ	728	12	16	0	61	8	4	821	98	73	0	1	1822
Owen	254	24	0	0	15	33	0	84	23	0	0	0	433
OwenX	2324	22	0	0	189	20	1	1261	82	4	0	9	3912
Oxymoron83	11489	98	0	0	411	11	64	5453	34	52	0	0	17612
PDH	9821	82	0	0	355	197	0	243	21	0	0	0	10719
PFHLai	3508	139	0	0	860	775	2	58	1	0	0	0	5343
PMDrive1061	30688	423	20	0	1646	36	43	6076	184	765	0	11	39892
PS2pcGAMER	2303	23	0	0	25	32	0	87	18	0	0	0	2488
PZFUN	95	3	0	0	6	2	0	14	6	0	0	0	126
Pablo-flores	920	2	0	0	16	6	2	180	2	0	0	0	1128
Paginazero	3	3	0	0	0	0	0	0	0	0	0	0	6
Pagrashtak	3191	13	0	0	3	2	0	10	1	0	0	0	3220
Pakaran	165	13	0	0	22	37	12	55	6	0	48	30	388
Pamri	707	1	0	0	0	4	0	0	0	0	0	0	712
Papa November	3198	49	6	0	27	6	17	241	13	1	0	2	3560
Parsecboy	2728	113	15	0	37	7	0	412	11	3	0	6	3332
Parthian Scribe	0	0	0	0	1	0	0	0	0	0	0	0	1
Pascal.Tesson	17327	100	1	0	100	2	2	825	20	0	0	2	18379
Pastor Theo	474	0	0	0	8	0	0	59	9	1	0	1	552
Pastordavid	1312	9	0	0	8	6	0	10	1	0	0	0	1346
Patar knight	441	9	10	0	5	0	1	14	5	2	0	23	510
Pathoschild	8391	152	1	0	151	33	1	2458	706	77	0	1	11971
Patrick	188	112	0	0	9	1	1	3	1	0	0	0	315
Pats1	620	81	0	0	169	9	18	464	7	7	0	0	1375
Paul A	103	21	0	0	0	0	0	0	0	0	0	0	124
Paul August	1121	10	0	0	8	1	4	126	3	0	0	0	1273
Paul Benjamin Austin	25	4	0	0	45	9	0	65	16	0	0	0	164
Paul Erik	2256	63	0	0	28	2	1	635	7	10	0	0	3002
Pax:Vobiscum	773	46	2	0	182	6	13	39	1	1	0	0	1063
Paxse	7	0	0	0	0	0	0	4	1	0	0	0	12
Pb30	858	1	0	0	0	0	1	278	3	0	0	0	1141
Pcb21	101	43	0	0	3	6	0	1	1	0	0	0	155
PeaceNT	5087	175	0	0	105	10	8	298	9	0	0	0	5692
PedanticallySpeaking	41	8	0	0	2	0	0	0	0	0	0	0	51
Pedro	9014	43	1	0	98	14	12	815	17	11	0	301	10326
Pedro Paulo Vasconcellos	0	0	0	0	2	0	0	0	0	0	0	0	2
Pegship	191	2	0	0	1	0	0	1	0	0	0	0	195
Penader	0	0	0	0	1	0	0	0	0	0	0	0	1
Pending deletion script	1210	0	0	0	0	0	0	0	0	0	0	0	1210
Pengo	52	15	0	0	2	1	0	7	0	0	0	0	77
Penwhale	148	8	0	0	46	6	14	53	13	1	0	0	289
Pepsidrinka	993	33	0	0	34	19	0	395	34	0	0	0	1508
Perceval	29	0	0	0	5	4	0	19	0	0	0	0	57
Peripitus	10275	78	6	0	102	18	14	182	10	9	0	4	10698
Persian Poet Gal	2300	96	0	0	1001	25	39	3340	141	16	0	1	6959
Peruvianllama	624	7	0	0	18	4	0	366	6	0	0	0	1025
Peteforsyth	21	9	0	0	5	2	3	11	2	3	0	0	56
Peter	4904	66	11	0	89	23	0	949	52	15	0	3	6112
PeterSymonds	7077	239	49	0	1173	364	412	3209	153	481	0	546	13703
Pgk	3711	73	0	0	556	54	0	4060	2204	0	0	0	10658
Phaedriel	3551	55	0	0	199	30	16	308	19	0	0	0	4178
Phantomsteve	1401	21	52	0	87	9	19	76	10	15	0	11	1701
Pharos	405	71	0	0	593	153	0	41	7	1	0	0	1271
Phil Bordelon	0	0	0	0	2	1	0	0	0	0	0	0	3
Phil Boswell	532	10	0	0	79	1	3	19	4	0	0	0	648
Phil Sandifer	676	138	0	0	80	59	8	280	69	0	0	0	1310
PhilKnight	26668	455	0	0	904	52	36	5218	190	161	0	28	33712
Philip Baird Shearer	472	97	1	0	96	18	23	16	4	0	0	0	727
Philippe	4576	58	0	0	383	34	47	1539	69	5	0	13	6724
Philippe (WMF)	6	0	11	0	6	0	0	0	0	0	0	0	23
Philosopher	1204	20	0	0	28	2	5	35	2	7	0	26	1329
Phils	15	1	0	0	0	0	0	26	2	0	0	0	44
Philwelch	933	44	0	0	28	7	0	72	14	0	0	0	1098
Phuntsok2000	0	0	0	0	2	0	0	0	0	0	0	0	2
Physchim62	1115	41	0	0	34	5	0	107	17	0	0	0	1319
Piazzajordan2	0	0	0	0	1	0	0	0	0	0	0	0	1
Picaroon	4039	61	0	0	55	12	5	461	27	0	0	1	4661
PierreAbbat	0	0	0	0	0	0	0	6	0	0	0	0	6
Pigman	1026	9	0	0	15	0	1	22	4	0	0	0	1077
Pilotguy	7231	64	0	0	294	29	1	2576	685	0	0	0	10880
PinchasC	119	18	0	0	48	14	1	188	6	0	0	0	394
Pinkville	1	0	0	0	6	0	0	2	0	0	0	0	9
Piotrus	619	178	0	0	19	8	2	80	17	0	0	0	923
Pjacobi	230	6	0	0	16	3	0	100	2	0	0	0	357
Plange	123	0	0	0	3	1	0	32	0	0	0	0	159
Plasticspork	0	0	0	0	0	0	0	0	0	0	0	1	1
Plastikspork	9648	273	0	0	388	30	34	28	0	6	0	0	10407
Please try again.	0	0	0	0	1	0	0	0	0	0	0	0	1
Poeloq	23	1	0	0	0	0	0	52	2	0	0	4	82
Polargeo	906	2	3	0	6	1	0	13	0	0	0	4	935
Polaron	0	0	0	0	1	0	0	0	0	0	0	0	1
Pollinator	35	0	0	0	4	0	0	146	1	0	0	0	186
Poor Yorick	93	0	0	0	7	3	2	0	0	0	0	0	105
Postdlf	5758	86	6	0	127	5	3	770	9	3	0	0	6767
Pratyeka	2	4	0	0	0	0	0	0	0	0	0	0	6
Premeditated Chaos	1732	18	0	0	3	0	0	19	1	0	0	0	1773
PrimeHunter	92	8	4	0	4	2	0	0	0	0	0	1	111
ProcseeBot	0	0	0	0	0	0	0	159716	0	0	0	0	159716
Prodego	2363	291	23	0	159	186	107	1463	235	115	0	55	4997
ProhibitOnions	267	1	0	0	0	1	0	50	0	0	0	0	319
Prolog	1336	43	0	0	129	7	21	1102	3	12	0	2	2655
Promethean	0	0	0	0	1	0	0	0	0	0	0	0	1
Proteus	119	0	0	0	2	0	0	11	10	0	0	0	142
Protonk	2751	1243	0	0	103	8	14	212	21	28	0	4	4384
ProveIt	4433	7	0	0	3	0	0	2	0	0	0	0	4445
Pschemp	2135	247	0	0	169	29	0	3327	319	0	0	0	6226
Psy guy	110	0	0	0	10	9	0	181	17	0	0	0	327
Qaz	75	0	0	0	0	0	0	0	0	0	0	0	75
Quadell	95659	304	0	0	51	16	3	120	11	1	0	0	96165
Quarl	7973	111	0	0	22	10	0	37	3	0	0	0	8156
Quell	0	0	0	0	1	0	0	0	0	0	0	0	1
Quercusrobur	15	2	0	0	3	2	0	8	0	0	0	0	30
Qwghlm	592	31	0	0	17	1	0	17	0	0	0	0	658
R'n'B	11210	303	0	0	23	14	0	11	0	0	0	0	11561
R-Con 9	0	0	0	0	1	0	0	0	0	0	0	0	1
R. Baley	8	3	0	0	26	1	11	79	6	0	0	1	135
R. fiend	2822	21	0	0	19	4	0	56	1	0	0	0	2923
R3m0t	1340	15	0	0	30	0	0	4	4	0	0	0	1393
RG2	3298	61	0	0	18	1	0	162	8	0	0	0	3548
RHaworth	52224	3107	1	0	2650	44	2	729	16	9	0	1	58783
RJFJR	35	2	0	0	0	0	0	1	0	0	0	0	38
RL0919	1096	4	0	0	7	2	0	5	0	0	0	0	1114
Radiant!	2464	50	0	0	180	45	0	178	23	0	0	0	2940
RadicalBender	510	8	0	0	3	0	0	13	0	0	0	0	534
RadioKirk	2676	77	0	0	164	15	0	1678	74	0	0	0	4684
Ragesoss	363	44	0	0	9	1	2	6	0	2	0	1	428
Ragib	558	19	0	0	89	8	6	298	13	0	0	0	991
Raith Sienar	0	0	0	0	8	0	0	0	0	0	0	0	8
Ral315	2267	121	0	0	353	28	24	347	49	0	0	2	3191
Ram-Man	834	3	0	0	16	0	1	25	6	0	0	0	885
Rama	878	13	0	0	19	10	0	317	13	1	0	0	1251
Rama's Arrow	1202	3	0	0	46	9	0	200	25	0	0	0	1485
Ramallite	2	0	0	0	0	0	0	6	0	0	0	0	8
Rambo's Revenge	140	14	0	0	4	0	4	8	0	1	0	0	171
Ran	194	3	0	0	7	0	2	87	2	0	0	0	295
Random832	609	127	0	0	30	11	10	33	8	0	0	9	837
RandomXYZb	2778	36	0	0	242	19	24	1506	49	8	0	7	4669
Raso mk	0	0	0	0	1	0	0	0	0	0	0	0	1
RasputinAXP	2198	13	0	0	28	5	0	84	3	0	0	0	2331
Raul654	1173	105	0	0	1706	506	43	2499	226	5	148	83	6494
Raven4x4x	407	2	0	0	3	0	0	200	1	0	0	1	614
Raymolayenie	0	0	0	0	1	0	0	0	0	0	0	0	1
Raymond arritt	874	2	0	0	32	8	5	344	21	0	0	0	1286
Rbrwr	346	2	0	0	0	0	0	1	0	0	0	0	349
Rd232	2104	16	5	0	80	8	21	131	6	2	0	0	2373
Rdsmith4	3200	65	0	0	139	61	0	598	271	2	875	96	5307
Rebecca	2235	75	1	0	40	4	3	138	71	0	0	0	2567
Recurring dreams	6	0	0	0	1	0	0	21	1	0	0	0	29
RedWolf	14647	50	0	0	3	0	0	3	0	0	0	0	14703
RedWordSmith	240	11	0	0	13	20	0	20	1	0	0	0	305
RedirectCleanupBot	4377	0	0	0	0	0	0	0	0	0	0	0	4377
Redux	196	12	0	0	24	7	0	48	1	0	131	129	548
Redvers	17906	168	0	0	953	29	26	2545	201	335	0	1	22164
Redwolf24	1943	48	0	0	50	25	0	208	45	0	0	0	2319
Reedy	1137	32	0	0	42	15	13	41	11	0	0	10	1301
Refdoc	61	5	0	0	11	4	0	28	5	0	0	0	114
Reflex Reaction	511	14	0	0	1	2	0	6	0	0	0	0	534
RegentsPark	389	11	0	0	259	42	93	110	5	3	0	7	919
Remember the dot	816	11	0	0	26	2	7	18	1	0	0	13	894
Renata3	4963	40	1	0	17	2	0	62	4	0	0	0	5089
Renesis	148	0	0	0	25	1	0	19	6	0	0	0	199
Resolute	1281	23	1	0	33	3	2	84	2	0	0	0	1429
Retired username	12142	239	0	0	115	33	8	206	14	0	0	2	12759
RetiredUser2	376	88	0	0	25	15	0	12	6	0	0	0	522
Rettetast	22377	77	0	0	39	78	15	476	8	4	0	21	23095
Revolving Bugbear	102	7	0	0	5	1	0	25	11	0	0	0	151
RexNL	2299	11	0	0	153	11	9	4191	66	15	0	0	6755
ReyBrujo	952	36	0	0	101	29	5	138	2	0	0	0	1263
Rfl	364	39	0	0	0	0	0	0	0	0	0	0	403
Rhobite	719	15	0	0	67	26	0	617	47	0	0	0	1491
Rholton	277	3	0	0	8	1	0	22	3	0	0	0	314
Riana	14438	155	0	0	1058	108	108	2446	192	3	0	18	18526
Rich Farmbrough	3538	249	0	0	103	56	19	256	33	10	0	4	4268
Richardcavell	433	8	0	0	29	9	1	73	2	0	0	0	555
Richardshusr	992	38	0	0	53	24	12	16	3	0	0	0	1138
Rick Block	633	3	0	0	3	1	0	66	2	0	0	0	708
RickK	2466	14	0	0	53	5	0	651	26	0	0	0	3215
Ricky81682	4189	32	0	0	34	74	20	152	16	11	0	0	4528
Rifleman 82	415	46	0	0	39	9	5	131	10	4	0	3	662
Rigadoun	225	10	0	0	2	1	0	2	1	0	0	0	241
Risker	604	85	275	83	132	228	207	308	27	71	0	9	2029
Rjanag	991	35	5	0	82	8	10	181	19	16	0	1	1348
Rjd0060	15161	393	0	0	700	49	113	1199	134	71	0	32	17852
Rje	2421	12	0	0	93	171	0	325	5	1	0	0	3028
Rkitko	747	51	0	0	16	2	3	16	1	0	0	0	836
Rklawton	905	16	0	0	25	2	2	527	15	19	0	0	1511
Rlandmann	1284	92	0	0	23	3	0	48	3	0	0	0	1453
Rlendog	12	0	0	0	0	0	0	17	0	0	0	0	29
Rlevse	1459	65	68	0	182	21	30	2786	160	23	575	112	5481
Rlquall	4	1	0	0	0	0	0	1	1	0	0	0	7
Rmhermen	2203	16	0	0	27	7	8	58	0	0	0	0	2319
Roadrunner	0	0	0	0	0	0	0	5	0	0	0	0	5
RobH	0	0	0	0	0	0	0	0	0	0	1	0	1
RobLa	3	1	0	0	1	0	2	0	0	0	0	0	7
Robchurch	714	11	0	0	6	4	0	83	12	0	0	0	830
Robdurbar	1591	72	0	0	147	84	0	112	25	0	0	0	2031
Robert Merkel	0	1	0	0	0	0	0	5	4	0	0	0	10
RobertG	6068	23	0	0	39	5	5	410	23	1	0	1	6575
Robin Patterson	0	0	0	0	0	0	0	1	0	0	0	0	1
Robth	3830	187	0	0	5	3	0	10	0	0	0	0	4035
RobyWayne	122	0	0	0	0	0	0	14	0	0	0	0	136
RockMFR	2052	172	2	0	178	124	27	319	5	2	0	1	2882
Rockero	78	1	0	0	5	2	0	13	0	0	0	0	99
Rockpocket	483	20	0	0	30	9	5	145	17	1	0	1	711
Rocky Road	0	0	0	0	1	0	0	0	0	0	0	0	1
Rodhullandemu	3832	103	24	0	1067	35	259	3718	110	183	0	18	9349
Roger Davies	444	25	29	13	12	4	4	54	21	14	0	4	624
Rogerd	590	11	0	0	25	5	0	140	1	1	0	0	773
Ronhjones	2227	72	1	0	100	7	10	561	38	9	0	3	3028
Ronline	63	3	0	0	6	9	0	11	1	0	0	0	93
Ronnotel	21	2	0	0	45	11	7	87	25	1	0	1	200
Roozbeh	152	2	0	0	27	7	0	8	1	0	0	0	197
Rosiestep	11	5	0	0	2	2	0	0	0	0	0	2	22
Rossami	1006	467	0	0	36	9	1	230	2	0	0	0	1751
RoyBoy	148	2	0	0	37	2	1	621	13	0	0	0	824
RoySmith	350	14	0	0	30	7	0	237	10	1	0	0	649
Royalbroil	994	26	0	0	86	23	5	54	4	0	0	2	1194
Royalguard11	1825	32	0	0	267	379	28	179	19	0	0	0	2729
Royboycrashfan	6095	107	0	0	73	0	0	386	22	0	0	0	6683
Rschen7754	1148	56	0	0	350	5	21	557	52	15	0	7	2211
Rspeer	119	5	0	0	15	1	0	113	24	1	0	0	278
Ruhrfisch	326	21	7	0	52	5	4	56	4	4	0	2	481
Runcorn	72	4	0	0	5	2	0	143	79	0	0	0	305
Rune.welsh	819	5	0	0	28	7	0	33	1	0	0	0	893
Runningonbrains	183	6	12	0	9	2	2	30	2	4	0	0	250
Ruslik0	2632	24	0	0	187	16	44	199	4	10	0	38	3154
Ruud Koot	1301	82	0	0	68	16	4	315	61	1	0	1	1849
Rwiggum	0	0	0	0	1	0	0	0	0	0	0	0	1
RxS	795	3	0	0	12	3	4	480	10	2	0	0	1309
Ryan Norton	772	135	7	0	27	16	2	36	7	0	0	0	1002
Ryan Postlethwaite	1714	101	1	0	279	56	67	1400	151	23	0	60	3852
RyanGerbil10	3623	18	0	0	46	4	2	190	11	0	0	2	3896
Ryulong	10729	212	0	0	1213	49	77	6278	615	62	0	2	19237
S@bre	84	3	0	0	2	0	2	4	0	0	0	0	95
SB Johnny	39	2	0	0	10	0	4	9	6	0	0	0	70
SCEhardt	5235	51	0	0	12	0	0	306	3	0	0	1	5608
SCZenz	447	17	0	0	17	21	5	149	26	0	0	0	682
SD6-Agent	1	0	0	0	0	0	0	0	0	0	0	0	1
SGGH	2268	39	16	0	38	8	8	1007	35	42	0	2	3463
SQL	2452	47	0	0	373	10	66	262	124	0	0	34	3368
ST47	37704	4965	0	0	237	83	99	5848	2327	2	0	3	51268
SWAdair	1600	7	0	0	49	1	0	38	1	0	0	0	1696
Sabine's Sunbird	88	0	0	0	7	0	3	0	0	0	0	0	98
Sadalmelik	0	0	0	0	1	0	0	0	0	0	0	0	1
Sade	148	5	0	0	3	0	0	1	2	0	0	0	159
Sageross	4	0	0	0	0	0	0	0	0	0	0	0	4
Salix alba	178	7	0	0	11	5	4	7	0	0	0	0	212
Sam	104	21	0	0	24	4	0	22	0	0	0	2	177
Sam Blacketer	2387	15	0	0	45	8	2	193	33	1	0	1	2685
Sam Hocevar	6	7	0	0	0	0	0	1	2	0	0	0	16
Sam Korn	1014	21	6	8	65	10	13	974	76	4	0	13	2204
Sam Vimes	42	5	0	0	0	0	0	34	0	0	0	0	81
Samir	2583	98	0	0	260	132	10	484	58	0	0	10	3635
Samotnik	0	0	0	0	2	0	0	0	0	0	0	0	2
Samsara	36	22	0	0	73	4	2	63	33	0	0	0	233
Samuel Blanning	1742	97	0	0	157	65	0	1197	170	0	0	0	3428
Samulili	2	0	0	0	0	0	0	1	0	0	0	0	3
Sanchom	233	3	0	0	4	1	0	58	8	0	0	0	307
Sandahl	8362	99	2	0	388	8	10	3552	65	10	0	3	12499
Sandstein	6686	85	3	0	426	26	20	1174	237	64	0	3	8724
Sango123	4193	11	0	0	41	3	0	1567	66	0	0	0	5881
Sannse	882	30	0	0	19	10	0	57	35	0	0	0	1033
Sarah	2681	147	0	0	148	46	4	508	109	14	0	48	3705
Saravask	406	15	0	0	27	17	10	78	13	0	0	0	566
Sardanaphalus	0	0	0	0	7	0	0	0	0	0	0	0	7
SarekOfVulcan	944	64	41	0	103	11	26	330	53	41	0	2	1615
Sasquatch	1951	25	0	0	84	25	1	681	104	0	0	1	2872
Sassygurl192	0	0	0	0	2	0	0	0	0	0	0	0	2
Satori Son	1540	52	27	0	242	11	2	592	14	8	0	1	2489
SatyrTN	2764	21	0	0	19	8	4	36	7	0	0	0	2859
Savidan	69	5	0	0	13	5	0	5	0	0	0	0	97
Saxifrage	292	2	0	0	10	4	0	13	0	0	0	0	321
Scarian	650	23	0	0	179	3	22	1014	65	4	0	5	1965
Sceptre	1628	92	0	0	81	8	0	518	89	0	0	0	2416
Schissel	11	0	0	0	1	0	0	2	2	0	0	0	16
Schneelocke	30	3	0	0	15	2	0	11	2	0	0	0	63
SchuminWeb	15387	311	21	0	143	13	6	675	6	22	0	0	16584
Schutz	838	4	0	0	3	0	0	3	0	0	0	0	848
Scientizzle	3404	64	0	0	211	19	9	1077	32	9	0	4	4829
Scimitar	192	3	0	0	9	3	0	97	4	0	0	0	308
Scipius	0	0	0	0	0	0	0	1	0	0	0	0	1
Scjessey	0	0	0	0	1	0	0	0	0	0	0	0	1
Scm83x	229	5	0	0	6	1	0	37	2	0	0	0	280
Scorpion0422	0	0	0	0	1	0	0	0	0	0	0	0	1
Scott Burley	842	1	0	0	11	1	0	33	3	0	0	0	891
Scott MacDonald	884	23	0	0	31	1	4	48	8	2	0	0	1001
Scott5114	1254	9	0	0	123	5	0	30	5	0	0	1	1427
ScottDavis	301	36	0	0	9	5	0	37	4	0	0	0	392
Seabhcan	193	3	0	0	5	2	0	27	2	0	0	0	232
Sean Whitton	439	16	0	0	18	7	0	55	3	0	0	2	540
Sean William	868	45	0	0	109	8	4	414	35	0	0	2	1485
Searchme	147	0	0	0	0	0	0	11	0	0	0	0	158
Seattle Skier	287	8	0	0	12	0	1	29	1	0	0	0	338
SebastianHelm	227	21	0	0	10	2	2	8	5	0	0	0	275
Sebastiankessel	2	2	0	0	8	4	0	38	1	0	0	0	55
Secret	6060	64	0	0	144	6	9	252	19	4	0	21	6579
Secretlondon	433	6	0	0	2	0	0	436	8	0	849	24	1758
Seddon	82	3	0	0	20	1	2	76	3	10	0	6	203
Seglea	192	4	0	0	2	0	0	1	0	0	0	0	199
Seicer	1873	43	0	0	339	37	47	711	48	12	0	0	3110
Selket	1185	8	0	0	19	3	2	212	16	0	0	0	1445
Sephiroth BCR	909	17	0	0	36	6	1	323	7	0	0	0	1299
Ser Amantio di Nicolao	0	0	0	0	0	0	0	0	0	0	0	1	1
Seraphim	404	35	0	0	40	9	11	135	22	1	0	3	660
Seraphimblade	3218	19	0	0	44	9	2	767	51	3	0	3	4116
Seresin	3064	97	0	0	189	9	29	179	1	3	0	5	3576
Sesel	78	4	0	0	19	12	0	12	0	0	0	0	125
Seth Ilys	343	2	0	0	7	2	0	5	3	0	0	0	362
Sethant	1	2	0	0	0	0	0	0	0	0	0	0	3
Sfoskett	11	1	0	0	1	0	0	0	0	0	0	0	13
Sgeureka	478	21	0	0	1	0	0	3	1	1	0	0	505
Shadow1	284	13	0	0	32	4	0	170	27	0	0	0	530
ShamelessAngel	0	0	0	0	1	0	0	0	0	0	0	0	1
Shanel	4686	76	1	0	71	17	0	2601	517	0	0	0	7969
Shanes	2432	21	0	0	89	162	4	1098	24	0	0	0	3830
Shauri	44	0	0	0	0	1	0	2	0	0	0	0	47
SheffieldSteel	50	5	5	0	28	2	10	125	17	19	0	0	261
Sheldon Rampton	2	0	0	0	0	0	0	1	0	0	0	0	3
Shell Kinney	10967	309	7	1	60	7	3	687	89	6	0	3	12139
Shereth	822	34	0	0	12	4	1	485	10	0	0	1	1369
Sherool	42254	70	0	0	19	6	0	18	1	0	0	0	42368
Shii	406	40	0	0	24	12	0	71	55	0	0	2	610
Shimeru	1748	14	4	0	25	0	0	18	1	0	0	0	1810
Shimgray	1322	145	1	0	153	6	6	37	18	0	0	10	1698
Shirahadasha	171	2	0	0	10	4	3	55	8	0	0	0	253
Shirik	477	19	73	0	98	13	58	514	8	45	0	11	1316
Shizhao	1	2	0	0	1	0	0	0	0	0	0	0	4
Shoeofdeath	905	4	0	0	7	1	0	117	0	1	0	0	1035
Shreshth91	2323	19	0	0	33	12	0	390	48	0	0	0	2825
Shubinator	529	24	0	0	5	0	0	0	0	0	0	1	559
Shyam	16920	56	0	0	19	2	0	57	1	0	0	1	17056
Shyamal	108	8	0	0	22	2	5	34	2	2	0	4	187
Silence	24	0	0	0	0	1	0	0	0	0	0	0	25
SilkTork	475	39	4	0	20	3	11	2	3	3	0	1	561
Silsor	523	6	0	0	35	41	0	139	137	0	0	0	881
SimonP	5316	63	0	0	13	277	0	45	2	0	0	0	5716
Singularity	7381	115	0	0	61	15	2	79	7	0	0	1	7661
Sir Lestaty de Lioncourt	0	0	0	0	0	0	0	2	2	0	0	0	4
Sir Nicholas de Mimsy-Porpington	2149	60	0	0	84	11	4	814	82	0	0	0	3204
SirFozzie	364	19	20	0	106	8	45	342	34	9	0	0	947
Siroxo	73	4	0	0	0	0	0	18	0	0	0	0	95
Sitthisoneout1	0	0	0	0	1	0	0	0	0	0	0	0	1
Sj	137	164	0	0	11	9	1	57	8	0	0	0	387
Sjakkalle	4782	381	1	0	44	29	1	847	66	3	0	0	6154
Sjc	19	1	0	0	0	0	0	3	0	0	0	0	23
Sjorford	428	34	0	0	4	5	0	3	0	0	0	0	474
Skier Dude	70056	2130	2	0	393	8	34	709	1418	12	0	15	74777
Skomorokh	1565	112	0	0	128	3	7	0	0	0	0	6	1821
Sky Harbor	4	1	0	0	0	0	0	1	0	0	0	0	6
Slakr	4306	62	0	0	277	24	87	9130	97	25	0	14	14022
Slambo	697	18	0	0	33	0	0	184	5	0	0	0	937
SlimVirgin	1264	321	5	0	1486	429	197	1248	244	9	0	1	5204
Slowking Man	1350	29	0	0	130	25	1	859	132	0	0	0	2526
Slp1	511	17	28	0	37	10	6	177	5	11	0	0	802
Slrubenstein	35	2	0	0	28	7	5	48	10	4	0	0	139
Slumgum	154	1	0	0	1	0	0	0	0	0	0	0	156
Smalljim	802	7	0	0	13	2	0	401	7	4	0	0	1236
Smashville	1709	16	0	0	66	4	1	418	25	36	0	1	2276
Smith03	134	4	0	0	5	0	1	7	68	0	0	0	219
Smith609	187	10	0	0	13	3	19	4	2	4	0	0	242
SmthManly	519	4	0	0	32	9	1	51	2	0	0	0	618
Smurrayinchester	67	3	0	0	10	6	0	17	6	0	0	0	109
Sn0wflake	406	3	0	0	15	2	0	108	2	1	0	0	537
Snowolf	1186	29	2	0	42	6	7	1002	30	6	0	6	2316
Snoyes	95	0	0	0	1	0	0	40	0	0	0	0	136
SoLando	300	14	0	0	18	7	0	193	6	0	0	0	538
SoWhy	8122	120	4	0	707	58	142	288	8	15	0	11	9475
Soap	175	9	11	0	12	0	19	84	0	7	0	0	317
Solid Falcon	0	0	0	0	2	0	0	0	0	0	0	0	2
Solipsist	78	1	0	0	136	49	0	108	12	0	0	0	384
Someguy1221	1366	22	5	0	31	3	3	691	5	27	0	5	2158
Somno	866	22	0	0	14	5	2	16	0	1	0	0	926
SorryGuy	11	2	0	0	2	2	0	18	2	0	0	0	37
Sortior	1	0	0	0	0	0	0	0	0	0	0	0	1
Soumyasch	2802	55	0	0	74	10	3	670	32	0	0	6	3652
SouthernNights	2098	51	0	0	131	35	10	254	6	4	0	0	2589
SpacemanSpiff	2444	18	1	0	201	4	18	554	3	20	0	3	3266
Spangineer	262	10	0	0	16	11	0	94	8	0	0	0	401
Spartaz	4142	294	4	0	222	36	16	358	87	14	0	12	5185
Spebi	1549	31	0	0	165	9	26	493	26	0	0	10	2309
Spellcast	8065	424	0	0	637	7	39	9237	646	125	0	11	19191
Spencer	265	7	0	0	30	3	4	282	3	0	0	1	595
Spencer195	12	0	0	0	0	0	0	3	0	0	0	0	15
Spike Wilbury	2667	103	0	0	27	4	1	154	5	1	0	1	2963
Spinningspark	127	22	3	0	34	2	16	187	1	12	0	0	404
Splash	8222	320	0	0	262	759	7	414	136	0	0	1	10121
SpuriousQ	625	1	0	0	17	1	0	569	5	0	0	0	1218
Srikeit	1841	18	0	0	86	45	0	387	22	0	0	0	2399
Ssd	1699	2	0	0	7	1	0	14	0	0	0	0	1723
Staecker	1696	21	0	0	1	1	0	2	0	0	0	0	1721
Stan Shebs	2657	75	0	0	1	0	0	25	0	0	1	0	2759
Star Mississippi	2054	56	0	0	79	4	6	247	8	1	0	0	2455
Starblind	2658	13	0	0	108	1	1	266	6	1	0	0	3054
Staxringold	343	9	1	0	4	0	0	44	0	0	0	0	401
Steel	9468	74	1	0	969	333	27	1205	89	2	0	7	12175
Steinsky	34	0	0	0	7	2	0	32	1	0	0	0	76
Stemonitis	4698	147	0	0	11	14	2	49	2	0	0	0	4923
Stephan Schulz	8	1	0	0	17	1	3	105	4	2	0	1	142
Stephen	6837	83	0	0	83	3	0	1402	72	10	0	9	8499
Stephen Bain	1746	42	0	0	85	23	1	96	18	0	0	0	2011
StephenBuxton	1212	26	0	0	30	3	3	306	9	2	0	0	1591
Steve	213	5	0	0	5	2	0	2	1	0	0	0	228
Steve Smith	1340	96	15	0	116	7	25	373	36	11	0	3	2022
SteveSims	0	0	0	0	1	0	0	0	0	0	0	0	1
Steven Walling	804	3	0	0	88	1	12	63	3	0	0	0	974
Stevenfruitsmaak	95	10	0	0	10	0	0	11	0	0	0	0	126
Stevenj	34	1	0	0	23	0	0	46	1	0	0	0	105
Stevertigo	136	16	0	0	46	11	0	22	14	0	0	0	245
Stewartadcock	828	1	0	0	10	3	0	6	1	0	0	0	849
Stifle	19757	620	6	0	553	58	55	524	66	10	0	48	21697
Stormie	2445	65	0	0	47	6	3	376	11	0	0	2	2955
StuffOfInterest	173	5	0	0	29	2	0	104	2	0	0	0	315
Stuffdoing	0	0	0	0	1	0	0	0	0	0	0	0	1
Stwalkerster	2615	64	0	0	81	1	7	375	44	5	0	35	3227
Sub619	0	0	0	0	1	0	0	0	0	0	0	0	1
Sue Anne	499	9	0	0	0	0	0	1	0	0	0	0	509
Sugarfish	2	2	0	0	1	1	0	0	0	0	0	0	6
Sundar	40	13	0	0	0	0	1	6	3	0	0	0	63
Superm401	257	24	0	0	23	22	24	47	12	0	0	1	410
Sverdrup	502	4	0	0	1	2	0	2	2	0	0	0	513
Swatjester	953	30	0	0	183	16	30	378	49	0	0	5	1644
Syrthiss	4105	45	1	0	309	27	11	2431	116	102	0	9	7156
TFOWR	933	13	26	0	201	4	90	224	6	10	0	8	1515
TKD	2746	150	0	0	75	17	19	315	30	3	0	3	3358
TPK	62	0	0	0	0	0	0	0	0	0	0	0	62
TSO1D	89	1	0	0	34	8	2	21	2	0	0	0	157
TShilo12	59	4	0	0	8	2	0	5	2	0	0	0	80
TUF-KAT	542	39	0	0	0	0	0	12	1	0	0	0	594
Ta bu shi da yu	1396	57	0	0	88	47	0	171	56	0	0	0	1815
Tabercil	423	35	5	0	54	11	1	179	4	1	0	0	713
Tadakuni	9	0	0	0	0	0	0	0	0	0	0	0	9
Taelus	390	36	5	0	102	6	30	32	16	12	0	0	629
Talrias	255	8	0	0	23	14	0	82	17	0	0	0	399
Tango	341	2	0	0	4	2	0	75	4	0	0	0	428
Tangotango	1509	28	0	0	23	1	1	621	17	0	0	0	2200
Tanner-Christopher	10	0	0	0	13	0	4	1	1	0	0	0	29
Tannin	57	2	0	0	1	0	0	22	1	0	0	0	83
Tanthalas39	2269	25	0	0	1048	47	168	3303	71	55	0	6	6992
Tariqabjotu	319	28	2	0	869	96	69	540	90	6	0	1	2020
Tassedethe	3538	217	1	0	10	6	2	9	0	1	0	0	3784
Taw	88	17	0	0	0	2	0	0	0	0	0	0	107
Tawker	4365	51	0	0	281	18	12	1753	349	0	0	9	6838
Taxman	246	19	1	2	15	10	0	175	12	0	34	337	851
Tbo 157	30	2	0	0	3	1	0	24	6	0	0	0	66
Tbsdy lives	2601	50	0	0	147	5	13	55	5	6	0	0	2882
Tcncv	192	4	0	0	241	6	67	404	4	14	0	3	935
TeaDrinker	1781	22	0	0	23	1	7	255	4	2	0	1	2096
Tedder	1688	20	3	0	861	59	182	603	17	53	0	3	3489
TenOfAllTrades	414	17	0	0	73	5	12	717	41	15	0	5	1299
TerriersFan	1461	63	0	0	160	12	10	250	10	2	0	0	1968
Terrillja	0	0	0	0	1	0	0	0	0	0	0	0	1
TexasAndroid	19732	507	0	0	370	41	12	643	37	1	0	1	21344
Texture	450	10	0	0	1	1	0	34	1	0	0	0	497
Tfinc	0	0	0	0	0	0	0	0	0	0	0	2	2
ThaddeusB	1578	293	0	0	14	4	4	60	5	4	0	1	1963
Thatcher	2740	118	9	96	243	59	27	3065	338	25	0	32	6752
Thatcher131	0	1	0	0	0	0	0	0	0	0	0	0	1
Thatislifeandlove	0	0	0	0	2	0	0	0	0	0	0	0	2
The Anome	3429	86	0	0	355	35	28	4580	193	91	0	2	8799
The Cunctator	7	63	0	0	5	17	0	11	6	0	0	0	109
The Earwig	1244	160	3	0	33	3	0	21	1	0	0	12	1477
The Epopt	3283	41	0	0	27	2	0	44	12	0	0	0	3409
The JPS	7888	44	0	0	210	23	13	408	14	0	0	1	8601
The Land	454	6	0	0	12	5	0	96	13	0	0	0	586
The Placebo Effect	366	12	0	0	41	8	7	27	4	0	0	2	467
The Rambling Man	3248	12	0	0	85	4	5	791	6	1	279	172	4603
The Random Editor	88	0	0	0	21	0	0	39	1	0	0	0	149
The Singing Badger	25	0	0	0	0	0	0	2	0	0	0	0	27
The Tom	146	12	0	0	41	12	0	4	0	0	0	0	215
The Transhumanist	0	0	0	0	3	0	0	0	0	0	0	0	3
The Wordsmith	678	8	3	0	15	4	3	20	4	1	0	1	737
The ed17	177	15	10	0	122	13	52	30	0	12	0	12	443
The undertow	809	10	0	0	38	9	4	112	7	0	0	4	993
The wub	6392	53	0	0	26	5	0	177	9	0	0	2	6664
The-G-Unit-Boss	1409	5	0	0	102	3	12	24	0	0	0	0	1555
TheCoffee	29337	43	0	0	20	14	0	29	3	1	0	0	29447
TheCustomOfLife	43	0	0	0	6	1	0	3	0	0	0	0	53
TheDJ	1523	51	0	0	13	2	4	3	0	1	0	0	1597
TheParanoidOne	12440	29	0	0	0	0	0	0	0	0	0	0	12469
TheProject	2205	13	0	0	21	8	0	67	3	0	0	0	2317
Thedemonhog	30	0	0	0	0	0	1	0	0	0	0	2	33
Thehelpfulone	702	23	2	0	226	8	44	135	7	15	0	27	1189
Theleftorium	232	17	19	0	7	1	1	13	2	2	0	0	294
TheoClarke	269	17	0	0	0	1	0	17	2	0	0	0	306
Therequiembellishere	0	0	0	0	1	0	0	0	0	0	0	0	1
Theresa knott	1860	55	0	0	248	59	16	1617	237	4	0	0	4096
Thespian	3	1	0	0	4	0	0	2	1	0	0	0	11
Thingg	3545	42	0	0	60	3	10	440	7	8	0	5	4120
Thogo	0	0	2	0	0	0	0	0	0	0	0	0	2
Thorpe	319	4	0	0	10	2	1	22	4	0	0	0	362
Thryduulf	853	61	0	0	75	42	2	56	18	1	0	0	1108
Thue	8064	32	0	0	29	8	0	370	37	1	0	0	8541
Thumperward	5	3	0	0	2	2	2	1	0	0	0	0	15
Thunderboltz	611	28	0	0	13	6	0	80	0	0	0	0	738
Thunderbrand	3589	9	0	0	3	2	0	39	2	0	0	0	3644
Tide rolls	128	0	4	0	4	0	1	441	0	1	0	0	579
TigerShark	1146	55	0	0	43	11	3	1039	43	0	0	0	2340
Tijuana Brass	2988	48	0	0	33	4	0	99	10	0	0	0	3182
Tikiwont	7409	724	0	0	80	16	0	529	10	13	0	0	8781
Tillwe	45	0	0	0	0	0	0	3	0	0	0	0	48
Tim Ivorson	8	4	0	0	1	0	0	0	0	0	0	0	13
Tim Song	1890	398	58	0	125	5	24	1166	43	234	0	30	3973
Tim Starling	42	11	1	0	7	3	0	15	23	0	5	0	107
Tim!	861	27	0	0	4	3	0	46	2	0	0	0	943
TimVickers	1318	46	0	0	201	16	82	904	29	11	0	5	2612
Timc	35	1	0	0	0	1	0	2	0	0	0	0	39
Timichal	1	17	0	0	0	0	0	0	0	0	0	0	18
Timrollpickering	350	2	0	0	22	3	7	7	0	0	0	0	391
Timwi	338	17	0	0	3	6	0	0	0	0	0	0	364
Tinselfairy1	0	0	0	0	2	0	0	0	0	0	0	0	2
Tinucherian	3	1	0	0	40	0	5	0	0	0	0	5	54
Tiptoety	16966	177	36	0	1203	1176	263	4855	226	532	0	362	25796
Titoxd	2945	420	0	0	106	42	3	1567	366	1	0	5	5455
Tivedshambo	2221	26	3	0	37	4	6	699	17	19	0	31	3063
Tizio	1872	51	0	0	21	31	0	21	1	0	0	0	1997
Tkinias	3	0	0	0	0	0	0	0	0	0	0	0	3
Tnxman307	11232	54	11	0	267	2	23	6407	56	111	0	17	18180
Toby Bartels	21	149	0	0	1	3	0	0	1	0	0	0	175
Toddst1	7124	106	2	0	846	53	84	7554	288	233	0	40	16330
Tom	1383	30	0	0	34	11	5	82	1	0	0	0	1546
Tom harrison	3137	161	0	0	369	114	43	1864	109	6	0	0	5803
Tom-	37	3	0	0	8	3	0	4	0	0	0	0	55
TomStar81	434	5	0	0	66	6	8	51	2	0	0	0	572
TomTheHand	97	54	0	0	0	2	0	61	8	0	0	0	222
Tompagenet	5	0	0	0	0	0	0	0	0	0	0	0	5
Tone	17891	175	0	0	56	3	11	138	0	0	0	0	18274
Tony Fox	1471	9	0	0	84	2	10	559	10	6	0	0	2151
Tony Sidaway	1039	403	0	0	359	596	0	357	124	0	0	0	2878
Tonywalton	3382	12	0	0	35	5	9	454	26	27	0	2	3952
Toon05	1386	110	1	0	59	12	5	160	7	16	0	6	1762
Topbanana	831	7	0	0	9	1	2	3	0	0	0	0	853
TorNodeBot	0	0	0	0	0	0	0	32	0	0	0	0	32
Tra	118	11	0	0	37	5	0	5	0	0	0	0	176
TravisTX	889	14	0	0	64	3	11	225	42	35	0	5	1288
Trebor	296	3	0	0	75	26	0	83	7	0	0	0	490
Tregoweth	4330	57	0	0	140	18	0	890	40	0	0	0	5475
Trevor MacInnis	2237	233	0	0	137	7	27	472	11	2	0	3	3129
Trevor Parscal	2	0	0	0	0	0	0	0	0	0	0	0	2
Trialsanderrors	663	295	0	0	52	60	0	20	2	0	0	0	1092
Triddle	5	0	0	0	3	2	0	4	0	0	0	0	14
Trilobite	514	1	0	0	3	3	0	63	6	0	0	0	590
Tristanb	5	10	0	0	0	0	0	0	0	0	0	0	15
Troy 07	0	0	0	0	1	0	0	0	0	0	0	0	1
Trusilver	757	11	0	0	62	1	4	1236	35	12	0	1	2119
Trödel	182	24	0	0	6	2	0	61	12	1	0	0	288
Turnstep	786	8	0	0	2	0	0	1	0	0	0	0	797
TwinsMetsFan	1900	26	0	0	38	6	2	17	0	0	0	1	1990
Typesships	0	0	0	0	1	0	0	0	0	0	0	0	1
Tyrenius	2648	63	0	0	69	12	9	271	31	1	0	7	3111
Tznkai	223	5	0	0	83	9	17	143	21	6	0	2	509
UberScienceNerd	165	2	0	0	0	0	0	69	0	0	0	0	236
Ucucha	911	77	2	0	45	4	14	43	0	4	0	6	1106
Ugen64	1038	30	0	0	34	6	1	174	22	0	0	0	1305
UkPaolo	1439	57	0	0	15	5	0	131	3	0	0	0	1650
Ultraexactzz	3369	69	3	0	101	4	4	479	58	6	0	3	4096
Uncle G	1959	234	0	0	33	0	5	167	1	1	0	0	2400
UninvitedCompany	1830	43	0	0	60	27	0	119	33	0	62	46	2220
UpstateNYer	430	1	2	0	3	0	4	5	1	0	0	80	526
Urhixidur	386	21	0	0	2	0	0	8	0	0	0	0	417
Useight	2087	23	0	0	40	3	4	342	9	0	205	10	2723
User2004	117	2	0	0	16	6	0	124	27	0	0	0	292
Utcursch	6681	156	0	0	77	4	9	2446	18	6	0	0	9397
UtherSRG	7660	134	0	0	126	10	5	762	21	3	0	0	8721
Vague Rant	26	4	0	0	0	2	0	4	1	0	0	0	37
Valley2city	654	7	2	0	24	5	8	218	2	9	0	16	945
VampWillow	388	1	0	0	30	8	0	12	3	0	0	0	442
Vancouverguy	935	0	0	0	0	0	0	0	0	0	0	0	935
Vanished user	166	16	0	0	29	8	2	105	14	0	0	0	340
Vaoverland	45	2	0	0	0	0	0	17	0	0	0	0	64
Vary	651	55	0	0	33	4	3	202	9	1	0	0	958
Vassyana	599	15	30	0	31	4	3	120	30	0	0	0	832
VegaDark	12315	292	0	0	167	150	104	804	340	1	0	0	14173
Vegaswikian	10809	54	0	0	94	5	15	40	2	3	0	0	11022
Veinor	2265	18	0	0	36	4	1	365	24	2	0	0	2715
Verrai	748	5	0	0	14	6	0	69	2	1	0	0	845
Versageek	3637	27	8	0	110	1	18	893	16	19	0	15	4744
Viajero	52	4	0	0	10	9	0	15	4	0	0	0	94
Vianello	2674	30	1	0	38	1	7	986	24	65	0	3	3829
Vicky Lee	0	0	0	0	1	0	0	0	0	0	0	0	1
Victuallers	77	5	0	0	242	3	13	15	1	1	0	0	357
Violetriga	1640	119	0	0	79	33	0	131	43	0	0	0	2045
Viridae	1042	101	0	0	86	34	26	532	88	11	0	19	1939
VirtualSteve	1822	40	0	0	404	22	37	1488	36	48	0	8	3905
Vishal	1	0	0	0	5	3	0	0	0	0	0	0	9
Visorstuff	6	1	0	0	4	1	0	0	0	0	0	0	12
Visviva	52	0	0	0	3	1	0	3	1	0	0	0	60
Voice of All	5632	83	1	0	488	2115	6	1046	107	0	0	6	9484
Vsmith	1290	4	9	0	176	11	36	5170	26	15	0	3	6740
Vulcan Hephaestus	0	0	0	0	4	0	0	0	0	0	0	0	4
WAvegetarian	270	20	0	0	8	3	0	69	6	0	0	0	376
WJBscribe	9411	221	2	0	397	498	40	2639	165	0	2734	330	16437
WODUP	2286	35	0	0	86	3	10	665	57	6	0	10	3158
WOSlinker	118	2	0	0	1	0	0	0	0	0	0	0	121
Wafulz	5422	95	0	0	160	11	9	1299	44	0	0	0	7040
Waggers	894	2	0	0	50	1	2	1144	8	1	0	0	2102
Waldir	45	24	0	0	3	0	0	0	0	0	0	0	72
Walter	0	0	0	0	0	0	0	1	0	0	0	0	1
Walton One	842	19	0	0	3	3	0	25	2	0	0	0	894
Waltpohl	29	0	0	0	2	0	0	0	0	0	0	0	31
Wangi	822	45	0	0	23	21	2	387	22	0	0	0	1322
Wapcaplet	2	0	0	0	0	0	0	0	0	0	0	0	2
Warofdreams	1016	25	0	0	5	1	1	27	1	0	257	150	1483
Wassupwestcoast	224	22	0	0	14	5	2	14	2	0	0	0	283
Water Bottle	282	22	0	0	2	0	0	30	3	0	0	0	339
Wayward	1420	1	0	0	2	2	0	695	30	0	0	0	2150
Wee Jas	0	0	0	0	1	0	0	0	0	0	0	0	1
Wehwalt	361	9	2	0	31	17	18	61	11	12	0	18	540
Werdna	364	10	2	0	35	1	4	74	24	4	0	9	527
Werdna648	0	0	0	0	1	0	0	0	0	0	0	0	1
WereSpielChequers	5007	183	10	0	109	2	3	236	1	3	0	116	5670
Wernher	49	0	0	0	0	0	0	1	0	0	0	0	50
Wesley	0	1	0	0	0	0	0	2	0	0	0	0	3
Wgfinley	159	5	0	0	12	2	0	25	12	5	0	0	220
Where	412	4	0	0	0	0	0	81	11	0	0	0	508
WhisperToMe	480	168	0	0	56	10	2	29	4	0	0	0	749
Who	1298	5	0	0	15	9	0	456	98	0	0	0	1881
Whouk	511	6	0	0	1	1	0	13	0	0	0	0	532
Wickethewok	2741	44	0	0	18	0	0	63	2	0	0	0	2868
Wiglaf	48	3	0	0	4	1	0	26	6	0	0	0	88
Wiki alf	1888	18	0	0	59	27	0	1503	32	5	0	0	3532
WikiLeon	537	18	1	0	110	20	2	545	61	10	0	5	1309
Wikiacc	780	31	0	0	7	5	0	31	8	0	0	0	862
Wikibofh	246	7	0	0	42	48	0	784	37	0	0	0	1164
Wile E. Heresiarch	619	1	0	0	1	0	0	25	0	0	0	0	646
Wilfried Derksen	75	7	0	0	13	5	0	2	0	0	0	0	102
Will Beback	925	114	10	0	450	120	31	1749	109	20	0	3	3531
William M. Connolley	510	18	0	0	173	29	25	2029	223	27	0	0	3034
William Pietri	450	4	0	0	1	0	0	10	0	0	0	0	465
WilliamH	287	4	0	0	24	2	1	122	2	3	0	17	462
Willking1979	3403	66	27	0	100	2	19	2612	13	76	0	8	6326
WilyD	1664	52	0	0	27	2	8	177	15	1	0	1	1947
Wimt	622	30	0	0	59	8	2	917	21	0	0	12	1671
Winhunter	7310	71	0	0	292	52	5	1376	252	1	0	3	9362
Wissel Wall	0	0	0	0	1	0	0	0	0	0	0	0	1
Wizardman	14274	109	61	0	522	14	25	334	12	4	0	6	15361
Wknight94	16646	386	2	0	837	196	114	8816	204	55	0	5	27261
Wneedham02	0	0	0	0	1	0	0	0	0	0	0	0	1
Woggly	167	7	0	0	12	0	0	75	14	0	0	0	275
Woody	4997	70	24	0	191	13	27	216	34	11	0	8	5591
Woohookitty	7804	163	0	0	503	475	5	1259	172	0	0	2	10383
Woooooooooop	0	0	0	0	1	0	0	0	0	0	0	0	1
Worldtraveller	215	0	0	0	4	4	0	19	2	0	0	0	244
Wouterstomp	27	0	0	0	0	0	0	0	0	0	0	0	27
Wpedzich	4	0	0	0	0	0	0	0	0	0	0	0	4
Wrp103	1	0	0	0	0	0	0	111	0	0	0	0	112
Wtmitchell	37	1	0	0	3	1	0	109	3	5	0	0	159
Wwoods	179	34	0	0	93	4	10	61	0	0	0	0	381
Wwwwolf	2637	27	0	0	39	5	0	5	1	0	0	0	2714
X!	2149	57	4	0	74	18	18	312	44	18	50	39	2783
XDanielx	65	5	0	0	0	0	0	0	0	0	0	0	70
XJamRastafire	8	0	0	0	5	3	0	0	0	0	0	0	16
Xaosflux	7836	309	0	0	612	287	251	853	83	31	0	12	10274
Xavexgoem	441	26	0	0	53	12	12	119	13	6	0	5	687
Xdamr	1040	10	0	0	2	0	0	29	1	1	0	0	1083
Xeno	10793	789	43	0	369	222	487	1360	660	208	335	475	15741
Xezbeth	8103	89	0	0	57	10	0	388	6	2	0	0	8655
Xiner	210	4	0	0	10	1	0	72	4	0	0	0	301
Xnuala	62	0	0	0	0	0	0	3	1	0	0	0	66
Xoloz	7424	810	0	0	211	56	1	70	6	0	0	0	8578
Xymmax	1018	73	0	0	203	17	53	104	4	6	0	5	1483
Y	2495	49	1	0	52	11	8	94	5	0	0	0	2715
Y0u	345	0	0	0	0	0	0	13	2	0	0	0	360
Yamamoto Ichiro	1130	19	0	0	222	111	196	1596	36	11	0	67	3388
Yamla	3576	27	0	0	1223	59	16	4159	980	0	0	0	10040
Yandman	304	3	0	0	16	1	2	135	8	0	0	0	469
Yanksox	2711	57	0	0	113	30	0	228	20	0	0	0	3159
Yann	2	0	0	0	0	0	0	0	0	0	0	0	2
Yannismarou	297	2	0	0	20	7	1	48	1	0	0	1	377
YellowMonkey	8884	235	1	0	981	97	79	2244	161	22	0	5	12709
Yelyos	43	0	0	0	1	1	0	8	1	0	0	0	54
Yet Another Redirect Cleanup Bot	6523	0	0	0	0	0	0	0	0	0	0	0	6523
Ynhockey	196	3	0	0	9	1	0	9	0	1	0	0	219
Yomangani	1125	9	0	0	36	8	0	31	2	0	0	0	1211
Yonatan	255	54	0	0	10	9	8	85	9	0	0	2	432
Youngamerican	1273	54	0	0	57	23	3	33	2	0	0	0	1445
Zanimum	1372	62	0	0	56	17	0	121	12	0	0	0	1640
Zedla	873	6	0	0	32	2	2	122	9	0	0	0	1046
Zemaiteska	0	0	0	0	1	0	0	0	0	0	0	0	1
Zero0000	109	4	0	0	16	6	2	49	2	1	0	0	189
ZimZalaBim	2604	19	0	0	58	8	0	139	2	0	0	0	2830
Zippy	13	8	0	0	5	2	4	35	6	0	0	0	73
Zocky	262	18	0	0	21	8	0	21	8	0	0	0	338
Zoe	5859	83	0	0	244	12	0	1240	99	0	0	0	7537
Zoicon5	33	0	0	0	0	0	0	0	0	0	0	0	33
Zoney	20	11	0	0	3	2	0	1	1	0	0	0	38
Zscout370	11875	281	0	0	323	66	27	615	95	3	0	9	13294
Zsinj	2556	13	0	0	38	2	0	442	39	0	0	0	3090
Zzuuzz	5709	223	517	0	1164	1241	620	10489	857	402	0	33	21255
Zzyzx11	9428	311	3	0	1225	567	23	378	53	6	0	2	11996
^demon	28642	182	0	0	40	7	3	76	12	1	0	1	28964
Ævar Arnfjörð Bjarmason	213	3	0	0	1	0	0	7	2	0	0	0	226
Ø	0	0	0	0	2	0	0	0	0	0	0	0	2
èªç±åå¤	0	0	0	0	1	0	0	0	0	0	0	0	1
ï¾	0	0	0	0	2	0	0	0	0	0	0	0	2
Totals	6824500	141166	13624	1534	214465	42572	22834	1151200	80831	22696	17397	17377	8550196
