User	DL	UD	RD	PT	UP	PM	BL	UB	BM	UR	RM	Total
(aeropagitica)	11928	38	0	50	2	0	1733	42	0	0	0	13793
172	16	0	0	23	7	0	52	40	0	0	0	138
17Drew	317	1	0	2	0	0	37	1	0	0	0	358
23skidoo	537	8	0	31	6	0	131	13	0	0	0	726
52 Pickup	104	3	0	6	1	0	73	6	0	0	0	193
@pple	527	51	0	4	1	0	66	9	0	0	0	658
A Man In Black	3052	63	0	164	24	1	179	34	0	0	0	3517
A Train	237	6	0	19	4	0	51	2	2	0	0	321
A. B.	121	576	0	100	2	4	238	32	6	0	0	1079
AA	492	5	0	2	1	0	10	2	0	0	0	512
ABCD	3138	29	0	432	27	0	62	41	0	0	2	3731
AGK	1722	121	0	242	60	56	570	82	3	0	62	2918
AKeen	9	5	0	5	0	2	0	0	0	0	0	21
AQu01rius	298	2	0	12	5	0	41	0	0	0	0	358
AZT2008	0	0	0	1	0	0	0	0	0	0	0	1
Aarktica	207	2	0	1	0	0	2	1	0	0	0	213
Aaron Brenneman	1030	25	0	41	81	1	136	13	0	0	0	1327
Academic Challenger	19757	38	0	183	34	0	2651	20	5	0	0	22688
Acalamari	5532	69	0	2857	71	178	1230	112	13	0	762	10824
Accounting4Taste	21929	50	0	296	12	2	81	0	0	0	2	22372
Acetic Acid	65	3	0	7	2	0	66	9	0	0	0	152
Acropolis now	0	0	0	3	0	0	0	0	0	0	0	3
Acroterion	20356	43	0	430	10	17	1855	44	51	0	12	22818
Adam Bishop	3637	17	0	45	12	1	121	22	0	0	1	3856
Adambiswanger1	75	0	0	15	4	0	48	1	0	0	0	143
Adambro	1601	15	0	32	1	3	142	6	1	0	4	1805
Adashiel	362	51	0	51	33	1	369	29	0	0	0	896
Addshore	529	7	0	3	1	2	166	7	3	0	5	723
AdjustShift	88	0	0	13	1	1	150	2	23	0	1	279
Admiral Norton	380	6	0	6	0	0	6	0	0	0	2	400
Admrboltz	2718	1	0	26	15	0	30	9	0	0	2	2801
Aecis	3805	39	0	91	5	0	163	3	0	0	0	4106
Aervanath	1887	301	0	43	5	6	51	10	2	0	0	2305
After Midnight	31698	186	0	32	6	0	57	6	0	0	0	31985
Agathoclea	1126	48	0	51	5	4	167	16	1	0	1	1419
Ahoerstemeier	13551	107	0	43	5	1	1998	11	2	0	0	15718
Ais523	299	16	0	16	3	0	8	6	0	0	0	348
Aitias	3438	68	0	224	18	298	1224	78	51	0	74	5473
Akhilleus	856	4	0	41	3	4	426	30	1	0	0	1365
Akradecki	5185	53	0	168	3	3	304	22	31	0	0	5769
Aksi great	1926	12	0	26	8	1	591	30	0	0	0	2594
Al Ameer son	20	1	0	7	2	2	6	1	0	0	1	40
Alai	1393	17	0	10	3	0	42	3	0	0	0	1468
AlainV	1	0	0	0	0	0	0	0	0	0	0	1
Alasdair	539	3	0	11	1	0	226	11	1	0	0	792
Aldux	109	1	0	170	35	0	201	18	0	0	0	534
Ale jrb	1150	4	0	1	0	0	152	1	1	0	1	1310
Alex Bakharev	1724	146	0	472	44	41	1750	178	5	0	0	4360
Alex S	34	4	0	0	0	0	0	0	0	0	0	38
Alex.muller	548	22	0	22	1	1	305	15	0	0	11	925
Alex756	2	0	0	0	0	0	0	0	0	0	0	2
Alexf	13130	88	0	277	10	57	4165	37	7	0	0	17771
AlexiusHoratius	5	0	0	52	4	18	13	0	1	0	0	93
Alhutch	621	3	0	15	6	0	175	9	0	0	0	829
Alison	2355	122	93	1076	199	114	4734	334	13	0	60	9100
AlisonW	472	11	0	54	3	1	120	10	0	0	0	671
AlistairMcMillan	203	16	0	15	1	0	59	3	0	0	0	297
AliveFreeHappy	192	1	0	2	0	0	2	0	0	0	0	197
Alkivar	2396	136	0	252	27	9	470	41	0	0	0	3331
Allen3	10768	51	0	179	49	12	131	5	0	0	1	11196
AllyUnion	1913	26	0	98	11	0	38	11	0	0	0	2097
Alphachimp	6552	108	0	292	146	1	3924	117	2	0	0	11142
Altenmann	4974	252	0	269	63	16	1231	99	1	0	0	6905
Alteripse	2	0	0	2	1	0	13	1	0	0	0	19
Alvestrand	443	29	0	4	2	0	51	4	1	0	0	534
Amalas	1220	2	0	4	52	0	0	0	0	0	0	1278
Amalthea	2206	46	0	43	8	4	62	10	13	0	11	2403
Amberrock	544	7	0	19	3	0	115	9	0	0	0	697
Amcaja	54	3	0	0	1	0	58	2	0	0	0	118
Ameliorate!	389	5	0	46	3	2	126	8	1	0	2	582
AmiDaniel	2801	138	0	165	44	2	749	126	1	0	1	4027
Amire80	272	38	0	5	2	1	30	4	0	0	1	353
Amophar	0	0	0	1	0	0	0	0	0	0	0	1
Ams80	12	0	0	0	0	0	0	0	0	0	0	12
Anas Salloum	665	5	0	1	0	0	351	2	0	0	0	1024
Ancheta Wis	15	2	0	1	0	0	5	0	0	0	0	23
AndonicO	374	28	0	291	30	45	1347	51	0	0	0	2166
Andre Engels	2	0	0	0	0	0	1	0	0	0	0	3
Andres	3	3	0	1	0	0	0	0	0	0	0	7
Andrevan	657	87	0	20	11	0	85	28	0	1202	28	2118
Andrew Levine	718	15	0	19	2	0	33	6	0	0	0	793
Andrew Norman	48	1	0	27	2	0	75	7	0	0	0	160
Andrew Yong	16	1	0	0	0	0	0	0	0	0	0	17
Andrew c	1357	54	0	33	2	1	116	8	1	0	0	1572
Andrewa	85	6	0	0	0	0	0	0	0	0	0	91
Andris	17	0	0	0	0	0	0	0	0	0	0	17
Android79	3349	27	0	56	13	0	260	29	0	0	0	3734
Andrwsc	7536	88	0	58	53	8	104	1	0	0	0	7848
AndyZ	911	12	0	0	0	0	113	4	0	0	0	1040
AnemoneProjectors	611	67	0	83	47	2	124	1	4	0	0	939
Anetode	9131	316	0	250	13	7	1242	57	0	0	8	11024
AngelOfSadness	1026	2	0	44	2	5	132	14	1	0	0	1226
Angela	2311	43	0	5	2	0	59	30	0	156	6	2612
Angelo.romano	883	116	0	118	15	6	74	2	0	0	0	1214
Angr	34264	205	0	199	52	25	763	29	2	0	0	35539
Angusmclellan	13785	133	0	11	2	1	60	6	0	0	17	14015
AniMate	153	4	0	7	2	0	54	3	3	0	1	227
Animum	1924	276	0	225	29	54	1704	315	4	0	28	4559
AnonEMouse	146	24	0	30	4	2	122	9	0	0	0	337
Anonymous Dissident	1277	23	0	373	32	55	484	13	1	396	44	2698
Anonymous editor	481	1	0	57	16	0	431	32	0	0	0	1018
Antandrus	7398	26	0	415	56	27	5338	354	45	0	1	13660
Anthere	38	1	0	4	4	0	4	1	0	0	2	54
Anthony Appleyard	23859	3137	0	57	3	13	1	0	0	0	0	27070
Anthony.bradbury	12235	63	0	54	2	3	1556	35	24	0	0	13972
AntiAbuseBot	50	0	0	0	0	46	1018	1	18	0	0	1133
AntonioMartin	9	3	0	5	3	0	5	18	0	0	0	43
Apokryltaros	0	0	0	1	0	0	0	0	0	0	0	1
Appraiser	323	6	0	5	0	0	1	0	0	0	0	335
Aqwis	179	6	0	28	4	7	39	1	0	0	2	266
Aranel	1087	18	0	13	0	0	24	3	0	0	0	1145
Arcadian	200	18	0	31	1	0	74	4	0	0	0	328
Archtransit	5	2	0	13	2	1	17	15	0	0	0	55
Arctic.gnome	206	5	0	18	2	1	25	1	0	0	1	259
Aris Katsaris	6	0	0	1	0	0	0	0	0	0	0	7
Arjun01	517	5	0	116	23	0	375	14	0	0	0	1050
Arminius	130	1	0	7	3	0	14	2	0	0	0	157
ArnoldReinhold	220	2	0	5	1	2	3	1	1	0	0	235
Art LaPella	71	2	0	0	0	0	0	0	0	0	0	73
Arthur Rubin	439	40	0	38	5	4	332	42	11	0	2	913
Aruk Besadii Aora	0	0	0	2	0	0	0	0	0	0	0	2
Arvindn	13	0	0	1	1	0	0	0	0	0	0	15
Arwel Parry	148	8	0	39	8	0	652	38	1	0	0	894
Asbestos	72	2	0	0	0	0	25	3	0	0	0	102
Asterion	95	7	0	69	8	3	121	15	0	0	0	318
AstroNomer	0	0	0	0	0	0	1	0	0	0	0	1
Athaenara	20994	132	0	15	2	1	26	5	0	0	0	21175
Atlant	92	1	0	11	0	0	572	20	2	0	0	698
AuburnPilot	2951	223	0	505	68	51	1118	139	24	0	19	5098
Audacity	20	2	0	1	1	0	1	1	0	0	0	26
Aude	1172	39	0	47	11	5	514	17	0	0	2	1807
Ausir	23	2	0	0	0	0	1	0	0	0	0	26
Avraham	1275	145	2	172	34	16	889	105	31	209	80	2958
Awiseman	19	2	0	14	0	0	9	0	0	0	0	44
Awolf002	13	0	0	0	0	0	2	0	0	0	0	15
AxelBoldt	39	6	0	8	1	0	0	0	0	0	0	54
AzaToth	1649	122	0	118	38	30	159	22	1	0	8	2147
B	14171	199	0	297	28	27	810	100	6	0	11	15649
BD2412	2798	1218	0	46	12	1	213	24	1	0	0	4313
BOZ	8	74	0	20	3	4	1	0	0	0	0	110
Babajobu	297	2	0	1	1	0	19	3	0	0	0	323
Baboon Faceless	0	0	0	2	0	0	0	0	0	0	0	2
Backslash Forwardslash	2988	59	0	66	2	8	268	5	56	0	7	3459
Balloonman	268	12	0	13	2	1	50	8	4	0	2	360
Banes	62	7	0	2	0	0	158	2	0	0	0	231
Banno	10	5	0	9	2	0	50	2	0	0	0	78
BanyanTree	1868	63	0	202	245	4	396	11	0	0	0	2789
Barneca	1231	47	0	110	11	14	1013	46	19	0	1	2492
Barneca sock 1	0	0	0	1	0	0	0	0	0	0	0	1
BaronLarf	180	18	0	4	1	0	97	1	0	0	0	301
Bastique	353	92	0	48	8	4	121	51	0	4	51	732
Bazonka	0	0	0	1	0	0	0	0	0	0	0	1
Bbatsell	391	9	0	18	2	0	350	18	0	0	0	788
Bcorr	129	7	0	9	1	0	67	10	0	2	1	226
Bdesham	25	0	0	3	0	0	0	0	0	0	0	28
Bduke	257	18	0	23	7	3	24	0	0	0	0	332
Bearcat	3626	201	0	94	6	4	75	8	2	0	0	4016
Bearian	908	17	0	190	4	2	652	33	2	0	1	1809
Bedford	9	3	0	50	0	4	5	2	0	0	0	73
Beeblebrox	14	0	0	2	1	0	1	1	1	0	0	20
Beetstra	652	24	0	92	18	7	380	28	3	0	1	1205
Bel123456	0	0	0	1	0	0	0	0	0	0	0	1
Beland	192	1	0	13	12	1	10	0	0	0	0	229
Ben MacDui	285	1	0	2	0	0	8	0	0	0	0	296
Bencherlite	3787	84	0	173	4	13	511	8	8	0	8	4596
Berig	28	0	0	2	0	2	10	0	0	0	1	43
Betacommand	7463	46	0	76	379	0	3297	120	0	0	0	11381
Bettia	338	3	0	8	0	0	4	1	1	0	0	355
Bhadani	1301	7	0	95	19	1	478	10	0	0	0	1911
Bibliomaniac15	3951	26	0	217	31	17	1337	23	5	797	48	6452
BigHaz	3152	2	0	8	6	0	33	2	0	0	0	3203
BigrTex	960	10	0	2	0	0	1	0	0	0	0	973
Bigtimepeace	390	6	0	2	1	0	61	4	1	0	0	465
Bill	0	0	0	1	0	0	0	0	0	0	0	1
Billinghurst	996	2	0	2	0	0	1	0	0	0	0	1001
BillyH	47	2	0	0	1	0	1	0	0	0	0	51
BirgitteSB	167	7	0	0	0	0	1	1	0	0	1	177
Bishonen	574	75	0	196	46	7	569	209	1	0	0	1677
Bishzilla	53	11	0	16	2	2	24	6	0	0	5	119
Bjarki S	91	0	0	2	1	0	41	4	0	0	0	139
Bjelleklang	642	7	0	4	0	3	9	2	0	0	0	667
Bkell	1165	13	0	0	0	0	1	0	0	0	0	1179
Bkonrad	641	90	0	3	0	0	140	2	0	0	0	876
Black Falcon	4288	65	0	3	1	0	27	1	0	0	0	4385
Black Kite	4706	134	0	366	45	48	1214	101	28	0	15	6657
Blankfaze	386	1	0	3	2	0	7	1	0	0	0	400
Blood Red Sandman	663	5	0	5	0	0	242	10	2	0	1	928
Blubberboy92	0	0	0	1	0	0	0	0	0	0	0	1
Blueboy96	1226	20	0	203	5	30	2272	122	63	0	0	3941
Bluemoose	10610	47	0	27	10	0	93	18	0	0	0	10805
Bmicomp	404	2	0	6	4	0	38	11	0	0	0	465
Bobak	228	12	0	145	6	8	716	11	11	0	0	1137
Bobet	4957	181	0	55	18	1	224	10	0	0	0	5446
Bobo192	4944	3	0	2	3	0	2	0	0	0	0	4954
Bogdangiusca	3137	65	0	28	10	1	107	13	0	0	0	3361
Bongwarrior	8779	59	0	440	8	108	3691	34	111	0	2	13232
Bonkers Bobcat	0	0	0	1	0	0	0	0	0	0	0	1
Bookofjude	650	27	0	29	5	0	85	9	0	0	0	805
Bopped Kia	0	0	0	1	0	0	0	0	0	0	0	1
BorgHunter	597	25	0	54	19	1	117	28	0	0	0	841
BorgQueen	3952	32	0	1097	120	38	3389	168	18	0	0	8814
Borisblue	248	1	0	14	39	0	92	8	0	0	0	402
Bovlb	23	2	0	14	1	0	28	2	0	0	0	70
BozMo	285	6	0	13	3	0	114	13	0	0	0	434
BradBeattie	294	0	0	6	0	0	118	3	0	0	0	421
BradPatrick	17	0	0	4	0	0	5	0	0	0	0	26
Bradeos Graphon	4877	19	0	65	19	3	1211	79	0	0	0	6273
Brandon	3604	71	0	105	38	26	522	22	20	0	11	4419
Bratsche	568	16	0	18	46	0	145	19	0	0	0	812
Brendanconway	955	23	0	26	8	0	87	14	0	0	0	1113
BrendelSignature	3	0	0	74	5	4	105	8	0	0	0	199
Brian	6	2	0	3	0	1	2	1	0	0	0	15
Brian Kendig	28	3	0	5	6	0	2	0	0	0	0	44
Brian0918	931	79	0	258	47	4	2140	109	0	0	0	3568
Brianga	2282	9	0	1	1	1	442	7	5	0	0	2748
Briangotts	138	7	0	1	0	0	7	0	0	0	0	153
Brighterorange	181	11	0	1	0	0	21	1	0	0	0	215
Brion VIBBER	191	9	0	12	0	1	27	11	0	0	4	255
Brockert	189	51	0	3	3	0	31	30	0	0	0	307
BrokenSegue	1363	11	0	62	67	0	153	40	0	0	0	1696
Brookie	3997	53	0	212	3	0	229	4	0	0	0	4498
BrownHairedGirl	782	114	0	138	5	9	125	14	0	0	0	1187
Bryan Derksen	828	324	0	5	7	0	10	0	0	0	2	1176
Bubba hotep	2557	65	0	36	0	0	768	12	18	0	2	3458
Buchanan-Hermit	514	18	0	28	6	0	452	20	0	0	0	1038
Bucketsofg	643	22	0	66	6	0	224	8	0	0	0	969
Buckshot06	201	3	0	1	0	0	6	0	1	0	0	212
Bumm13	842	39	0	6	1	0	31	4	0	0	5	928
Bunchofgrapes	738	10	0	62	44	0	203	37	0	0	0	1094
Burgundavia	1105	0	0	4	0	0	1	0	0	0	0	1110
Burstorder	0	0	0	2	0	0	0	0	0	0	0	2
Butseriouslyfolks	5143	83	0	36	3	1	137	15	0	0	0	5418
C-3PO	0	0	0	3	0	0	0	0	0	0	0	3
C.Fred	7260	57	0	207	5	6	1528	31	12	0	0	9106
C12H22O11	1351	5	0	49	8	0	47	7	0	0	0	1467
CALR	29	0	0	0	0	0	1	0	0	0	0	30
CAT:TEMP deletion bot	2120	0	0	0	0	0	0	0	0	0	0	2120
CBDunkerson	3497	64	0	683	49	0	30	22	0	0	1	4346
CBM	4315	112	0	236	96	22	56	18	1	0	3	4859
CIreland	997	32	0	169	12	23	353	18	9	0	1	1614
CJ	1927	79	0	112	22	3	277	18	0	0	1	2439
CJCurrie	389	19	0	126	8	2	118	13	0	0	0	675
CJLL Wright	1814	30	0	58	3	6	238	3	0	0	0	2152
CLW	13900	54	0	3	0	0	26	0	0	0	0	13983
CMBJ	0	0	0	1	0	0	0	0	0	0	0	1
COGDEN	53	14	0	2	0	0	4	0	1	0	0	74
CRGreathouse	7	0	0	0	0	0	1	1	1	0	0	10
CSTAR	58	4	0	6	3	0	93	3	0	0	0	167
CYD	1	0	0	1	0	0	0	0	0	0	0	2
Cactus.man	592	16	0	61	34	0	178	10	0	0	0	891
CactusWriter	445	86	0	5	2	0	25	3	4	0	3	573
Cacycle	175	11	0	25	2	1	11	0	0	0	1	226
Cailil	116	3	0	33	0	2	50	12	0	0	0	216
Caknuck	1943	8	0	185	30	32	706	11	6	0	0	2921
Calliopejen1	2730	80	0	11	2	0	5	0	0	0	0	2828
Caltrop	57	22	0	0	0	0	6	3	0	0	0	88
Camaron	722	254	0	293	48	72	274	27	18	0	17	1725
CambridgeBayWeather	14276	252	0	206	18	133	968	22	0	0	0	15875
Camembert	11	2	0	0	1	0	0	0	0	0	0	14
Camw	290	6	0	2	0	0	167	0	7	0	0	472
Can't sleep, clown will eat me	9514	230	0	3000	125	133	32088	586	0	0	0	45676
Canadian Paul	959	27	0	13	5	0	21	2	0	0	0	1027
Canadian-Bacon	426	2	0	16	3	0	232	5	0	0	0	684
CanadianCaesar	3505	62	0	53	14	0	1084	85	0	0	0	4803
Canderson7	1183	11	0	18	13	1	220	2	0	0	0	1448
Canley	745	7	0	0	1	0	3	0	0	0	0	756
Canterbury Tail	1245	7	0	58	7	8	370	13	9	0	0	1717
Cantthinkofagoodname	2	0	0	0	0	0	2	0	0	0	0	4
CapitalR	356	2	0	3	5	0	49	1	1	0	1	418
Capitalistroadster	620	1	0	3	0	0	23	3	0	0	0	650
Carabinieri	413	7	0	4	3	0	3	2	0	0	0	432
Carbonite	188	3	0	28	10	0	226	22	0	0	0	477
Carcharoth	33	75	0	2	1	0	1	2	0	0	0	114
Caribbean H.Q.	327	11	0	53	10	6	224	18	0	0	0	649
Carioca	2372	10	0	6	1	0	9	0	0	0	0	2398
Carlosguitar	2924	20	0	30	1	3	166	11	0	0	0	3155
Carlossuarez46	10563	129	0	27	2	0	66	6	1	0	0	10794
Carnildo	2388	97	0	89	17	2	59	21	0	0	3	2676
Cary Bass	1	2	14	5	1	1	1	2	0	2	0	29
Casliber	94	46	7	121	4	18	110	4	0	0	2	406
Catbar	28	0	0	2	1	0	11	0	0	0	0	42
CatherineMunro	69	13	0	0	0	0	3	3	0	0	0	88
CattleGirl	908	12	0	19	3	1	42	7	0	0	0	992
Caulde	2522	84	0	423	28	54	892	36	0	0	78	4117
Causa sui	1691	40	0	87	53	18	255	17	2	0	1	2164
Cbl62	9	0	0	2	0	0	0	0	0	0	0	11
Cbrown1023	3423	75	0	400	72	7	205	32	0	0	8	4222
Cburnett	48	18	0	6	2	0	14	5	0	0	0	93
Cdc	2188	10	0	10	9	0	21	2	0	0	0	2240
Cecropia	39	3	0	36	5	0	6	6	0	215	328	638
Cedrus-Libani	101	4	0	1	0	0	0	0	0	0	0	106
Celestianpower	735	9	0	19	3	0	170	70	0	0	0	1006
Cenarium	1412	60	0	347	139	159	125	4	6	0	17	2269
Centrx	17213	402	0	1002	947	13	1333	212	0	0	0	21122
CesarB	3606	141	0	123	49	0	942	212	0	0	0	5073
Ceyockey	1778	47	0	4	0	0	15	2	0	0	0	1846
Chadloder	0	0	0	0	0	0	6	0	0	0	0	6
Chairboy	5156	13	0	69	8	0	187	14	0	0	0	5447
Chamal N	2	0	0	3	0	1	4	1	0	0	0	11
Chancemill	0	0	0	1	1	0	2	0	0	0	0	4
Charles Matthews	1199	31	0	3	1	0	127	20	0	0	0	1381
Chase me ladies, I'm the Cavalry	2161	37	0	421	26	48	809	31	13	0	1	3547
Chaser	1986	86	0	279	41	34	839	111	5	0	8	3389
Ched Davis	114	3	0	3	0	0	8	1	0	0	4	133
Chell and the cake	0	0	0	2	0	0	0	0	0	0	0	2
Chessnotator1967	0	0	0	1	0	0	0	0	0	0	0	1
Chick Bowen	4638	194	0	69	14	1	135	30	0	0	1	5082
Chillum	1457	25	0	49	11	7	622	41	67	0	8	2287
Chmod007	13	2	0	2	0	0	1	1	0	0	0	19
Chochopk	27	37	0	1	0	0	2	1	0	0	0	68
Choess	7	4	0	0	0	0	0	0	0	0	0	11
Cholmes75	4580	10	0	26	0	0	112	3	0	0	0	4731
Chris 73	1929	15	0	46	8	0	697	30	3	0	0	2728
Chris G	6858	154	0	247	15	38	2910	70	224	0	8	10524
Chris Roy	3	0	0	0	0	0	1	0	0	0	0	4
ChrisGriswold	1126	16	0	51	8	0	210	21	0	0	0	1432
ChrisO	2405	22	0	337	63	35	757	39	3	0	1	3662
ChrisTheDude	676	16	0	6	0	0	13	2	0	0	0	713
Chrislk02	4100	61	0	134	21	8	1632	91	12	0	5	6064
Christopher Mahan	38	5	0	0	0	0	0	0	0	0	0	43
Christopher Parham	495	6	0	4	2	0	24	1	0	0	0	532
Christopher Sundita	62	39	0	8	4	0	17	2	0	0	0	132
Chuck SMITH	0	1	0	0	0	0	0	0	0	0	0	1
Chunky Rice	342	1	0	4	3	0	31	2	0	0	0	383
Chuq	214	19	0	13	2	1	93	6	0	0	0	348
CieloEstrellado	0	0	0	1	0	0	0	0	0	0	0	1
Cimon Avaro	213	10	0	2	5	1	4	0	0	6	2	243
Circeus	1726	8	0	50	27	0	155	13	0	0	0	1979
Cirt	5501	52	0	331	9	43	2456	15	10	0	2	8419
Citicat	685	14	0	20	1	0	33	4	0	0	0	757
Ck lostsword	308	4	0	13	1	5	308	16	0	0	0	655
Ckatz	1278	49	0	169	5	31	719	18	12	0	1	2282
Clarkk	23	0	0	0	1	0	0	0	0	0	0	24
Cleared as filed	1346	19	0	0	0	0	53	2	0	0	0	1420
Climie.ca	0	0	0	1	0	0	11	1	1	0	1	15
ClockworkLunch	20	4	0	11	1	0	4	0	0	0	0	40
ClockworkSoul	758	46	0	38	7	4	214	19	3	0	0	1089
Closedmouth	6744	82	0	51	1	1	602	23	22	0	23	7549
CloudNine	422	15	0	24	1	2	32	2	0	0	0	498
ClueBot	0	0	0	1	0	0	0	0	0	0	0	1
Cnwb	661	11	0	0	0	0	23	2	0	0	0	697
Cobaltbluetony	6487	90	0	419	24	8	391	20	4	0	0	7443
Cobi	6	0	0	1	0	0	0	0	0	0	0	7
Coelacan	1194	30	0	85	10	1	845	53	0	0	0	2218
Coffee	831	52	0	79	6	35	226	8	0	0	2	1239
Coffeedrinker87	0	0	0	1	0	0	0	0	0	0	0	1
Cohesion	6798	40	0	2	15	1	3	0	0	0	0	6859
Colds7ream	92	2	0	1	1	0	1	0	0	0	2	99
Commander Keane	4763	219	0	38	22	0	122	29	0	0	0	5193
Conscious	13446	65	0	2	2	0	56	0	0	0	0	13571
Consumed Crustacean	732	22	0	42	3	1	354	36	1	0	0	1191
Conti	463	41	0	12	38	2	73	3	0	0	1	633
Cool Hand Luke	932	570	0	61	12	20	70	16	0	0	0	1681
Cool3	29	0	0	3	2	0	16	1	2	0	3	56
Coralmizu	168	2	0	23	1	2	47	2	1	0	0	246
Coredesat	11148	136	0	235	25	11	494	60	0	0	0	12109
Coren	847	22	37	54	7	5	177	34	3	0	1	1187
Cowman109	431	36	0	101	43	4	360	44	0	0	0	1019
Craigy144	3097	11	0	8	3	1	38	0	0	0	0	3158
Crazycomputers	442	8	0	54	15	6	714	40	2	0	3	1284
Crazytales	156	15	0	18	1	2	117	18	0	0	0	327
Cremepuff222	175	6	0	3	2	1	96	4	0	0	0	287
Croat Canuck	83	3	0	1	1	0	5	1	0	0	0	94
Crum375	176	18	0	87	6	6	218	12	0	0	0	523
Cryptic	9383	238	0	136	15	1	322	21	0	0	0	10116
CryptoDerk	1091	1	0	67	9	0	1014	45	0	0	0	2227
Crzrussian	5139	133	0	156	28	0	150	13	0	0	0	5619
Cuchullain	281	45	0	12	0	3	38	0	0	0	0	379
Curps	5148	166	0	461	101	0	26558	1065	0	0	0	33499
Cutler	69	0	0	0	0	0	7	0	0	0	0	76
CyborgTosser	2	0	0	0	0	0	0	0	0	0	0	2
Cyde	19067	106	0	258	32	2	829	168	0	0	0	20462
Cydebot	8149	0	0	0	0	0	0	0	0	0	0	8149
Cyp	3	0	0	0	0	0	0	0	0	0	0	3
Cyrius	1620	99	0	26	13	0	68	8	0	0	0	1834
D. Recorder	172	18	0	2	0	0	34	2	0	0	0	228
DDima	524	9	0	1	0	0	1	0	0	0	0	535
DESiegel	892	112	0	9	2	0	40	29	0	0	0	1084
DGG	8319	199	0	160	4	10	109	10	6	0	1	8818
DJ Clayworth	5590	29	0	37	11	0	294	18	3	0	0	5982
DMacks	4287	45	0	280	10	39	683	11	45	0	0	5400
DO11.10	417	28	0	2	0	0	2	1	0	0	2	452
DVD R W	6129	53	0	54	17	7	962	21	0	0	3	7246
DaGizza	837	1	0	8	4	1	53	3	0	0	0	907
Dale Arnett	68	1	0	2	0	0	4	0	0	0	0	75
Dan100	294	16	0	18	12	0	186	44	0	0	0	570
DanKeshet	104	1	0	6	0	0	2	0	0	0	0	113
DanMS	65	0	0	2	1	0	0	0	0	0	0	68
Danaman5	281	4	0	6	0	0	4	4	0	0	1	300
Daniel	4866	266	0	629	40	64	563	74	4	0	13	6519
Daniel Case	2310	32	19	260	16	8	4426	155	28	0	3	7257
Daniel J. Leivick	692	7	0	18	1	0	73	5	0	0	0	796
Daniel Olsen	711	1	0	10	0	0	84	2	0	0	0	808
Daniel Quinlan	54	2	0	0	2	0	2	0	0	0	0	60
DanielCD	243	1	0	15	11	0	37	2	0	0	0	309
Dank	9507	82	0	122	7	1	1995	12	16	0	1	11743
Danny	1072	126	0	26	9	0	105	29	0	4	6	1377
Dannyisme	5	0	0	4	0	0	2	2	0	0	0	13
Dante Alighieri	681	18	0	20	17	3	176	29	0	0	0	944
DarkFalls	2612	143	0	295	37	70	709	41	3	0	5	3915
Darkoneko	2	0	0	0	0	0	1	0	0	1	0	4
Darthgriz98	250	4	0	5	0	0	115	2	0	0	0	376
Darwinek	2161	13	0	68	5	0	190	6	0	0	0	2443
Dave souza	77	3	0	14	2	0	526	20	4	0	0	646
Davemeistermoab	4	0	0	1	0	1	3	1	0	0	0	10
Davewild	2863	39	0	3	3	0	374	1	0	0	0	3283
Daveydweeb	134	1	0	2	0	0	4	1	0	0	0	142
David D.	26	4	0	12	1	5	11	2	1	0	0	62
David Eppstein	2216	27	0	31	7	0	42	1	1	0	0	2325
David Fuchs	901	24	0	62	4	11	83	8	0	0	0	1093
David Gerard	526	43	0	69	7	1	1439	357	0	0	1	2443
David Kernow	635	5	0	45	0	0	0	0	0	0	0	685
David Levy	906	118	0	222	58	3	138	10	1	0	7	1463
David Newton	54	3	0	4	0	0	12	12	0	0	0	85
David.Monniaux	521	60	0	99	13	0	221	30	3	0	0	947
DavidLevinson	35	52	0	9	0	0	9	0	0	0	0	105
DavidWBrooks	1203	1	0	13	2	1	94	0	0	0	0	1314
Davidcannon	155	57	0	30	4	0	137	26	1	0	0	410
Davidgothberg	67	55	0	84	6	28	19	6	0	0	0	265
Davidruben	35	0	0	7	1	1	78	2	0	0	0	124
Davodd	191	29	0	3	3	1	23	1	0	0	0	251
Dbachmann	405	28	0	131	40	19	202	19	1	0	0	845
Dbenbenn	6085	109	0	260	583	0	26	7	0	0	0	7070
Dcoetzee	332	46	0	10	4	0	51	11	0	0	1	455
Ddstretch	13	0	0	20	5	6	207	20	6	0	0	277
Deacon of Pndapetzim	555	21	0	29	2	3	161	11	12	0	34	828
DeadEyeArrow	934	14	0	26	5	0	199	6	0	0	0	1184
Deathphoenix	1168	49	0	17	5	0	420	80	0	0	0	1739
Deb	12850	54	0	26	1	0	302	4	1	0	0	13238
Deckiller	1228	35	0	80	14	2	300	46	0	0	0	1705
Decltype	562	14	0	3	0	0	40	5	5	0	6	635
Decumanus	42	0	0	3	0	0	12	0	0	0	0	57
Deiz	951	15	0	162	8	3	392	20	0	0	0	1551
Dekimasu	1059	62	0	13	1	0	16	0	0	0	1	1152
Delirium	3467	23	0	20	11	0	305	18	0	0	0	3844
Delldot	1585	23	0	15	6	1	606	9	0	0	0	2245
Deltabeignet	836	1	0	5	6	0	130	2	0	0	0	980
Demi	151	32	0	2	1	0	51	17	0	0	0	254
Denelson83	1135	18	0	57	12	11	39	6	0	0	0	1278
Denni	2324	30	0	23	3	0	5	0	0	0	0	2385
DerHexer	134625	44	0	91	3	8	5843	38	3	0	20	140675
Derek Ross	523	11	0	11	3	3	1	0	0	0	0	552
Deryck Chan	1	1	0	0	2	0	1	0	0	0	0	5
Deskana	1351	86	51	216	77	16	989	109	31	326	147	3399
Deville	1015	6	0	16	1	0	181	4	3	0	0	1226
Dfrg.msc	35	1	0	0	0	0	7	0	0	0	0	43
Dgies	575	29	0	27	4	3	223	18	0	0	2	881
Dgrant	0	0	0	1	0	0	0	0	0	0	0	1
Diberri	126	3	0	3	1	0	5	0	0	0	0	138
Dieter Simon	3	0	0	19	0	1	0	0	0	0	0	23
Dijxtra	135	6	0	13	6	0	36	4	0	0	0	200
Dina	3371	18	0	49	1	0	273	5	0	0	0	3717
Dino	24	0	0	0	0	0	0	0	0	0	0	24
Dinoguy1000	44	3	0	20	0	1	5	0	0	0	1	74
Discospinster	16061	369	0	132	8	12	1111	6	6	0	0	17705
Djsasso	978	180	0	36	5	2	344	10	1	0	8	1564
Dlohcierekim	5190	115	0	151	7	12	414	36	9	0	1	5935
Dmn	35	1	0	10	4	0	12	15	0	0	0	77
Doc glasgow	4087	123	0	370	42	11	1060	83	0	0	42	5818
Docu	1162	59	0	122	2	5	11	5	0	0	2	1368
Doczilla	73	5	0	9	6	0	86	8	0	0	0	187
Dominic	13257	59	40	81	186	1	3248	632	22	0	34	17560
DonCalo	0	0	0	1	0	0	0	0	0	0	0	1
Donald Albury	1157	3	0	7	2	2	118	4	0	0	0	1293
DoomsDay349	222	4	0	2	0	0	0	0	0	0	0	228
Dori	11	0	0	0	0	0	2	2	0	0	0	15
Doug	256	13	0	9	8	0	15	3	0	0	3	307
Doug Bell	2427	36	0	29	12	0	25	3	0	0	0	2532
Dougweller	263	5	0	110	11	25	685	16	25	0	0	1140
Dpbsmith	132	4	0	3	2	0	17	0	0	0	0	158
Dppowell	4	0	0	5	0	0	112	6	0	0	0	127
DrBob	17	1	0	0	0	0	7	0	0	0	0	25
DrKiernan	1286	22	0	37	5	3	128	8	0	0	0	1489
DragonflySixtyseven	21473	318	0	331	35	9	4096	180	147	0	88	26677
Dragons flight	612	65	0	115	35	1	117	28	0	0	1	974
Dravecky	467	3	0	79	5	1	0	0	0	0	0	555
Dreadstar	944	68	0	228	12	14	1810	96	2	0	0	3174
Drilnoth	10464	40	0	46	2	13	0	0	0	0	4	10569
Drini	9598	93	0	178	38	1	4455	233	1	0	8	14605
DropDeadGorgias	340	3	0	24	1	0	90	5	0	0	0	463
Dsmdgold	819	11	0	3	0	0	3	0	0	0	0	836
Duja	875	136	0	20	9	2	72	9	0	0	0	1123
Duk	3834	30	0	61	15	2	129	25	0	0	1	4097
Duncharris	986	57	0	47	10	0	92	20	0	0	0	1212
Durin	2448	7	0	28	13	0	168	15	0	0	0	2679
Durova	24	1	0	211	37	11	388	66	0	0	0	738
Dustimagic	215	2	0	4	2	0	50	8	1	0	0	282
Dvyost	56	0	0	0	0	0	11	1	0	0	0	68
Dweller	1593	24	0	103	2	4	282	9	0	262	10	2289
Dysprosia	154	6	0	3	1	0	97	11	0	0	0	272
ERcheck	2944	9	0	66	10	0	1002	29	1	0	0	4061
ESkog	10733	76	0	116	22	4	877	108	2	0	0	11938
EVula	2350	95	3	151	20	12	908	27	1	434	32	4033
EWS23	643	3	0	7	2	0	136	11	0	0	0	802
Earl Andrew	109	36	0	26	6	0	67	12	0	0	0	256
Earle Martin	264	11	0	6	2	1	31	2	0	0	0	317
East718	226038	1909	0	5454	1632	287	3525	1007	15	0	30	239897
Ed Poor	73	13	0	35	32	0	71	28	0	10	16	278
Ed g2s	3049	69	0	30	27	2	49	5	0	0	0	3231
EdJohnston	887	23	0	433	23	47	686	40	7	0	1	2147
Edcolins	32	4	0	2	2	0	2	0	0	0	0	42
Edgar181	30799	209	0	413	17	15	12821	175	88	0	18	44555
Edison	758	17	0	2	1	1	173	3	0	0	0	955
Edokter	1287	31	0	32	14	20	43	5	0	0	1	1433
Edward	366	0	0	1	0	0	21	3	0	0	0	391
Edward Z. Yang	12	0	0	3	0	0	8	1	0	0	0	24
EdwinHJ	564	4	0	14	4	1	23	7	0	0	0	617
Efe	1463	5	0	11	1	3	163	0	2	0	1	1649
Egil	61	0	0	1	0	0	214	3	0	0	0	279
Either way	5463	36	0	158	10	9	871	43	7	0	7	6604
El C	1717	52	0	637	58	24	2996	116	0	0	3	5603
Eleassar	126	24	0	2	0	0	3	0	0	0	0	155
Electionworld	1285	33	0	1	0	0	0	0	0	0	0	1319
Elf	138	14	0	0	0	0	0	0	0	0	0	152
Elf-friend	465	1	0	17	0	0	15	0	0	0	0	498
ElinorD	7274	69	0	60	1	5	254	15	0	0	0	7678
Eliz81	958	48	0	93	0	19	229	4	0	0	1	1352
Elkman	5946	12	0	45	5	4	404	29	0	0	0	6445
Ellsworth	18	0	0	0	0	0	1	0	0	0	0	19
Elonka	1296	19	0	45	13	2	481	23	3	0	0	1882
Eloquence	126	5	0	7	5	0	29	10	0	0	1	183
Eluchil404	925	58	0	5	0	0	11	0	0	0	0	999
Emperor	42	33	0	0	0	0	1	1	0	0	0	77
EncMstr	570	55	0	233	115	32	880	17	15	0	1	1918
Encephalon	92	22	0	27	6	0	28	36	0	0	0	211
Enchanter	14	0	0	1	3	0	2	0	0	0	0	20
EncycloPetey	118	11	0	65	0	2	30	2	0	0	0	228
Enigmaman	586	6	0	213	3	59	365	6	94	0	0	1332
Enochlau	17605	26	0	72	20	1	56	4	0	0	0	17784
Epbr123	2231	8	0	6	0	1	616	7	3	0	1	2873
Erdem Tüzün	0	0	0	2	0	0	0	0	0	0	0	2
Ericorbit	168	5	0	159	1	5	288	0	3	0	0	629
Esanchez7587	2229	3	0	67	4	7	228	1	0	0	0	2539
Espresso Addict	284	8	0	5	1	0	2	0	0	0	0	300
Esprit15d	389	9	0	9	2	0	1	0	0	0	0	410
Essexmutant	19	0	0	1	0	0	7	1	0	0	0	28
Essjay	1806	171	0	218	23	0	1236	248	0	715	66	4483
Esteffect	788	24	0	16	6	0	95	21	0	0	0	950
Eugene van der Pijll	968	54	0	9	3	0	8	1	0	0	0	1043
EurekaLott	726	65	0	17	1	0	29	0	0	0	0	838
Euryalus	837	5	0	45	1	10	324	8	13	0	3	1246
Ev	145	14	0	6	0	0	2	0	0	0	0	167
EvanProdromou	0	0	0	0	0	0	1	0	0	0	0	1
Eventtable	0	0	0	1	0	0	0	0	0	0	0	1
Evercat	248	3	0	32	24	1	259	35	0	0	0	602
Everyking	1272	4	0	7	12	0	28	12	0	0	0	1335
Evil Monkey	1894	13	0	28	12	0	284	23	0	0	0	2254
Evil saltine	447	23	0	18	8	0	279	14	2	0	2	793
Evilphoenix	835	60	0	79	5	0	143	16	0	0	0	1138
Explicit	0	0	0	4	0	0	0	0	0	0	0	4
Exploding Boy	1419	6	0	7	3	1	403	21	6	0	0	1866
Extraordinary Machine	342	142	0	14	5	0	178	28	0	0	0	709
Extreme Unction	543	22	0	26	2	0	26	4	0	0	0	623
Eye of the Mind	16	2	0	9	2	1	9	0	0	0	0	39
EyeSerene	86	15	0	37	2	11	276	14	8	0	0	449
Eyrian	633	23	0	33	3	0	40	1	0	0	0	733
Ezeu	895	30	0	37	35	1	123	9	0	0	0	1130
Ezhiki	1073	254	0	42	13	5	65	23	0	0	1	1476
FCYTravis	3479	174	0	158	46	19	192	31	0	0	0	4099
FT2	381	28	26	72	6	5	221	37	11	0	14	801
Fabrictramp	4273	53	0	205	5	22	101	3	3	0	0	4665
Faithlessthewonderboy	3166	69	0	189	1	0	432	3	5	0	1	3866
Falco McCloud	0	0	0	1	0	0	0	0	0	0	0	1
Fang Aili	29076	83	0	118	52	0	253	12	0	0	0	29594
Fantasy	18	4	0	4	2	1	1	0	0	0	0	30
Fastfission	194	11	0	9	6	2	160	20	0	0	0	402
Fastily	1858	12	0	24	0	4	113	4	5	0	1	2021
Fawcett5	813	8	0	3	2	0	58	0	0	0	0	884
FayssalF	409	8	0	308	52	12	1299	84	0	0	0	2172
Feco	3	0	0	0	0	0	0	0	0	0	0	3
FeloniousMonk	17	13	0	29	4	0	143	20	0	0	0	226
Femto	370	4	0	30	7	0	288	9	0	0	0	708
Fennec	18	3	0	5	3	0	30	3	0	0	0	62
Ferkelparade	589	3	0	2	1	0	37	0	0	0	0	632
Feydey	6102	26	0	63	18	8	117	3	0	0	0	6337
Filelakeshoe	226	7	0	8	1	3	75	4	1	0	8	333
Filiocht	851	2	0	3	5	0	36	0	0	0	0	897
Finlay McWalter	327	3	0	17	5	0	415	19	0	0	0	786
Fir0002	21	0	0	0	0	0	1	0	0	0	0	22
Firefoxman	269	6	0	11	2	2	6	0	0	0	2	298
Firsfron	1534	10	0	151	6	4	276	30	0	0	1	2012
Fish and karate	9145	205	0	369	21	19	633	374	1	0	11	10778
FisherQueen	6692	18	0	288	5	11	1364	47	59	0	0	8484
Fishhead64	24	1	0	0	0	0	27	0	0	0	0	52
Fl	519	7	0	2137	3	11	128	2	4	0	16	2827
Flcelloguy	855	42	0	775	720	0	268	40	0	0	0	2700
FloNight	467	5	10	52	6	2	143	18	0	0	0	703
Flockmeal	146	1	0	1	0	0	14	0	0	0	0	162
Flowerparty	1957	59	0	19	3	0	29	0	0	0	0	2067
Flucky	0	0	0	1	0	0	0	0	0	0	0	1
Flyguy649	1312	22	0	201	8	21	742	37	1	0	0	2344
FlyingToaster	59	1	0	0	1	0	1	0	2	0	2	66
Formeruser-81	44	0	0	21	3	0	25	20	0	0	0	113
Formeruser-82	199	24	0	45	24	0	121	25	0	0	0	438
Fram	8344	127	0	183	6	31	376	8	5	0	0	9080
FrancisTyers	172	5	0	20	7	0	67	15	0	0	0	286
Francs2000	10097	74	0	122	17	0	574	21	0	0	12	10917
Frank	3170	35	0	43	2	4	185	6	3	0	5	3453
Frazzydee	363	13	0	64	32	0	12	13	0	0	0	497
Freakofnurture	9841	927	0	551	96	5	10422	1134	0	0	0	22976
Fred Bauder	179	47	58	112	30	0	316	150	41	0	13	946
Fred J	1430	16	0	12	7	0	36	1	0	0	0	1502
Fredrik	209	3	0	1	0	0	40	1	0	0	0	254
Freestylefrappe	14	0	0	4	1	0	48	1	0	0	0	68
FreplySpang	6790	37	0	35	5	0	776	47	0	0	0	7690
Fribbler	257	2	0	8	0	0	2	2	1	0	2	274
Friday	9609	96	0	55	22	3	388	40	0	0	12	10225
Fritzpoll	1090	26	0	42	3	7	66	11	4	0	30	1279
Fropuff	28	1	0	2	0	0	2	0	0	0	0	33
Fuhghettaboutit	6479	138	0	166	8	0	283	9	11	0	2	7096
Func	9	0	0	14	1	0	1215	124	0	0	0	1363
Furrykef	110	11	0	0	1	0	1	0	0	0	0	123
Future Perfect at Sunrise	3577	161	0	427	46	37	1618	243	18	0	7	6134
Fuzheado	886	18	0	62	13	3	574	42	0	0	0	1598
Fvasconcellos	1627	121	0	216	18	48	158	7	2	0	3	2200
Fvw	2867	41	0	28	17	0	2226	3509	31	0	0	8719
Fys	802	7	0	29	13	0	168	40	0	0	0	1059
G-Man	112	33	0	10	5	0	12	1	0	0	0	173
G.A.S	34	2	0	0	0	0	0	0	0	0	0	36
GDonato	3014	33	0	296	19	13	422	38	1	0	10	3846
GRBerry	1667	195	0	53	20	1	113	10	0	0	0	2059
GTBacchus	4055	312	0	19	13	0	174	13	0	0	0	4586
Gabbe	631	0	0	0	1	0	8	3	0	0	0	643
Gadfium	2042	31	0	56	11	3	2018	181	2	0	10	4354
Gadget850	333	23	0	3	1	0	0	0	0	0	0	360
Gaillimh	27	13	0	13	2	0	35	7	0	0	0	97
Gaius Cornelius	9	0	0	1	0	0	62	3	0	0	0	75
Galwhaa	235	6	0	2	0	0	11	3	0	0	0	257
Gamaliel	1551	108	0	172	72	8	1032	164	2	0	0	3109
Ganeshk	809	129	0	11	7	0	20	10	0	0	0	986
Garden	988	41	0	44	5	11	144	16	5	0	8	1262
Garion96	12814	331	0	64	11	7	197	9	2	0	4	13439
Garzo	351	4	0	40	5	2	444	8	0	0	0	854
Gatoclass	118	2	0	31	25	1	1	0	0	0	0	178
Gator1	172	15	0	55	3	0	183	26	0	0	0	454
Gazimoff	316	2	0	5	2	1	72	2	1	0	2	403
Gdr	337	10	0	47	45	0	5	0	0	0	0	444
Ged UK	2131	16	0	166	5	32	300	0	8	0	0	2658
GeeJo	704	8	0	63	33	0	4	0	0	0	0	812
GeneralPatton	25	0	0	3	3	0	13	3	0	0	0	47
Geni	10079	293	0	181	102	0	449	90	0	0	3	11197
Geniac	179	0	0	49	17	3	457	4	0	0	0	709
Gentgeen	99	6	0	2	0	1	35	4	0	0	0	147
Geogre	5178	12	0	21	2	0	221	16	1	0	0	5451
Geometry guy	226	24	0	1	1	3	0	0	0	0	2	257
Georgewilliamherbert	59	107	0	149	4	17	1043	104	11	0	1	1495
Gerald Farinas	65	0	0	3	4	1	4	1	0	0	0	78
Geschichte	6726	76	0	3	0	0	19	6	0	0	0	6830
Getluv	0	0	0	1	0	0	0	0	0	0	0	1
Gilliam	1019	3	0	127	23	16	6857	13	9	0	0	8067
Gimmetrow	936	68	0	164	3	60	321	25	5	0	8	1590
Ginkgo100	963	17	0	38	13	0	527	14	0	0	2	1574
Gladys j cortez	3	0	0	24	2	2	82	4	5	0	0	122
GlassCobra	2172	66	0	74	8	8	1248	13	6	0	7	3602
Glen	1609	83	0	182	17	1	4516	198	0	0	0	6606
Gnangarra	1462	33	0	177	17	6	230	40	1	0	2	1968
Gnasher29	0	0	0	1	0	0	0	0	0	0	0	1
Goatasaur	16	2	0	1	1	0	2	0	0	0	0	22
Gogo Dodo	26419	99	0	703	5	91	3588	40	67	0	1	31013
Golbez	5506	84	0	222	80	16	1303	161	2	0	0	7374
Goldom	1899	7	0	8	0	0	50	4	0	0	0	1968
GoneAwayNowAndRetired	149	4	0	135	4	41	89	3	12	0	2	439
Gonzo fan2007	3778	80	0	405	38	66	240	21	0	0	9	4637
Good Olfactory	4613	134	0	44	15	3	54	4	4	0	0	4871
Goodnightmush	619	1	0	13	1	3	105	1	0	0	0	743
Goodoldpolonius2	1	0	0	4	2	0	27	0	0	0	0	34
Graeme Bartlett	3315	58	0	31	1	5	204	0	15	0	0	3629
GraemeL	971	6	0	59	28	2	1177	87	3	0	0	2333
Graft	3	1	0	1	1	2	0	0	0	0	0	8
Graham87	4296	7878	0	87	6	18	105	7	3	0	2	12402
GrahamColm	24	0	0	10	2	1	12	3	0	0	0	52
Grandmasterka	3055	35	0	118	11	2	528	30	1	0	3	3783
Grant65	6	5	0	2	1	0	3	0	0	0	0	17
Greeves	323	5	0	6	2	0	26	0	0	0	7	369
GregAsche	239	1	0	13	17	0	152	9	0	0	0	431
GregRobson	1	0	0	0	0	0	0	0	0	0	0	1
Grenavitar	864	32	0	3	2	0	41	7	0	0	1	950
Grendelkhan	38	2	0	0	0	0	4	0	0	0	0	44
Grm wnr	533	6	0	4	2	0	38	5	0	0	0	588
Grossmünster	0	0	0	1	0	0	0	0	0	0	0	1
Ground Zero	61	0	0	29	6	4	28	0	3	0	0	131
Grue	198	103	0	10	18	0	25	7	0	0	0	361
Grunt	86	5	0	4	2	0	10	2	0	0	0	109
Grutness	2354	103	0	85	8	3	24	16	0	0	0	2593
Gryffindor	106	8	0	5	0	0	1	1	0	0	0	121
Gtrmp	403	12	0	3	0	0	1	0	0	0	0	419
Guanaco	513	188	0	40	42	0	387	257	0	0	0	1427
Guettarda	201	73	0	41	27	5	67	18	0	0	0	432
Gurch	36411	1467	0	76	22	0	695	17	0	0	0	38688
Gurubrahma	309	6	0	144	93	0	39	2	0	0	0	593
Gutza	12	1	0	2	1	2	5	3	0	0	0	26
Gwalla	921	10	0	2	1	0	68	8	0	0	0	1010
Gwen Gale	7187	237	0	490	40	33	1005	147	42	0	4	9185
Gwernol	3832	26	0	344	45	11	4359	157	0	0	0	8774
Gyrofrog	147	11	0	12	2	2	250	14	2	0	0	440
H	6668	26	0	96	39	0	1080	129	0	0	0	8038
Hadal	1484	0	0	6	7	0	316	3	0	0	0	1816
Haemo	2305	14	0	69	7	18	226	43	0	0	0	2682
Hajor	163	7	0	13	12	0	16	1	0	0	0	212
Hall Monitor	460	12	0	270	32	1	2964	235	0	0	0	3974
Hamster Sandwich	3	1	0	0	0	0	18	3	0	0	0	25
Happy-melon	2506	50	0	194	52	19	0	0	0	0	3	2824
HappyCamper	4332	105	0	121	87	0	586	458	0	0	0	5689
Happyme22	571	9	0	44	1	7	11	0	0	0	0	643
Harej	2482	71	0	127	45	7	36	17	1	0	6	2792
Harold Oxley	0	0	0	2	0	0	0	0	0	0	0	2
Harro5	4810	33	0	72	4	0	167	10	0	0	0	5096
Harryboyles	2379	2	0	10	1	0	4	1	0	0	0	2397
Hashar	19	0	0	0	0	0	0	0	0	0	0	19
Hatricide	0	0	0	1	0	0	0	0	0	0	0	1
Haukurth	1196	68	0	15	34	0	78	13	0	0	3	1407
Hawstom	3	0	0	5	1	0	6	1	0	0	0	16
Hbdragon88	669	7	0	7	1	2	1	0	0	0	0	687
Hcheney	20	0	0	0	0	0	15	0	0	0	0	35
Hdt83	16	0	0	9	2	0	73	2	0	0	0	102
Heah	782	14	0	17	6	0	92	9	0	0	0	920
Heimstern	445	19	0	97	8	6	926	38	6	0	0	1545
Hemanshu	447	5	0	0	0	0	5	0	0	0	0	457
Hemlock Martinis	805	44	0	28	2	5	84	8	0	0	0	976
Henrik	454	25	0	32	13	4	156	22	1	0	4	711
Henry Flower	125	1	0	18	10	0	213	8	0	0	0	375
Henrygb	1491	36	0	6	3	0	21	0	0	0	0	1557
Hephaestos	1	2	0	3	2	0	0	0	0	0	0	8
Herbythyme	3022	11	0	45	2	6	515	25	7	0	1	3634
HereToHelp	138	3	0	37	11	3	16	3	0	0	0	211
Hermione1980	501	4	0	4	3	1	11	2	0	0	0	526
Hernando Magallanes	0	0	0	4	0	0	0	0	0	0	0	4
Heron	24	2	0	0	0	0	54	4	0	0	0	84
Herostratus	5268	77	0	14	4	0	65	5	0	0	0	5433
Hersfold	3000	59	0	968	18	358	904	200	109	0	37	5653
Hesperian	2230	200	0	85	15	2	355	55	1	0	0	2943
Hiberniantears	772	4	0	61	3	20	994	23	8	0	2	1887
Hiding	1731	120	0	33	25	1	50	14	0	0	4	1978
Hit bull, win steak	163	4	0	2	0	0	32	0	1	0	0	202
Hmhur	0	0	0	1	0	0	0	0	0	0	0	1
Hmwith	5433	51	0	35	2	1	68	4	3	0	1	5598
Hoary	423	13	0	63	5	6	218	8	2	0	0	738
Horologium	451	3	0	111	4	26	63	0	4	0	0	662
HorsePunchKid	189	0	0	0	0	0	0	0	0	0	0	189
HowDumbAreYou	0	0	0	1	0	0	0	0	0	0	0	1
Howcheng	18966	177	1	68	100	1	75	11	0	0	1	19400
Hu12	1393	49	0	337	13	1	932	36	0	0	1	2762
Humblefool	596	11	0	3	2	0	4	2	0	0	0	618
Humus sapiens	73	2	0	64	4	0	124	12	0	0	0	279
Huntster	384	25	0	23	4	2	22	0	0	0	0	460
Hurricanehink	214	2	0	0	0	0	7	0	0	0	0	223
Husnock	59	1	0	22	8	0	27	9	0	0	0	126
Husond	1240	11	0	422	39	22	1139	39	0	0	1	2913
Hut 8.5	5589	54	0	627	17	37	1133	17	3	0	19	7496
Hyacinth	421	12	0	0	1	0	6	1	0	0	0	441
IMatthew	0	0	0	1	0	0	0	0	0	0	0	1
Ian Dalziel	0	0	0	1	0	0	0	0	0	0	0	1
Ian13	1925	51	0	30	8	2	65	21	0	0	0	2102
IanManka	1212	236	0	73	11	6	225	26	2	0	0	1791
Ianblair23	130	39	0	1	2	0	0	0	0	0	0	172
Icairns	244	7	0	1	1	0	3677	64	1	0	0	3995
Ice Cold Beer	1456	11	0	10	3	1	319	11	6	0	0	1817
IceKarma	1742	8	0	2	2	0	0	1	0	0	0	1755
Icestorm815	1542	29	0	93	7	24	403	11	19	0	5	2133
Icewedge	550	4	0	4	0	1	120	1	1	0	1	682
Idont Havaname	159	5	0	3	2	0	48	0	0	0	0	217
Ihcoyc	246	4	0	15	0	0	1	0	0	0	0	266
Ike9898	303	3	0	5	1	1	30	3	0	0	0	346
Ikiroid	61	5	0	1	0	0	20	1	0	0	0	88
Ilmari Karonen	1079	641	0	32	2	1	210	32	0	0	1	1998
Ilyanep	153	2	0	6	2	0	32	7	0	15	18	235
Improv	1233	9	0	188	11	0	79	15	0	0	0	1535
Imran	1	0	0	0	0	0	1	0	0	0	0	2
InShaneee	3951	20	0	91	5	0	528	56	0	0	0	4651
Infrogmation	4640	77	0	126	8	3	5693	116	8	2	1	10674
Inter	649	4	0	6	1	0	181	10	0	0	0	851
Interiot	1319	23	0	14	8	0	11	1	0	0	0	1376
Ioeth	2520	52	0	123	30	15	1464	38	4	0	11	4257
Iridescent	3376	81	0	124	10	37	839	44	8	0	8	4527
Irina Spalko	0	0	0	1	0	0	0	0	0	0	0	1
Irishguy	11708	25	0	107	3	0	1413	14	0	0	0	13270
IronGargoyle	3261	227	0	54	17	5	119	2	0	0	0	3685
Ish ishwar	46	3	0	1	0	0	11	1	0	0	0	62
Islander	676	22	0	109	1	6	79	5	1	0	4	903
Isomorphic	213	0	0	1	0	0	14	1	0	0	0	229
Isotope23	2009	23	0	124	33	10	490	59	0	0	0	2748
It Is Me Here	205	3	0	10	2	0	6	3	1	0	3	233
Ixfd64	3537	80	0	62	273	1	1317	3739	9	0	1	9019
Izehar	148	3	0	18	21	0	89	20	0	0	0	299
J Di	1548	57	0	75	32	0	581	44	0	0	0	2337
J Greb	1213	56	0	72	2	15	28	2	1	0	0	1389
J Milburn	7801	124	0	49	7	18	80	0	0	0	3	8082
J-stan	178	7	0	7	3	4	76	6	0	0	24	305
J.J.	1	2	0	0	0	0	1	0	0	0	0	4
J.delanoy	7327	231	0	689	31	201	12070	209	639	0	55	21452
J.smith	1172	48	0	26	7	2	240	42	0	0	0	1537
JCarriker	122	29	0	9	4	0	61	13	0	0	0	238
JDoorjam	1760	44	0	99	18	3	121	21	0	0	0	2066
JForget	5031	92	0	417	506	167	1491	12	11	0	0	7727
JGHowes	237	16	0	27	0	2	59	1	3	0	0	345
JHunterJ	872	76	0	9	1	1	10	2	0	0	0	971
JIP	6566	65	0	22	4	0	143	3	0	0	0	6803
JLaTondre	13996	69	0	33	4	0	1293	15	0	0	0	15410
JPD	622	5	0	2	2	0	19	1	0	0	0	651
JPG-GR	6224	66	0	13	2	0	15	0	0	0	0	6320
JRM	174	9	0	11	17	0	15	28	0	0	0	254
JWSchmidt	43	2	0	13	5	0	58	1	0	0	1	123
JYolkowski	2375	20	0	11	27	0	139	9	1	0	0	2582
JaGa	0	0	0	1	0	0	0	0	0	0	0	1
Jac16888	13855	57	0	55	3	8	186	12	71	0	1	14248
Jacoplane	324	33	0	92	46	3	159	11	0	0	0	668
Jake Nelson	21	1	0	0	0	0	1	0	0	0	0	23
Jake Wartenberg	267	12	0	12	0	0	116	16	4	0	2	429
James086	3983	26	0	17	1	2	336	12	0	0	1	4378
JamesR	1083	8	0	42	4	10	103	10	1	0	3	1264
JamesTeterenko	222	2	0	27	18	0	160	4	0	0	0	433
Jamesday	6	7	0	2	0	0	6	1	0	0	0	22
JamieS93	3606	21	0	32	5	6	34	1	2	0	2	3709
Jaranda	17921	149	0	323	98	2	1208	229	0	0	0	19930
Jarry1250	498	5	0	11	1	2	29	0	3	0	3	552
Jasonbres	0	0	0	1	0	0	0	0	0	0	0	1
Jauerback	1216	8	0	54	8	6	737	55	6	0	3	2093
Jaxl	1604	10	0	3	1	0	36	0	0	0	0	1654
Jay	18	8	0	0	0	0	0	0	0	0	0	26
Jayjg	464	156	3	423	68	1	1979	228	0	0	0	3322
Jayron32	1390	22	0	293	9	33	1527	208	57	0	14	3553
Jbmurray	87	8	0	6	6	0	18	1	0	0	0	126
Jc37	1453	101	0	40	9	9	60	7	1	0	1	1681
Jclemens	9470	68	0	182	1	1	524	3	22	0	6	10277
Jcw69	67	1	0	0	0	0	108	3	0	0	0	179
Jdavidb	81	0	0	13	2	0	48	2	0	0	0	146
Jdforrester	389	53	0	23	7	0	48	12	0	0	0	532
JeLuF	146	3	0	2	0	0	2	1	0	0	4	158
Jedi6	14	0	0	2	3	0	10	1	0	0	0	30
Jeepday	513	9	0	15	1	0	499	8	3	0	0	1048
Jeffrey O. Gustafson	14386	197	0	469	28	37	727	107	0	0	1	15952
Jehochman	141	22	0	92	11	12	474	83	5	0	1	841
Jengod	125	0	0	7	0	0	0	0	0	0	0	132
Jennavecia	3533	503	0	281	29	57	437	49	1	0	12	4902
JeremyA	1997	16	0	37	16	0	267	14	0	0	0	2347
Jerry	3514	198	0	99	14	1	72	9	0	0	3	3910
Jersey Devil	554	10	0	28	6	2	188	18	0	0	0	806
Jersyko	578	1	0	52	10	5	116	6	0	0	0	768
Jerzy	285	153	0	4	0	0	111	5	3	0	0	561
Jesse Viviano	1693	66	0	11	5	2	321	57	0	0	0	2155
JesseW	29028	126	0	36	8	0	77	21	0	0	1	29297
Jfdwolff	440	39	0	100	16	7	263	19	0	0	0	884
Jiang	371	18	0	17	5	0	89	3	0	0	0	503
Jimbo Wales	299	16	0	42	13	3	79	41	0	0	9	502
Jimfbleak	30795	131	0	759	31	4	1419	234	1	0	0	33374
Jimregan	3	0	0	0	0	0	0	0	0	0	0	3
Jimtinman3909	0	0	0	1	0	0	0	0	0	0	0	1
Jingiby	0	0	0	1	0	0	0	0	0	0	0	1
Jinian	1740	5	0	9	3	0	0	0	0	0	0	1757
Jitse Niesen	627	24	0	14	9	2	35	4	0	0	0	715
Jj137	5098	59	0	285	30	49	875	20	0	0	33	6449
Jkelly	3628	61	0	35	17	0	188	12	0	0	0	3941
Jmabel	163	32	0	7	7	0	126	5	0	0	0	340
Jmlk17	11140	72	0	942	48	79	2032	52	0	0	0	14365
Jnc	1906	158	0	114	34	0	46	20	0	0	0	2278
Jni	19112	26	0	24	4	0	199	2	0	0	0	19367
Jnothman	60	1	0	1	0	0	1	1	0	0	0	64
JoJan	6205	29	0	116	2	5	1254	9	1	0	0	7621
JoanneB	1180	48	0	51	22	0	816	105	0	0	0	2222
JodyB	1848	38	0	21	4	4	305	22	0	0	0	2242
Joe Beaudoin Jr.	544	1	0	17	3	0	68	2	0	0	0	635
Joelr31	661	12	0	9	8	0	83	1	0	0	0	774
Jogers	91	0	0	0	0	0	0	0	0	0	0	91
Johan Elisson	352	14	0	11	4	0	42	5	0	0	0	428
Johann Wolfgang	54	2	0	2	1	0	57	1	0	0	0	117
John	2552	19	0	85	3	6	1160	25	1	0	0	3851
John Carter	325	2	0	17	1	1	35	4	16	0	2	403
John Kenney	189	33	0	4	3	0	8	4	0	0	0	241
John Reaves	11923	176	0	418	161	42	2262	228	1	0	49	15260
John Vandenberg	824	182	93	83	17	20	136	29	0	0	6	1390
JohnOwens	6	0	0	0	1	0	0	0	0	0	0	7
Johnleemk	1751	20	0	6	3	0	240	20	0	0	0	2040
Johntex	131	28	0	27	4	1	180	11	0	0	0	382
Joke137	15	0	0	1	1	0	29	3	0	0	0	49
Jon513	1323	19	0	3	0	0	43	1	0	0	2	1391
JonMoore	39	1	0	2	2	0	0	0	0	0	0	44
Jonathunder	126	13	0	8	1	0	65	3	0	0	0	216
Jondel	243	1	0	31	8	0	66	1	0	0	0	350
Jonny-mt	1026	40	0	67	5	10	217	15	0	0	8	1388
Joolz	244	3	0	0	1	0	0	1	0	0	0	249
Josephjames21	0	0	0	1	0	0	0	0	0	0	0	1
Josh Grosse	38	2	0	0	0	0	0	0	0	0	0	40
Joshbuddy	22	0	0	0	0	0	5	0	0	0	0	27
JoshuaZ	597	51	0	102	13	0	627	71	0	0	0	1461
Josiah Rowe	109	25	0	76	10	0	335	19	0	0	0	574
Jossi	760	34	0	356	95	28	2058	77	2	0	1	3411
Journalist	402	7	0	51	19	5	124	14	0	0	3	625
Joy	274	95	0	14	6	0	4	0	0	0	0	393
Joyous!	8432	13	0	131	50	0	445	18	0	0	0	9089
Jpgordon	957	21	1	196	17	10	2808	275	40	0	0	4325
Jrdioko	429	0	0	0	0	0	18	0	0	0	0	447
Jredmond	480	12	0	35	4	1	186	10	19	0	1	748
Jreferee	1375	49	0	144	6	27	36	4	0	0	0	1641
Jtdirl	112	30	0	118	44	0	432	29	0	0	0	765
Jtkiefer	870	100	0	53	15	0	403	85	0	0	0	1526
Judas Preist is effin awsome	0	0	0	2	0	0	0	0	0	0	0	2
Juliancolton	13525	183	0	555	32	183	2456	43	25	0	345	17347
Jusjih	1376	86	0	9	1	1	5	0	0	0	0	1478
Justinc	520	2	0	0	0	0	0	0	0	0	0	522
Jwrosenzweig	40	0	0	1	0	0	7	0	0	0	1	49
JzG	10167	254	0	644	36	20	1376	89	6	0	0	12592
Jza84	321	0	0	60	1	5	135	6	1	0	6	535
Jéské Couriano	417	86	0	745	60	110	966	92	45	0	1	2522
K1Bond007	354	8	0	3	3	0	37	4	0	0	0	409
KF	510	16	0	2	0	0	1	0	0	0	0	529
KFP	734	116	0	14	4	1	65	10	0	0	0	944
Kafziel	1979	30	0	200	22	17	1399	58	9	0	8	3722
Kaihsu	331	27	0	11	6	0	128	15	0	0	0	518
Kaiser matias	15	3	0	3	0	0	16	0	0	0	0	37
Kaisershatner	70	0	0	14	3	2	478	16	0	0	0	583
Kakofonous	66	3	0	5	1	0	4	1	0	0	1	81
Kaldari	251	27	0	67	16	12	68	11	2	0	0	454
Kane5187	241	6	0	1	0	0	1	0	0	0	0	249
Kanonkas	605	24	0	79	12	52	1208	63	497	0	15	2555
Karada	623	16	0	48	8	1	559	23	1	0	0	1279
Karanacs	638	2	0	11	0	1	9	0	0	0	5	666
Karl Dickman	2771	41	0	9	8	0	33	10	0	0	0	2872
Karmafist	165	35	0	15	5	0	160	21	0	0	0	401
Katefan0	841	20	0	212	128	0	351	52	0	0	0	1604
Kateshortforbob	161	2	0	6	2	0	14	3	1	0	2	191
Kathryn NicDhàna	59	0	0	6	1	0	4	1	0	0	0	71
Kbdank71	22349	57	0	43	2	0	357	13	7	0	1	22829
Kbh3rd	107	10	0	20	0	1	1112	47	6	0	0	1303
Kbthompson	124	23	0	22	1	1	104	2	0	0	2	279
Kcordina	1220	41	0	9	0	0	168	7	0	0	0	1445
Keegan	3738	127	6	80	20	8	250	32	3	0	14	4278
Keenan Pepper	295	1	0	3	0	0	11	0	0	0	0	310
Keeper76	3067	78	0	67	12	9	89	14	0	0	22	3358
Keilana	1635	51	0	72	12	9	615	19	0	0	11	2424
Keith D	944	423	0	114	0	9	51	1	0	0	1	1543
Kelly Martin	736	56	0	27	11	0	413	60	0	0	0	1303
Kevin	2849	40	0	126	8	16	585	27	7	0	6	3664
Khaosworks	330	12	0	10	4	0	162	80	0	0	0	598
Khendon	3	0	0	1	2	0	0	0	0	0	0	6
Khoikhoi	1196	298	0	594	223	11	1757	143	3	0	1	4226
Khukri	884	10	0	52	7	2	437	14	0	0	0	1406
Khym Chanur	0	0	0	6	0	0	0	0	0	0	0	6
Kicking222	529	1	0	0	0	0	0	0	0	0	0	530
KieferSkunk	725	11	0	2	0	3	14	3	0	0	0	758
KillerChihuahua	1199	34	0	102	12	4	389	30	7	0	0	1777
Killiondude	1019	8	0	19	1	5	51	0	2	0	5	1110
Kilo-Lima	1207	2	0	36	9	0	668	69	0	0	0	1991
Kim Bruning	49	5	0	11	3	0	33	14	0	0	0	115
Kim Dent-Brown	284	1	0	17	2	0	3	1	0	0	0	308
Kimchi.sg	43208	714	0	538	118	20	2177	211	21	0	0	47007
KimvdLinde	850	55	0	61	19	1	47	7	1	0	0	1041
King of Hearts	5353	157	0	451	78	34	1714	549	10	0	14	8360
Kingboyk	3142	316	0	103	12	0	214	24	0	0	2	3813
Kingturtle	720	26	0	172	13	28	337	10	7	1475	72	2860
Kinu	5543	33	0	420	20	7	765	62	2	0	0	6852
Kirill Lokshin	1768	50	0	22	2	5	161	15	0	0	1	2024
Kizor	57	141	0	8	8	1	24	3	0	0	0	242
Kjkolb	490	14	0	1	1	0	138	8	0	0	0	652
Kmccoy	102	4	0	8	2	1	35	2	1	0	0	155
KnightLago	1031	50	0	200	15	33	845	91	8	0	1	2274
Knowledge Seeker	115	32	0	19	19	0	110	75	0	0	0	370
KnowledgeOfSelf	1671	27	0	261	27	17	5512	114	0	0	0	7629
Konstable	1080	91	0	97	25	0	435	135	0	0	0	1863
Kosebamse	335	0	0	1	0	0	10	0	0	0	0	346
Kotra	15	1	0	1	0	0	1	0	0	0	0	18
Kpjas	121	0	0	2	0	0	1	0	0	0	0	124
KrakatoaKatie	3343	70	0	95	5	15	318	16	0	0	3	3865
Kralizec!	677	94	0	545	202	51	3069	41	20	0	11	4710
Krimpet	14857	107	0	307	26	43	3889	822	2369	0	6	22426
Ktsquare	11	0	0	0	0	0	0	1	0	0	0	12
Kubigula	7979	39	0	110	9	1	547	19	2	0	0	8706
Kukini	920	11	0	50	2	2	3481	4	2	0	0	4472
Kungfuadam	16119	264	0	186	39	0	2569	245	0	0	0	19422
Kurt Shaped Box	1700	16	0	127	5	31	1526	20	11	0	0	3436
Kuru	1763	5	0	257	10	6	3619	60	39	0	6	5765
Kurykh	6188	108	0	183	19	42	600	72	4	0	4	7220
Kusma	11223	101	0	170	36	9	919	31	5	0	8	12502
Kwamikagami	714	25	0	119	9	16	223	16	11	0	0	1133
Kwsn	1719	13	0	46	4	17	220	32	0	0	0	2051
Kyle Barbour	477	115	0	2	0	0	46	11	0	0	0	651
Kylu	1427	44	0	191	12	25	246	26	0	0	35	2006
Kyorosuke	1013	46	0	43	23	0	162	47	0	0	0	1334
Kzollman	125	34	0	1	0	0	2	1	0	0	0	163
L'Aquatique	667	10	0	21	3	13	46	8	0	0	3	771
LAX	219	3	0	3	4	1	95	1	0	0	4	330
La goutte de pluie	591	30	0	32	17	2	184	37	0	0	0	893
Lachatdelarue	237	7	0	0	1	0	6	1	0	0	0	252
Lacrimosus	222	3	0	16	1	0	44	1	0	0	0	287
LadyofShalott	1223	12	0	24	4	1	75	6	1	0	1	1347
Lankiveil	919	25	0	11	0	1	109	3	11	0	1	1080
Lar	922	64	0	108	29	11	534	42	2	0	11	1723
Larry V	263	11	0	1	1	0	2	0	0	0	0	278
Laser brain	165	1	0	1	0	0	4	2	0	0	0	173
Laurascudder	848	4	0	3	2	0	9	1	0	0	0	867
Law	285	19	0	12	2	1	204	5	5	0	1	534
Lazulilasher	137	8	0	13	4	5	50	0	2	0	1	220
LeaveSleaves	0	0	0	6	0	0	0	0	0	0	0	6
Lectonar	14904	64	0	184	147	83	382	9	7	0	0	15780
Leebo	547	11	0	16	0	0	128	7	0	0	0	709
Leithp	361	21	0	6	1	0	329	12	0	0	0	730
Lenticel	227	5	0	1	0	0	0	0	0	0	0	233
LessHeard vanU	526	51	0	276	12	21	2617	73	32	0	0	3608
Lethe	35	13	0	3	2	0	34	16	0	0	0	103
Lexi Marie	605	28	0	41	25	0	157	52	0	0	0	908
Lexicon	161	23	0	10	3	1	56	5	0	0	0	259
Lexor	40	0	0	0	0	0	0	0	0	0	0	40
Lid	2335	11	0	16	0	0	47	0	0	0	0	2409
Lifebaka	2538	151	0	42	11	10	147	11	7	0	2	2919
Lightdarkness	1528	18	0	5	3	0	183	19	0	0	0	1756
Ligulem	4947	12	0	749	660	0	150	6	0	0	0	6524
LinguistAtLarge	175	2	0	1	0	0	0	0	0	0	2	180
Linuxbeak	339	5	0	64	17	0	389	34	0	20	12	880
Lipinki	0	0	0	2	0	0	0	0	0	0	0	2
LiquidGhoul	27	1	0	1	0	0	0	0	0	0	0	29
LittleDan	33	1	0	1	2	0	4	0	0	0	0	41
Llywrch	155	15	0	17	6	1	26	8	0	0	0	228
Lommer	737	2	0	1	2	0	1	0	0	0	0	743
Lomn	7	0	0	1	1	0	5	0	0	0	0	14
Longhair	5716	10	0	124	38	3	1680	41	1	0	4	7617
Lord Emsworth	2	0	0	0	0	0	0	0	0	0	0	2
Lord Voldemort	182	1	0	9	26	0	4	4	0	0	0	226
LordAmeth	52	1	0	0	0	0	0	0	0	0	0	53
Loren36	76	1	0	12	4	1	302	20	0	0	0	416
Lostintherush	792	7	0	27	6	2	112	6	0	0	0	952
LouI	35	1	0	0	0	0	0	0	0	0	0	36
Lowellian	243	68	0	5	0	0	0	0	0	0	0	316
Lquilter	22	1	0	0	0	0	6	0	0	0	0	29
Lradrama	181	2	0	0	0	0	201	15	0	0	1	400
Lucky 6.9	27946	129	0	766	50	0	1919	248	0	0	0	31058
Ludraman	16	3	0	2	2	0	4	0	0	0	0	27
Luigi30	3279	15	0	52	2	0	152	5	0	0	0	3505
Luis Hernández García	0	0	0	2	0	0	0	0	0	0	0	2
Luk	20535	213	0	620	26	124	3923	341	124	0	16	25922
Luna Santin	6252	101	11	1816	160	122	12603	1034	106	0	15	22220
Lupin	642	1	0	5	3	0	126	8	0	0	0	785
Lupo	1911	15	0	9	0	0	398	21	0	0	0	2354
Lyrl	257	1	0	0	1	0	5	0	0	0	0	264
M7	0	0	0	0	0	0	0	0	1	0	0	1
MBK004	698	10	0	129	4	18	310	17	10	0	20	1216
MBisanz	36395	502	0	511	19	79	1296	87	18	33	301	39241
MBoarSidwell	0	0	0	1	0	0	0	0	0	0	0	1
MC MasterChef	103	0	0	0	0	0	35	4	0	0	0	142
MCB	1166	17	0	33	4	3	422	17	1	0	0	1663
MECU	5322	21	0	2	0	1	7	0	0	0	0	5353
MER-C	0	0	0	15	0	0	0	0	0	0	0	15
MGodwin	3	0	0	0	0	0	0	0	0	0	0	3
MJCdetroit	104	6	0	28	3	11	5	0	0	0	0	157
MONGO	3035	27	0	116	35	0	396	39	0	0	0	3648
MPF	441	9	0	7	0	0	17	0	0	0	0	474
MPUploadBot	50	7	0	52	0	3	0	0	0	0	0	112
MSGJ	869	59	0	55	16	21	53	1	5	0	18	1097
MZMcBride	804945	571	0	7286	922	419	159	116	187	0	1	814606
MacGyverMagic	5598	108	0	193	106	2	279	33	0	0	0	6319
Mackensen	2476	106	0	68	7	1	1581	237	0	0	0	4476
Mackeriv	96	1	0	3	0	0	14	3	0	0	0	117
Madchester	513	15	0	97	18	4	240	10	0	0	0	897
Madman	873	61	0	24	5	4	140	16	3	0	0	1126
Maedin	1	1	0	2	2	0	1	1	1	0	2	11
Magioladitis	1741	14	0	21	0	4	60	3	2	0	0	1845
Magnus Manske	888	4	0	1	1	0	14	0	0	0	0	908
Mahanga	884	9	0	8	1	0	56	3	0	0	0	961
Mailer diablo	49312	244	8	156	15	1	246	14	1	0	0	49997
Mairi	749	5	0	3	2	0	5	0	0	0	0	764
Majorly	15244	506	0	548	104	7	660	39	0	0	10	17118
Makemi	4809	53	0	79	13	0	378	25	0	0	0	5357
Malcolm	1284	63	0	47	17	2	274	19	0	0	0	1706
Malcolm Farmer	776	3	0	0	0	0	24	1	0	0	0	804
Malcolmxl5	5765	39	0	210	6	13	34	1	1	0	2	6071
Malinaccier	686	4	0	153	9	25	591	14	5	0	261	1748
Mallanox	1860	19	0	2	1	0	5	0	0	0	0	1887
Malo	2783	14	0	112	8	1	2240	246	0	0	0	5404
Mangojuice	4259	80	0	105	11	7	831	330	55	0	29	5707
Manning Bartlett	1362	11	0	2	0	6	14	2	0	0	0	1397
Marasmusine	4328	32	0	38	3	0	246	4	0	0	0	4651
Mardetanha	0	0	0	0	0	0	2	1	0	0	0	3
Marianocecowski	242	8	0	0	3	0	32	0	0	0	0	285
Marine 69-71	223	5	0	58	23	0	118	35	0	0	1	463
Mark	453	84	0	119	26	8	157	37	3	0	0	887
Mark Dingemanse	293	0	0	1	3	0	45	3	0	0	0	345
Mark Richards	0	0	0	0	0	0	0	5	0	0	0	5
Mark83	368	10	0	1	2	0	3	0	0	0	0	384
MarkGallagher	1931	27	0	81	61	0	116	26	0	0	0	2242
MarkSweep	1945	23	0	105	5	0	1133	41	0	0	0	3252
Markles	65	8	0	41	3	7	0	0	0	0	0	124
Marshman	25	0	0	0	0	0	30	2	0	0	0	57
Marskell	40	2	0	32	16	3	25	0	0	0	0	118
Martijn Hoekstra	1099	13	0	4	1	0	106	3	0	0	1	1227
MartinHarper	14	0	0	0	1	0	0	0	0	0	0	15
Martinp23	1387	89	0	226	31	4	358	71	2	0	4	2172
Martyman	131	2	0	2	0	0	35	1	0	0	0	171
Marudubshinki	4852	55	0	28	14	0	448	30	0	0	0	5427
Marumari	0	0	0	0	0	1	8	0	0	0	0	9
Masamage	840	16	0	16	2	3	19	1	0	0	0	897
Masem	90	11	0	8	0	2	11	0	0	0	0	122
MastCell	5571	69	0	489	21	50	952	74	3	0	1	7230
Master Jay	196	8	0	82	7	1	303	36	0	0	0	633
Master Thief Garrett	1144	6	0	7	1	0	12	2	0	0	0	1172
Master of Puppets	2382	63	0	252	30	48	751	33	1	0	5	3565
Matilda	221	20	0	33	15	1	231	10	0	0	0	531
Matt Britt	5	2	0	2	0	0	1	0	0	0	0	10
Matt Crypto	132	22	0	38	22	0	174	18	0	0	0	406
Mattbr	2549	65	0	4	0	0	9	0	0	0	0	2627
MatthewUND	53	1	0	0	0	0	5	0	0	0	0	59
Matthewedwards	2087	87	0	28	8	1	26	3	0	0	0	2240
Mattinbgn	1113	39	0	41	3	9	75	2	0	0	0	1282
Mattyb420	0	0	0	2	0	0	0	0	0	0	0	2
Maunus	1	0	0	4	0	0	0	0	0	0	0	5
Maury Markowitz	153	19	0	0	0	1	47	5	0	0	0	225
Mav	453	12	0	118	2	1	17	7	0	0	0	610
MaxSem	4846	23	0	167	25	7	343	96	3	0	14	5524
Maxim	106667	923	0	2476	276	558	2479	137	84	0	199	113799
Maxim's JS test account	0	0	0	1	0	0	0	0	0	0	0	1
Maximus Rex	68	0	0	0	0	0	0	0	0	0	0	68
Mazca	690	7	0	16	1	5	176	3	9	0	2	909
Mbecker	0	0	0	1	3	0	3	1	0	0	0	8
Mdd4696	2234	8	0	31	8	0	89	4	0	0	0	2374
MediaWiki default	1310	0	0	0	0	0	0	0	0	0	0	1310
Meegs	8893	33	0	1	0	0	97	5	0	0	0	9029
Meelar	1264	7	0	2	1	0	121	1	0	0	0	1396
MegaHL90	0	0	0	1	0	0	0	0	0	0	0	1
Mel Etitis	3126	19	0	160	24	0	848	57	0	0	0	4234
Melburnian	120	2	0	4	1	0	30	0	0	0	0	157
Melchoir	843	6	0	17	1	0	84	1	1	0	0	953
Melesse	21711	54	0	3	0	0	1	0	0	0	0	21769
Menchi	20	2	0	0	0	0	0	0	0	0	0	22
Meno25	331	32	0	3	1	1	7	3	1	0	2	381
Mentifisto	4275	20	0	25	0	6	3791	12	57	0	45	8231
Mercury	314	93	0	82	34	25	137	62	0	0	0	747
Merkinsmum	0	0	0	3	0	0	0	0	0	0	0	3
Merope	11766	60	0	56	6	0	834	15	0	0	0	12737
Merovingian	2001	100	0	32	14	0	275	21	0	0	26	2469
Merphant	1	2	0	0	0	0	0	0	0	0	0	3
Metalx97856	0	0	0	1	0	0	0	0	0	0	0	1
Metamagician3000	110	4	0	11	4	0	28	5	0	0	0	162
Metropolitan90	2525	23	0	1	0	1	6	2	0	0	0	2558
Mets501	9380	98	0	207	38	0	293	22	0	0	0	10038
Mfield	841	13	0	122	6	24	574	10	22	0	1	1613
Miborovsky	46	3	0	19	13	0	30	5	0	0	0	116
Michael Greiner	708	14	0	10	7	0	12	1	5	0	0	757
Michael Hardy	282	68	0	1	0	0	16	4	1	0	0	372
Michael Snow	875	106	0	22	164	1	54	68	1	0	0	1291
MichaelBillington	507	8	0	6	0	0	4567	70	0	0	2	5160
Michaelas10	363	22	0	80	8	1	61	8	0	0	0	543
Mifter	1489	4	0	99	4	4	218	1	25	0	8	1852
Mikaey	1048	1040	0	11	1	2	73	0	1	0	2	2178
Mike 7	1263	16	0	39	3	0	285	6	0	0	0	1612
Mike Halterman	149	9	0	13	9	1	64	10	0	0	0	255
Mike Peel	2834	20	0	4	4	0	4	0	1	0	0	2867
Mike Rosoft	14526	405	0	427	46	18	2304	390	11	0	0	18127
Mike Selinker	2017	15	0	11	4	0	17	1	0	0	0	2065
Mike.lifeguard	1	0	0	0	0	0	0	1	0	0	0	2
Mikeblas	128	1	0	0	0	0	0	0	0	0	0	129
MilborneOne	209	0	0	2	1	0	8	0	0	0	0	220
Mindmatrix	2314	17	0	24	2	0	45	1	1	0	1	2405
Mindspillage	2299	75	0	53	27	2	91	46	0	0	0	2593
Minesweeper	13	2	0	0	0	0	1	0	0	0	0	16
Mirv	1146	28	0	38	37	0	40	46	0	0	1	1336
MisfitToys	79	8	0	0	0	0	0	0	0	0	0	87
Misza13	223395	280	0	284	21	2	4607	268	0	0	6	228863
Mitchazenia	114	3	0	2	0	0	13	2	0	0	0	134
Mkmcconn	20	0	0	3	3	0	0	0	0	0	0	26
Mkweise	30	2	0	0	1	0	1	0	0	0	0	34
Mlaffs	55	0	0	1	0	0	0	0	0	0	0	56
Mo0	3125	23	0	14	3	0	229	21	1	0	0	3416
MoRsE	57	3	0	0	0	0	25	1	0	0	0	86
Modemac	14	0	0	3	5	0	6	1	0	0	0	29
Moink	304	3	0	2	0	0	7	7	0	0	0	323
Molikroth	0	0	0	1	0	0	0	0	0	0	0	1
Moncrief	99	1	0	4	3	0	40	1	0	0	0	148
Moni3	40	3	0	28	1	11	26	0	2	0	0	111
Montrealais	22	1	0	0	0	0	0	0	0	0	0	23
Moondyne	1958	55	0	58	14	2	299	38	0	0	0	2424
Moonriddengirl	8077	1120	0	134	20	10	284	18	9	0	0	9672
Moreschi	1031	26	0	190	11	40	811	80	0	0	17	2206
Moriori	3534	3	0	0	0	0	252	5	0	0	0	3794
Morven	814	26	0	7	1	0	224	54	1	0	0	1127
Morwen	615	14	0	6	1	0	84	8	0	0	0	728
Mr. Lefty	1550	10	0	62	6	0	614	31	1	0	0	2274
Mr.Z-man	19322	242	0	480	50	285	1623	182	25	0	26	22235
MrDarcy	222	5	0	36	7	0	143	12	0	0	0	425
Mtmelendez	1041	5	0	11	0	0	2	0	0	0	0	1059
Mufka	1531	4	0	30	0	3	503	0	14	0	0	2085
Mulad	41	6	0	0	0	0	0	0	0	0	0	47
Mushroom	21974	182	0	34	9	3	442	90	0	0	0	22734
Musical Linguist	324	149	0	109	24	0	900	71	0	0	0	1577
Mustafaa	131	1	0	0	3	0	10	1	0	0	0	146
MykReeve	2	0	0	0	0	0	0	0	0	0	0	2
Myleslong	22	29	0	6	3	0	28	8	0	0	0	96
Mysekurity	728	14	0	40	21	0	81	2	0	0	0	886
Mysid	2493	2	0	2	1	0	14	5	0	0	0	2517
Mzajac	148	4	0	8	2	1	46	4	0	0	0	213
NCurse	1602	11	0	1	1	0	34	0	0	0	0	1649
NSLE	561	11	0	90	18	0	440	101	0	0	0	1221
Nabla	900	50	0	16	5	1	1	0	0	0	0	973
Nae'blis	844	53	0	28	2	0	15	2	0	0	0	944
Nagy	0	0	0	1	0	0	0	0	0	0	0	1
Nakon	35009	391	0	603	67	30	12813	6151	22	0	91	55177
Nancy	10858	75	0	341	17	11	662	11	7	0	7	11989
Nandesuka	694	29	0	96	16	2	383	27	1	0	0	1248
Nanfoodle	0	0	0	1	0	0	0	0	0	0	0	1
Nanobug	1	0	0	0	0	0	0	0	0	0	0	1
Nat	188	35	0	156	9	31	263	15	0	0	0	697
Natalie Erin	4503	23	0	68	3	0	988	27	0	0	0	5612
Natalya	325	13	0	36	7	3	109	39	0	0	0	532
NawlinWiki	155521	6518	0	8629	24	617	12758	457	310	0	5	184839
Necrothesp	332	11	0	1	0	1	105	8	0	0	0	458
Nehrams2020	4557	19	0	5	2	0	126	2	0	0	0	4711
Netsnipe	1160	60	0	605	91	10	3670	1755	12	0	1	7364
Neutrality	3833	32	0	48	10	0	175	58	0	0	0	4156
Nev1	257	14	0	29	3	14	135	3	2	0	0	457
Newyorkbrad	744	15	0	50	5	2	524	32	0	0	1	1373
Ngb	622	62	0	9	6	0	10	0	0	0	0	709
Nichalp	1191	70	0	50	16	4	72	9	0	979	123	2514
NicholasTurnbull	212	14	0	15	10	0	139	17	0	0	0	407
Nick	2793	130	0	239	23	20	659	67	9	0	2	3942
Nick-D	400	11	0	46	2	5	251	12	15	0	0	742
Nickptar	612	13	0	3	1	0	116	31	0	0	0	776
Nickshanks	54	1	0	3	0	0	0	0	0	0	0	58
Nicman911	0	0	0	2	0	0	0	0	0	0	0	2
Night Gyr	478	37	0	10	3	1	31	2	0	0	0	562
Nightmarishnight	0	0	0	1	0	0	0	0	0	0	0	1
Nightscream	24	8	0	55	4	1	114	2	2	0	0	210
Nightstallion	1768	128	0	71	7	0	29	2	0	0	0	2005
Nihiltres	9072	131	0	113	27	27	265	16	2	0	10	9663
Nihonjoe	5333	289	0	246	34	6	513	27	12	0	2	6462
Nikki311	423	2	0	25	1	2	43	1	0	0	1	498
Nilfanion	568	25	0	4	3	0	3	0	0	0	0	603
Nishkid64	7431	348	0	1476	640	124	7083	304	624	0	16	18046
Niteowlneils	4157	80	0	1	0	0	16	1	0	0	0	4255
Nixdorf	2	0	0	0	0	0	0	0	0	0	0	2
Nixeagle	10319	243	0	93	14	9	3322	84	26	0	2	14112
Nja247	1485	24	0	144	6	31	1090	18	65	0	18	2881
Nlu	1594	90	0	601	226	13	3541	220	0	0	0	6285
Nmajdan	210	5	0	7	7	4	62	2	0	0	0	297
No Guru	927	11	0	33	14	0	442	8	1	0	0	1436
NoSeptember	1589	47	0	24	25	1	122	61	0	0	45	1914
NodpiW	0	0	0	1	0	0	0	0	0	0	0	1
Nohat	265	38	0	39	33	0	62	5	0	0	0	442
Noldoaran	2	0	0	0	0	0	0	0	0	0	0	2
Notheruser	70	0	0	0	0	0	0	0	0	0	0	70
Nousernamesleft	189	7	0	5	2	3	2	1	0	0	3	212
NrDg	1618	123	0	278	19	28	846	27	44	0	4	2987
NuclearWarfare	488	15	0	40	0	8	225	4	10	0	4	794
Nufy8	370	1	0	34	2	7	331	15	1	0	0	761
Number 57	5985	67	0	72	2	1	53	4	0	0	0	6184
Nunh-huh	450	29	0	27	3	1	317	11	3	0	1	842
Nv8200p	59558	181	0	25	3	0	106	3	0	0	0	59876
Nyttend	4046	114	0	22	1	0	161	1	1	0	0	4346
Oberiko	294	3	0	8	2	0	162	0	0	0	0	469
Obli	1047	6	0	28	5	0	99	7	0	0	0	1192
Ocatecir	1338	11	0	104	8	1	248	9	0	0	0	1719
Ocee	195	0	0	3	3	10	95	5	0	0	0	311
Od Mishehu	5494	184	0	173	25	25	314	54	106	0	4	6379
OhanaUnited	496	33	0	11	3	1	139	7	0	0	7	697
Ohnoitsjamie	4244	60	0	267	10	17	2381	48	23	0	0	7050
Okiefromokla	195	2	0	21	3	3	208	7	0	0	0	439
OldakQuill	325	22	0	6	2	0	2	1	0	0	0	358
Oldboy212	0	0	0	1	0	0	0	0	0	0	0	1
Oldelpaso	640	12	0	17	10	0	32	1	0	0	2	714
Oldwindybear	2	0	0	0	0	0	2	1	0	0	0	5
Oleg Alexandrov	686	57	0	14	8	0	35	10	0	0	1	811
Olessi	142	6	0	0	0	0	14	1	0	0	0	163
Oliver Pereira	2	5	0	0	1	0	0	0	0	0	0	8
Olivier	192	6	0	7	1	0	24	0	0	0	0	230
Omegatron	308	90	0	27	12	0	15	0	0	0	0	452
One	974	103	0	117	18	1	143	28	1	0	0	1385
Opabinia regalis	1410	5	0	15	2	0	3	0	0	0	0	1435
Orangemike	20071	125	0	513	24	12	4070	38	30	0	0	24883
Orderinchaos	4133	133	0	69	12	8	204	34	2	0	1	4596
Oren0	179	7	0	26	6	7	36	8	3	0	4	276
Orioane	114	1	0	4	2	0	11	0	0	0	0	132
Orlady	58	5	0	5	1	3	8	0	1	0	0	81
Orphaned talkpage deletion bot	672	58	0	0	0	0	0	0	0	0	0	730
Oscarthecat	3254	21	0	246	5	0	310	7	2	0	0	3845
OverlordQ	416	3	0	7	1	0	291	79	15	0	0	812
Owen	254	24	0	15	33	0	84	23	0	0	0	433
OwenX	2323	22	0	180	20	1	1240	82	2	0	7	3877
Oxymoron83	10845	98	0	408	9	62	5301	34	50	0	0	16807
PDH	9821	82	0	355	197	0	243	21	0	0	0	10719
PFHLai	3400	132	0	846	730	1	58	1	0	0	0	5168
PMDrive1061	18354	243	0	936	24	27	2883	93	283	0	4	22847
PS2pcGAMER	2303	23	0	25	32	0	87	18	0	0	0	2488
PZFUN	93	3	0	6	2	0	14	6	0	0	0	124
Pablo-flores	920	2	0	16	6	2	180	2	0	0	0	1128
PabsP	25	4	0	45	9	0	65	16	0	0	0	164
Paginazero	3	3	0	0	0	0	0	0	0	0	0	6
Pagrashtak	3190	13	0	3	2	0	10	1	0	0	0	3219
Pakaran	132	9	0	4	5	0	42	6	0	21	21	240
Pamri	707	1	0	0	4	0	0	0	0	0	0	712
Papa November	3127	45	0	23	6	13	231	13	1	0	0	3459
Parsecboy	2611	103	0	34	6	0	367	11	1	0	4	3137
Parthian Scribe	0	0	0	1	0	0	0	0	0	0	0	1
Pascal.Tesson	15661	88	0	84	2	1	788	20	0	0	1	16645
Pastor Theo	413	0	0	7	0	0	54	8	1	0	1	484
Pastordavid	1312	9	0	8	6	0	10	1	0	0	0	1346
Patar knight	135	3	0	2	0	0	3	0	0	0	0	143
Pathoschild	8293	149	0	151	33	0	2406	704	1	0	1	11738
Patrick	133	112	0	9	1	1	3	1	0	0	0	260
Pats1	395	50	0	131	7	15	322	7	4	0	0	931
Paul A	90	17	0	0	0	0	0	0	0	0	0	107
Paul August	1115	9	0	8	1	3	122	3	0	0	0	1261
Paul Erik	1214	52	0	9	2	0	189	4	0	0	0	1470
Pax:Vobiscum	574	38	0	182	6	13	34	1	0	0	0	848
Paxse	7	0	0	0	0	0	4	1	0	0	0	12
Pb30	858	1	0	0	0	1	278	3	0	0	0	1141
Pcb21	101	43	0	3	6	0	1	1	0	0	0	155
PeaceNT	5087	175	0	105	10	8	298	9	0	0	0	5692
PedanticallySpeaking	41	8	0	2	0	0	0	0	0	0	0	51
Pedro	8763	40	0	88	13	9	724	14	6	0	242	9899
Pedro Paulo Vasconcellos	0	0	0	2	0	0	0	0	0	0	0	2
Pegship	191	2	0	1	0	0	1	0	0	0	0	195
Penader	0	0	0	1	0	0	0	0	0	0	0	1
Pending deletion script	1210	0	0	0	0	0	0	0	0	0	0	1210
Pengo	50	14	0	2	1	0	7	0	0	0	0	74
Penwhale	145	8	0	44	6	14	50	13	1	0	0	281
Pepsidrinka	993	33	0	34	19	0	395	34	0	0	0	1508
Perceval	29	0	0	5	4	0	19	0	0	0	0	57
Peripitus	7507	36	0	80	18	11	140	9	7	0	1	7809
Persian Poet Gal	2289	95	0	998	25	39	3214	141	10	0	1	6812
Peruvianllama	624	7	0	18	4	0	366	6	0	0	0	1025
Peteforsyth	16	5	0	5	1	3	8	2	3	0	0	43
Peter	3642	47	0	74	23	0	652	39	0	0	0	4477
PeterSymonds	5346	153	0	1033	351	350	1768	100	317	0	345	9763
Pgk	3711	73	0	556	54	0	4060	2204	0	0	0	10658
Phaedriel	3551	55	0	199	30	16	308	19	0	0	0	4178
Pharos	394	68	0	589	153	0	40	7	0	0	0	1251
Phil Bordelon	0	0	0	2	1	0	0	0	0	0	0	3
Phil Boswell	532	10	0	79	1	3	19	4	0	0	0	648
Phil Sandifer	675	138	0	80	57	8	280	69	0	0	0	1307
PhilKnight	21684	399	0	769	51	32	4073	183	104	0	24	27319
Philip Baird Shearer	393	71	0	73	14	18	15	2	0	0	0	586
Philippe	4117	51	0	349	33	44	1503	66	2	0	7	6172
Philosopher	1165	17	0	28	2	5	35	2	7	0	25	1286
Phils	15	1	0	0	0	0	26	2	0	0	0	44
Philwelch	933	44	0	28	7	0	72	14	0	0	0	1098
Phuntsok2000	0	0	0	2	0	0	0	0	0	0	0	2
Physchim62	1115	41	0	34	5	0	107	17	0	0	0	1319
Piazzajordan2	0	0	0	1	0	0	0	0	0	0	0	1
Picaroon	4039	61	0	55	12	5	461	27	0	0	1	4661
PierreAbbat	0	0	0	0	0	0	5	0	0	0	0	5
Pigman	922	8	0	14	0	1	21	4	0	0	0	970
Pilotguy	7231	64	0	294	29	1	2576	685	0	0	0	10880
PinchasC	119	18	0	48	14	1	188	6	0	0	0	394
Pinkville	0	0	0	6	0	0	1	0	0	0	0	7
Piotrus	618	178	0	18	8	2	80	17	0	0	0	921
Pjacobi	230	6	0	15	3	0	99	2	0	0	0	355
Plange	123	0	0	3	1	0	32	0	0	0	0	159
Plastikspork	1998	62	0	122	2	13	9	0	1	0	0	2207
Please try again.	0	0	0	1	0	0	0	0	0	0	0	1
Poeloq	21	1	0	0	0	0	52	2	0	0	4	80
Polaron	0	0	0	1	0	0	0	0	0	0	0	1
Pollinator	35	0	0	4	0	0	146	1	0	0	0	186
Poor Yorick	93	0	0	6	3	1	0	0	0	0	0	103
Postdlf	5490	83	0	116	4	3	689	9	1	0	0	6395
Pratyeka	1	2	0	0	0	0	0	0	0	0	0	3
Premeditated Chaos	1732	18	0	3	0	0	19	1	0	0	0	1773
PrimeHunter	64	6	0	2	2	0	0	0	0	0	1	75
ProcseeBot	0	0	0	0	0	0	57045	0	0	0	0	57045
Prodego	2057	267	0	142	98	62	1217	222	64	0	40	4169
ProhibitOnions	249	1	0	0	1	0	50	0	0	0	0	301
Prolog	1236	32	0	65	5	4	518	2	2	0	0	1864
Promethean	0	0	0	1	0	0	0	0	0	0	0	1
Proteus	115	0	0	2	0	0	11	10	0	0	0	138
Protonk	2515	1181	0	79	5	10	182	21	25	0	2	4020
ProveIt	4433	7	0	3	0	0	2	0	0	0	0	4445
Pschemp	2135	247	0	169	29	0	3321	319	0	0	0	6220
Psy guy	110	0	0	10	9	0	181	17	0	0	0	327
Qaz	75	0	0	0	0	0	0	0	0	0	0	75
Quadell	95659	301	0	51	16	3	120	11	1	0	0	96162
Quarl	7973	111	0	22	10	0	37	3	0	0	0	8156
Quell	0	0	0	1	0	0	0	0	0	0	0	1
Quercusrobur	15	2	0	3	2	0	8	0	0	0	0	30
Qwghlm	592	31	0	17	1	0	17	0	0	0	0	658
R'n'B	5495	144	0	12	2	0	4	0	0	0	0	5657
R-Con 9	0	0	0	1	0	0	0	0	0	0	0	1
R. Baley	8	3	0	26	0	11	78	6	0	0	1	133
R. fiend	2822	21	0	19	4	0	56	1	0	0	0	2923
R3m0t	1340	15	0	30	0	0	4	4	0	0	0	1393
RG2	3298	61	0	18	1	0	162	8	0	0	0	3548
RHaworth	42622	2835	0	2047	37	1	467	14	2	0	0	48025
RJFJR	33	1	0	0	0	0	1	0	0	0	0	35
RN	706	132	0	17	15	0	28	7	0	0	0	905
Radiant!	2464	50	0	180	45	0	178	23	0	0	0	2940
RadicalBender	510	8	0	3	0	0	13	0	0	0	0	534
RadioKirk	2676	77	0	164	15	0	1678	74	0	0	0	4684
Ragesoss	357	42	0	5	1	1	6	0	0	0	0	412
Ragib	480	16	0	52	8	2	260	12	0	0	0	830
Raith Sienar	0	0	0	8	0	0	0	0	0	0	0	8
Ral315	2266	121	0	352	28	24	346	49	0	0	2	3188
Ram-Man	834	3	0	16	0	1	25	6	0	0	0	885
Rama	745	9	0	18	10	0	316	13	1	0	0	1112
Rama's Arrow	1202	3	0	46	9	0	200	25	0	0	0	1485
Ramallite	2	0	0	0	0	0	6	0	0	0	0	8
Rambo's Revenge	43	7	0	0	0	1	4	0	1	0	0	56
Ran	193	3	0	7	0	2	87	2	0	0	0	294
Random832	609	127	0	30	11	10	33	8	0	0	7	835
RandomXYZb	2778	36	0	242	19	24	1506	49	8	0	7	4669
Raso mk	0	0	0	1	0	0	0	0	0	0	0	1
RasputinAXP	2198	13	0	28	5	0	84	3	0	0	0	2331
Raul654	1158	104	0	1703	505	42	2492	226	4	148	61	6443
Raven4x4x	407	2	0	3	0	0	200	1	0	0	1	614
Raymolayenie	0	0	0	1	0	0	0	0	0	0	0	1
Raymond arritt	874	2	0	32	8	5	344	21	0	0	0	1286
Rbrwr	346	2	0	0	0	0	1	0	0	0	0	349
Rd232	1352	4	0	9	4	10	45	1	2	0	0	1427
Rdsmith4	3181	65	0	138	61	0	594	269	2	871	87	5268
Rebecca	2211	69	0	32	3	2	138	71	0	0	0	2526
Recurring dreams	6	0	0	1	0	0	21	1	0	0	0	29
RedWolf	14622	50	0	0	0	0	3	0	0	0	0	14675
RedWordSmith	240	11	0	13	20	0	20	1	0	0	0	305
RedirectCleanupBot	4377	0	0	0	0	0	0	0	0	0	0	4377
Redux	196	12	0	24	7	0	48	1	0	131	83	502
Redvers	16959	156	0	865	27	17	1978	201	306	0	1	20510
Redwolf24	1943	48	0	50	25	0	208	45	0	0	0	2319
Reedy	1094	30	0	36	13	13	40	11	0	0	9	1246
Refdoc	61	5	0	11	4	0	28	5	0	0	0	114
Reflex Reaction	511	14	0	1	2	0	6	0	0	0	0	534
RegentsPark	300	7	0	97	12	28	88	0	2	0	0	534
Remember the dot	816	11	0	26	2	7	18	1	0	0	13	894
Renata3	4656	31	0	14	2	0	60	4	0	0	0	4767
Renesis	148	0	0	25	1	0	19	6	0	0	0	199
Resolute	1182	18	0	22	2	1	39	1	0	0	0	1265
Retired username	12142	239	0	115	33	8	206	14	0	0	2	12759
RetiredUser2	376	88	0	25	15	0	12	6	0	0	0	522
Rettetast	20421	60	0	15	3	2	403	6	1	0	13	20924
Revolving Bugbear	102	7	0	5	1	0	25	11	0	0	0	151
RexNL	2299	11	0	153	11	9	4191	66	15	0	0	6755
ReyBrujo	951	36	0	101	29	5	138	2	0	0	0	1262
Rfl	364	39	0	0	0	0	0	0	0	0	0	403
Rhobite	719	15	0	67	26	0	617	47	0	0	0	1491
Rholton	277	3	0	8	1	0	22	3	0	0	0	314
Riana	14016	149	0	1042	108	105	2424	192	1	0	16	18053
Rich Farmbrough	2722	207	0	66	29	11	219	28	2	0	1	3285
Richardcavell	433	8	0	29	9	1	73	2	0	0	0	555
Richardshusr	929	38	0	49	24	12	14	3	0	0	0	1069
Rick Block	630	3	0	3	1	0	66	2	0	0	0	705
RickK	2466	14	0	53	5	0	651	26	0	0	0	3215
Ricky81682	4084	22	0	32	59	20	130	15	8	0	0	4370
Rifleman 82	379	39	0	31	9	5	110	6	3	0	3	585
Rigadoun	214	7	0	2	1	0	2	1	0	0	0	227
Risker	498	49	130	112	31	76	173	13	27	0	3	1112
Rjanag	462	14	0	42	3	4	66	8	7	0	1	607
Rjd0060	15098	371	0	634	44	93	1150	129	61	0	27	17607
Rje	1193	8	0	93	171	0	315	5	0	0	0	1785
Rkitko	518	46	0	11	2	2	10	1	0	0	0	590
Rklawton	875	14	0	25	2	2	478	15	10	0	0	1421
Rlandmann	1057	68	0	23	3	0	44	3	0	0	0	1198
Rlevse	1361	59	8	138	17	27	2710	157	9	544	85	5115
Rlquall	4	1	0	0	0	0	1	1	0	0	0	7
Rmhermen	2056	14	0	25	7	3	55	0	0	0	0	2160
Roadrunner	0	0	0	0	0	0	5	0	0	0	0	5
RobH	0	0	0	0	0	0	0	0	0	1	0	1
RobLa	2	1	0	0	0	0	0	0	0	0	0	3
Robchurch	714	11	0	6	4	0	83	12	0	0	0	830
Robdurbar	1591	72	0	147	84	0	112	25	0	0	0	2031
Robert Merkel	0	1	0	0	0	0	5	4	0	0	0	10
RobertG	6043	23	0	39	5	1	380	23	0	0	1	6515
Robin Patterson	0	0	0	0	0	0	1	0	0	0	0	1
Robth	3830	187	0	5	3	0	10	0	0	0	0	4035
RobyWayne	122	0	0	0	0	0	14	0	0	0	0	136
RockMFR	1999	170	0	171	51	23	299	5	0	0	1	2719
Rockero	77	1	0	5	2	0	13	0	0	0	0	98
Rockpocket	455	16	0	27	9	4	137	15	0	0	1	664
Rocky Road	0	0	0	1	0	0	0	0	0	0	0	1
Rodhullandemu	902	53	0	673	26	125	2163	100	63	0	14	4119
Roger Davies	434	22	16	8	2	3	41	14	2	0	2	544
Rogerd	578	11	0	24	5	0	138	1	0	0	0	757
Ronline	62	3	0	6	9	0	11	1	0	0	0	92
Ronnotel	19	2	0	42	9	6	87	24	1	0	1	191
Roozbeh	152	2	0	27	7	0	8	1	0	0	0	197
Rosiestep	7	2	0	2	2	0	0	0	0	0	2	15
Rossami	1006	467	0	36	9	1	230	2	0	0	0	1751
RoyBoy	116	2	0	34	2	1	610	13	0	0	0	778
RoySmith	345	11	0	28	5	0	230	10	1	0	0	630
Royalbroil	897	21	0	67	22	5	47	3	0	0	0	1062
Royalguard11	1825	32	0	267	378	28	179	19	0	0	0	2728
Royboycrashfan	6095	107	0	73	0	0	386	22	0	0	0	6683
Rschen7754	1054	52	0	339	5	9	469	51	9	0	7	1995
Rspeer	116	4	0	15	1	0	100	19	0	0	0	255
Ruhrfisch	232	11	0	43	4	1	49	4	4	0	1	349
Runcorn	72	4	0	5	2	0	143	79	0	0	0	305
Rune.welsh	819	5	0	28	7	0	33	1	0	0	0	893
Runningonbrains	170	5	0	9	2	2	26	2	4	0	0	220
Ruslik0	1716	10	0	152	15	39	174	4	8	0	25	2143
Ruud Koot	1292	80	0	67	16	4	310	61	1	0	1	1832
Rwiggum	0	0	0	1	0	0	0	0	0	0	0	1
RxS	739	1	0	7	3	2	461	10	1	0	0	1224
Ryan Postlethwaite	1342	92	0	267	52	63	1339	148	12	0	57	3372
RyanGerbil10	3623	18	0	46	4	2	190	11	0	0	2	3896
Ryulong	10729	212	0	1213	49	77	6278	615	62	0	2	19237
S@bre	14	2	0	0	0	1	1	0	0	0	0	18
SB Johnny	35	2	0	10	0	4	9	0	0	0	0	60
SCEhardt	5235	50	0	12	0	0	304	3	0	0	0	5604
SCZenz	447	17	0	17	21	5	149	26	0	0	0	682
SD6-Agent	1	0	0	0	0	0	0	0	0	0	0	1
SGGH	1886	31	0	18	5	0	689	26	2	0	2	2659
SQL	2451	46	0	372	10	66	262	124	0	0	34	3365
ST47	37691	4965	0	229	74	89	5847	2327	2	0	3	51227
SWAdair	1600	7	0	49	1	0	38	1	0	0	0	1696
Sabine's Sunbird	24	0	0	6	0	2	0	0	0	0	0	32
Sadalmelik	0	0	0	1	0	0	0	0	0	0	0	1
Sade	148	5	0	3	0	0	1	2	0	0	0	159
Salix alba	111	7	0	7	4	4	6	0	0	0	0	139
Sam	102	21	0	22	4	0	22	0	0	0	2	173
Sam Blacketer	2387	15	0	45	8	2	193	33	1	0	1	2685
Sam Hocevar	6	7	0	0	0	0	1	2	0	0	0	16
Sam Korn	1014	21	6	65	10	13	974	76	4	0	13	2196
Sam Vimes	41	5	0	0	0	0	34	0	0	0	0	80
Samir	2482	94	0	255	132	7	444	55	0	0	2	3471
Samotnik	0	0	0	2	0	0	0	0	0	0	0	2
Samsara	36	21	0	73	4	2	63	33	0	0	0	232
Samuel Blanning	1742	97	0	157	65	0	1197	170	0	0	0	3428
Samulili	2	0	0	0	0	0	1	0	0	0	0	3
Sanchom	233	3	0	4	1	0	58	8	0	0	0	307
Sandahl	7646	90	0	351	8	8	3466	65	9	0	2	11645
Sandstein	6100	68	0	394	23	15	989	199	25	0	3	7816
Sango123	4193	11	0	41	3	0	1567	66	0	0	0	5881
Sannse	882	30	0	19	10	0	57	35	0	0	0	1033
Sarah	2581	133	0	124	40	4	446	106	1	0	38	3473
Saravask	400	15	0	27	17	10	78	13	0	0	0	560
Sardanaphalus	0	0	0	7	0	0	0	0	0	0	0	7
SarekOfVulcan	763	47	0	41	7	7	96	15	13	0	0	989
Sasquatch	1915	25	0	83	25	1	677	104	0	0	1	2831
Sassygurl192	0	0	0	2	0	0	0	0	0	0	0	2
Satori Son	1371	49	0	191	11	2	497	14	5	0	1	2141
SatyrTN	2024	17	0	18	8	4	36	7	0	0	0	2114
Savidan	60	3	0	13	5	0	2	0	0	0	0	83
Saxifrage	292	2	0	10	4	0	13	0	0	0	0	321
Scarian	650	23	0	179	3	22	1014	65	4	0	5	1965
Sceptre	1628	92	0	81	8	0	518	89	0	0	0	2416
Schissel	11	0	0	1	0	0	2	2	0	0	0	16
Schneelocke	28	3	0	15	2	0	11	2	0	0	0	61
SchuminWeb	8872	200	0	93	10	5	326	4	6	0	0	9516
Schutz	823	3	0	3	0	0	2	0	0	0	0	831
Scientizzle	2730	54	0	172	16	4	906	30	1	0	3	3916
Scimitar	192	3	0	9	3	0	97	4	0	0	0	308
Scipius	0	0	0	0	0	0	1	0	0	0	0	1
Scjessey	0	0	0	1	0	0	0	0	0	0	0	1
Scm83x	229	5	0	6	1	0	37	2	0	0	0	280
Scorpion0422	0	0	0	1	0	0	0	0	0	0	0	1
Scott Burley	842	1	0	11	1	0	33	3	0	0	0	891
Scott5114	1189	6	0	119	5	0	29	5	0	0	1	1354
ScottDavis	301	36	0	9	5	0	37	4	0	0	0	392
Seabhcan	193	3	0	5	2	0	27	2	0	0	0	232
Sean Whitton	439	16	0	18	7	0	55	3	0	0	2	540
Sean William	868	45	0	109	8	4	414	35	0	0	2	1485
Searchme	147	0	0	0	0	0	11	0	0	0	0	158
Seattle Skier	285	7	0	8	0	0	21	1	0	0	0	322
SebastianHelm	54	9	0	6	2	2	4	5	0	0	0	82
Sebastiankessel	2	2	0	8	4	0	38	1	0	0	0	55
Secret	3915	43	0	95	6	7	182	12	1	0	16	4277
Secretlondon	427	6	0	2	0	0	420	8	0	849	12	1724
Seddon	72	2	0	15	1	2	65	3	8	0	6	174
Seglea	188	3	0	1	0	0	0	0	0	0	0	192
Seicer	1867	43	0	335	37	47	707	48	12	0	0	3096
Selket	1184	8	0	19	3	2	212	16	0	0	0	1444
Sephiroth BCR	909	17	0	36	6	1	321	7	0	0	0	1297
Seraphim	404	35	0	40	9	11	135	22	1	0	3	660
Seraphimblade	2214	13	0	35	9	2	642	45	0	0	2	2962
Seresin	2690	83	0	179	8	29	161	1	3	0	5	3159
Sesel	76	4	0	19	12	0	12	0	0	0	0	123
Seth Ilys	343	2	0	7	2	0	5	3	0	0	0	362
Sethant	1	2	0	0	0	0	0	0	0	0	0	3
Sfoskett	11	1	0	1	0	0	0	0	0	0	0	13
Sgeureka	451	20	0	1	0	0	3	1	1	0	0	477
Shadow1	284	13	0	32	4	0	170	27	0	0	0	530
ShamelessAngel	0	0	0	1	0	0	0	0	0	0	0	1
Shanel	4682	76	0	71	17	0	2595	517	0	0	0	7958
Shanes	2430	19	0	89	162	3	1095	24	0	0	0	3822
Shauri	44	0	0	0	1	0	2	0	0	0	0	47
SheffieldSteel	43	5	0	28	2	10	115	17	17	0	0	237
Sheldon Rampton	2	0	0	0	0	0	1	0	0	0	0	3
Shell Kinney	10818	279	0	56	6	3	665	81	3	0	2	11913
Shereth	767	22	0	12	4	1	398	8	0	0	1	1213
Sherool	41679	67	0	19	6	0	18	1	0	0	0	41790
Shii	394	32	0	23	11	0	56	54	0	0	2	572
Shimeru	789	0	0	6	0	0	2	0	0	0	0	797
Shimgray	1238	137	0	145	4	5	32	18	0	0	5	1584
Shirahadasha	171	2	0	10	4	3	55	8	0	0	0	253
Shizhao	1	1	0	1	0	0	0	0	0	0	0	3
Shoeofdeath	858	3	0	7	0	0	117	0	1	0	0	986
Shreshth91	2323	19	0	33	12	0	390	48	0	0	0	2825
Shyam	16920	56	0	19	2	0	57	1	0	0	1	17056
Shyamal	64	3	0	18	2	5	25	2	0	0	3	122
Silence	24	0	0	0	1	0	0	0	0	0	0	25
SilkTork	260	19	0	7	2	5	1	0	0	0	1	295
Silsor	523	6	0	35	41	0	139	137	0	0	0	881
SimonP	5280	55	0	11	275	0	45	2	0	0	0	5668
Singularity	7381	115	0	61	15	2	79	7	0	0	1	7661
Sir Nicholas de Mimsy-Porpington	2147	60	0	84	11	4	814	82	0	0	0	3202
SirFozzie	344	18	0	87	8	37	278	32	0	0	0	804
Siroxo	73	4	0	0	0	0	18	0	0	0	0	95
Sitthisoneout1	0	0	0	1	0	0	0	0	0	0	0	1
Sj	114	161	0	10	9	1	57	8	0	0	0	360
Sjakkalle	4564	374	0	40	28	0	799	65	1	0	0	5871
Sjc	19	0	0	0	0	0	3	0	0	0	0	22
Sjorford	428	34	0	4	5	0	3	0	0	0	0	474
Skier Dude	53774	1998	0	320	7	26	606	1418	7	0	0	58156
Skomorokh	335	9	0	12	0	2	0	0	0	0	4	362
Slakr	3810	61	0	272	24	83	9091	95	19	0	14	13469
Slambo	696	18	0	33	0	0	184	5	0	0	0	936
SlimVirgin	1147	285	0	750	390	15	1121	228	0	0	1	3937
Slowking Man	1350	29	0	130	25	1	859	132	0	0	0	2526
Slp1	448	13	0	17	4	1	95	3	2	0	0	583
Slrubenstein	33	2	0	28	6	2	42	10	4	0	0	127
Slumgum	154	1	0	1	0	0	0	0	0	0	0	156
Smalljim	802	7	0	13	2	0	390	7	3	0	0	1224
Smashville	1372	11	0	54	3	1	376	17	25	0	0	1859
Smith03	116	4	0	5	0	1	5	68	0	0	0	199
Smith609	144	1	0	2	0	0	3	2	2	0	0	154
SmthManly	519	4	0	32	9	1	51	2	0	0	0	618
Smurrayinchester	67	3	0	10	6	0	17	6	0	0	0	109
Sn0wflake	404	3	0	14	2	0	107	2	0	0	0	532
Snowolf	693	15	0	40	6	2	603	30	2	0	3	1394
Snoyes	95	0	0	1	0	0	40	0	0	0	0	136
SoLando	276	14	0	18	7	0	191	6	0	0	0	512
SoWhy	7042	68	0	653	57	135	251	7	12	0	8	8233
Solid Falcon	0	0	0	2	0	0	0	0	0	0	0	2
Solipsist	78	1	0	136	49	0	108	12	0	0	0	384
Someguy1221	927	10	0	12	3	0	294	1	12	0	1	1260
Somno	725	11	0	14	5	2	14	0	1	0	0	772
SorryGuy	11	2	0	2	2	0	18	2	0	0	0	37
Sortior	1	0	0	0	0	0	0	0	0	0	0	1
Soumyasch	2799	54	0	74	10	3	670	32	0	0	6	3648
SouthernNights	2065	46	0	125	35	10	252	6	4	0	0	2543
Spangineer	262	10	0	16	11	0	94	8	0	0	0	401
Spartaz	3004	143	0	175	28	10	319	76	6	0	7	3768
Spebi	1545	31	0	165	9	26	493	26	0	0	10	2305
Spellcast	7907	417	0	633	7	34	9022	624	111	0	11	18766
Spencer	200	3	0	29	3	4	257	3	0	0	1	500
Spencer195	12	0	0	0	0	0	3	0	0	0	0	15
Spike Wilbury	2489	101	0	18	4	0	136	4	0	0	1	2753
Spinningspark	40	7	0	8	0	2	50	1	3	0	0	111
Splash	8209	317	0	262	758	7	414	136	0	0	1	10104
SpuriousQ	625	1	0	17	1	0	569	5	0	0	0	1218
Srikeit	1840	18	0	86	45	0	387	22	0	0	0	2398
Ssd	1699	2	0	7	1	0	14	0	0	0	0	1723
Staecker	1689	20	0	1	1	0	2	0	0	0	0	1713
Stan Shebs	2652	74	0	1	0	0	25	0	0	1	0	2753
Star Mississippi	2038	55	0	76	4	6	244	8	1	0	0	2432
Starblind	2274	13	0	79	1	1	224	6	1	0	0	2599
Staxringold	222	1	0	0	0	0	37	0	0	0	0	260
Steel	9468	74	0	968	332	23	1190	88	0	0	5	12148
Steinsky	34	0	0	7	2	0	32	1	0	0	0	76
Stemonitis	3606	125	0	9	12	2	37	2	0	0	0	3793
Stephan Schulz	2	0	0	5	1	2	71	3	1	0	0	85
Stephen	6734	83	0	77	2	0	1396	70	9	0	9	8380
Stephen Bain	1745	42	0	85	23	1	95	18	0	0	0	2009
StephenBuxton	290	12	0	28	3	3	204	8	0	0	0	548
Steve	56	1	0	1	1	0	0	0	0	0	0	59
Steve Smith	1283	77	0	95	5	15	287	30	7	0	3	1802
SteveSims	0	0	0	1	0	0	0	0	0	0	0	1
Steven Walling	621	3	0	65	1	6	60	3	0	0	0	759
Stevenfruitsmaak	95	10	0	10	0	0	11	0	0	0	0	126
Stevenj	33	1	0	23	0	0	38	1	0	0	0	96
Stevertigo	136	16	0	46	11	0	22	14	0	0	0	245
Stewartadcock	828	0	0	10	3	0	6	1	0	0	0	848
Stifle	17934	467	0	497	53	44	470	63	4	0	35	19567
Stormie	2294	62	0	46	6	3	369	11	0	0	1	2792
StuffOfInterest	173	5	0	29	2	0	104	2	0	0	0	315
Stuffdoing	0	0	0	1	0	0	0	0	0	0	0	1
Stwalkerster	2534	62	0	79	1	7	359	44	3	0	32	3121
Sub619	0	0	0	1	0	0	0	0	0	0	0	1
Sue Anne	499	9	0	0	0	0	1	0	0	0	0	509
Sugarfish	2	2	0	1	1	0	0	0	0	0	0	6
Sundar	39	13	0	0	0	1	6	3	0	0	0	62
Superm401	253	24	0	21	22	23	47	12	0	0	0	402
Sverdrup	501	4	0	1	2	0	2	2	0	0	0	512
Swatjester	946	30	0	181	16	29	375	49	0	0	5	1631
Syrthiss	2846	42	0	165	24	3	1631	75	31	0	0	4817
TFOWR	0	0	0	2	0	0	0	0	0	0	0	2
TKD	2746	150	0	75	17	19	315	30	3	0	3	3358
TPK	62	0	0	0	0	0	0	0	0	0	0	62
TSO1D	89	1	0	34	8	2	21	2	0	0	0	157
TShilo12	59	4	0	7	2	0	5	2	0	0	0	79
TUF-KAT	542	39	0	0	0	0	12	1	0	0	0	594
Ta bu shi da yu	1396	57	0	88	47	0	171	56	0	0	0	1815
Tabercil	308	15	0	50	6	1	176	4	1	0	0	561
Tadakuni	9	0	0	0	0	0	0	0	0	0	0	9
Talrias	255	8	0	23	14	0	82	17	0	0	0	399
Tango	341	2	0	4	2	0	75	4	0	0	0	428
Tangotango	1509	28	0	23	1	1	621	17	0	0	0	2200
Tanner-Christopher	9	0	0	12	0	4	1	1	0	0	0	27
Tannin	57	2	0	1	0	0	22	1	0	0	0	83
Tanthalas39	2123	22	0	956	37	139	2821	56	22	0	2	6178
Tariqabjotu	303	26	0	818	88	39	438	73	2	0	0	1787
Tassedethe	903	42	0	0	0	0	0	0	0	0	0	945
Taw	87	17	0	0	2	0	0	0	0	0	0	106
Tawker	4355	51	0	281	18	12	1753	349	0	0	9	6828
Taxman	246	18	1	15	10	0	175	12	0	33	204	714
Tbo 157	30	2	0	3	1	0	24	6	0	0	0	66
TeaDrinker	1705	18	0	17	1	2	248	4	1	0	1	1997
Tedder	40	2	0	129	9	31	23	2	2	0	1	239
TenOfAllTrades	398	14	0	62	5	7	517	40	5	0	1	1049
TerriersFan	1348	54	0	151	12	9	240	10	2	0	0	1826
Terrillja	0	0	0	1	0	0	0	0	0	0	0	1
TexasAndroid	18740	470	0	349	41	11	634	37	0	0	1	20283
Texture	450	10	0	1	1	0	34	1	0	0	0	497
ThaddeusB	1229	192	0	1	0	3	4	0	1	0	0	1430
Thatcher	2736	118	6	238	59	27	2946	327	21	0	30	6508
Thatcher131	0	1	0	0	0	0	0	0	0	0	0	1
Thatislifeandlove	0	0	0	2	0	0	0	0	0	0	0	2
The Anome	3136	77	0	328	33	21	3900	181	53	0	2	7731
The Cunctator	7	50	0	5	17	0	11	6	0	0	0	96
The Epopt	3283	41	0	27	2	0	44	12	0	0	0	3409
The JPS	7522	39	0	184	21	9	368	12	0	0	0	8155
The Land	454	6	0	12	5	0	96	13	0	0	0	586
The Placebo Effect	366	12	0	38	8	6	27	4	0	0	2	463
The Rambling Man	3121	8	0	71	3	4	719	6	0	212	24	4168
The Random Editor	88	0	0	21	0	0	39	1	0	0	0	149
The Singing Badger	25	0	0	0	0	0	2	0	0	0	0	27
The Tom	137	12	0	40	12	0	4	0	0	0	0	205
The Transhumanist	0	0	0	3	0	0	0	0	0	0	0	3
The undertow	809	10	0	38	9	4	112	7	0	0	4	993
The wub	6375	25	0	26	5	0	170	8	0	0	2	6611
The-G-Unit-Boss	1409	5	0	102	3	12	24	0	0	0	0	1555
TheCoffee	29293	42	0	18	13	0	26	1	1	0	0	29394
TheCustomOfLife	43	0	0	6	1	0	3	0	0	0	0	53
TheDJ	27	2	0	1	0	1	0	0	0	0	0	31
TheParanoidOne	12440	29	0	0	0	0	0	0	0	0	0	12469
TheProject	2162	13	0	21	8	0	67	3	0	0	0	2274
Thedemonhog	26	0	0	0	0	1	0	0	0	0	2	29
Thehelpfulone	629	20	0	222	8	42	133	7	15	0	7	1083
TheoClarke	269	17	0	0	1	0	17	2	0	0	0	306
Therequiembellishere	0	0	0	1	0	0	0	0	0	0	0	1
Theresa knott	1748	51	0	238	58	15	1483	231	0	0	0	3824
Thespian	2	1	0	4	0	0	2	1	0	0	0	10
Thingg	3529	42	0	58	3	10	440	7	8	0	5	4102
Thorpe	319	4	0	10	2	1	22	4	0	0	0	362
Thryduulf	765	51	0	70	41	1	54	12	1	0	0	995
Thue	8060	32	0	27	8	0	370	37	1	0	0	8535
Thunderboltz	607	28	0	13	6	0	79	0	0	0	0	733
Thunderbrand	3589	9	0	3	2	0	39	2	0	0	0	3644
TigerShark	1142	55	0	40	11	3	1019	43	0	0	0	2313
Tijuana Brass	2988	48	0	33	4	0	99	10	0	0	0	3182
Tikiwont	5476	629	0	66	14	0	415	8	10	0	0	6618
Tillwe	45	0	0	0	0	0	3	0	0	0	0	48
Tim Ivorson	8	4	0	1	0	0	0	0	0	0	0	13
Tim Starling	42	11	1	7	3	0	15	23	0	5	0	107
Tim!	850	27	0	4	3	0	46	2	0	0	0	932
TimVickers	1179	41	0	188	14	70	818	28	5	0	3	2346
Timc	35	1	0	0	1	0	2	0	0	0	0	39
Timichal	1	17	0	0	0	0	0	0	0	0	0	18
Timrollpickering	344	2	0	22	3	7	6	0	0	0	0	384
Timwi	336	17	0	3	6	0	0	0	0	0	0	362
Tinselfairy1	0	0	0	2	0	0	0	0	0	0	0	2
Tiptoety	5988	146	0	1139	1038	242	4226	216	318	0	213	13526
Titoxd	2934	419	0	106	42	3	1560	366	0	0	5	5435
Tivedshambo	1823	24	0	29	2	2	572	9	11	0	18	2490
Tizio	1866	51	0	20	31	0	21	1	0	0	0	1990
Tkinias	3	0	0	0	0	0	0	0	0	0	0	3
Tnxman307	3909	22	0	77	1	2	1685	7	16	0	3	5722
Toby Bartels	20	146	0	1	3	0	0	1	0	0	0	171
Toddst1	5386	79	0	589	38	45	5213	223	95	0	17	11685
Tom	1374	30	0	33	11	5	82	1	0	0	0	1536
Tom harrison	3130	160	0	351	112	25	1785	102	2	0	0	5667
Tom-	37	3	0	8	3	0	4	0	0	0	0	55
TomStar81	283	4	0	44	6	3	39	2	0	0	0	381
TomTheHand	97	54	0	0	2	0	61	8	0	0	0	222
Tompagenet	5	0	0	0	0	0	0	0	0	0	0	5
Tone	15987	163	0	41	3	5	132	0	0	0	0	16331
Tony Fox	1314	7	0	61	2	6	497	10	6	0	0	1903
Tony Sidaway	1039	403	0	359	596	0	357	124	0	0	0	2878
Tonywalton	3142	10	0	33	4	6	332	23	15	0	2	3567
Toon05	973	53	0	47	6	4	138	5	16	0	2	1244
Topbanana	268	4	0	1	0	1	2	0	0	0	0	276
Tra	115	11	0	37	5	0	5	0	0	0	0	173
TravisTX	889	14	0	64	3	11	225	42	35	0	5	1288
Trebor	294	3	0	75	26	0	83	7	0	0	0	488
Tregoweth	4330	57	0	140	18	0	890	40	0	0	0	5475
Trevor MacInnis	2111	185	0	132	5	18	459	11	2	0	1	2924
Trevor Parscal	1	0	0	0	0	0	0	0	0	0	0	1
Trialsanderrors	657	290	0	52	60	0	20	2	0	0	0	1081
Triddle	5	0	0	3	2	0	4	0	0	0	0	14
Trilobite	514	1	0	3	3	0	63	6	0	0	0	590
Tristanb	5	7	0	0	0	0	0	0	0	0	0	12
Troy 07	0	0	0	1	0	0	0	0	0	0	0	1
Trusilver	754	11	0	52	1	4	1092	33	3	0	1	1951
Trödel	175	23	0	6	2	0	57	12	0	0	0	275
Turnstep	786	8	0	2	0	0	1	0	0	0	0	797
TwinsMetsFan	342	18	0	0	1	0	13	0	0	0	0	374
Typesships	0	0	0	1	0	0	0	0	0	0	0	1
Tyrenius	2447	58	0	49	11	2	245	31	0	0	6	2849
Tznkai	215	4	0	75	7	16	114	16	4	0	1	452
UberScienceNerd	165	2	0	0	0	0	69	0	0	0	0	236
Ugen64	1036	27	0	33	6	1	174	22	0	0	0	1299
UkPaolo	1439	57	0	15	5	0	131	3	0	0	0	1650
Ultraexactzz	2374	60	0	52	4	4	386	52	0	0	2	2934
Uncle G	1855	202	0	27	0	2	141	1	0	0	0	2228
UninvitedCompany	1541	40	0	57	27	0	119	33	0	8	39	1864
UpstateNYer	312	1	0	0	0	4	4	1	0	0	29	351
Urhixidur	386	21	0	2	0	0	8	0	0	0	0	417
Useight	1280	17	0	32	3	4	331	8	0	0	6	1681
User2004	117	2	0	16	6	0	124	27	0	0	0	292
Utcursch	6542	154	0	76	4	9	2186	18	1	0	0	8990
UtherSRG	5414	90	0	53	8	2	708	19	0	0	0	6294
Vague Rant	25	4	0	0	2	0	4	1	0	0	0	36
Valley2city	306	5	0	10	4	1	81	0	6	0	3	416
VampWillow	388	1	0	30	8	0	12	3	0	0	0	442
Vancouverguy	935	0	0	0	0	0	0	0	0	0	0	935
Vanished user	166	16	0	29	8	2	105	14	0	0	0	340
Vaoverland	43	2	0	0	0	0	17	0	0	0	0	62
Vary	642	55	0	33	4	2	197	9	1	0	0	943
Vassyana	588	14	29	25	4	2	91	29	0	0	0	782
VegaDark	10963	282	0	162	149	104	745	320	1	0	0	12726
Vegaswikian	9540	43	0	66	5	4	22	1	0	0	0	9681
Veinor	2134	18	0	33	4	1	339	24	0	0	0	2553
Verrai	748	5	0	14	6	0	69	2	1	0	0	845
Versageek	3048	25	0	101	1	15	569	13	16	0	6	3794
Viajero	52	4	0	10	9	0	15	4	0	0	0	94
Vianello	707	6	0	14	1	2	57	2	3	0	0	792
Vicky Lee	0	0	0	1	0	0	0	0	0	0	0	1
Victuallers	62	4	0	185	2	10	4	0	0	0	0	267
Violetriga	1640	119	0	79	33	0	131	43	0	0	0	2045
Viridae	972	95	0	85	34	23	525	84	10	0	18	1846
VirtualSteve	1807	40	0	389	22	35	1428	34	40	0	7	3802
Vishal	1	0	0	5	3	0	0	0	0	0	0	9
Visorstuff	6	1	0	4	1	0	0	0	0	0	0	12
Visviva	51	0	0	3	1	0	3	1	0	0	0	59
Voice of All	5632	82	1	487	2115	6	1046	107	0	0	6	9482
Vsmith	1233	3	0	102	10	14	4260	24	7	0	1	5654
Vulcan Hephaestus	0	0	0	4	0	0	0	0	0	0	0	4
WAvegetarian	270	20	0	8	3	0	69	6	0	0	0	376
WJBscribe	9254	210	0	393	495	40	2626	162	0	2546	152	15878
WODUP	2281	35	0	85	3	10	660	57	5	0	10	3146
Wafulz	5363	94	0	156	11	9	1297	44	0	0	0	6974
Waggers	871	2	0	46	1	2	1087	8	0	0	0	2017
Walter	0	0	0	0	0	0	1	0	0	0	0	1
Walton One	842	19	0	3	3	0	25	2	0	0	0	894
Waltpohl	29	0	0	2	0	0	0	0	0	0	0	31
Wangi	821	44	0	23	21	2	387	22	0	0	0	1320
Wapcaplet	2	0	0	0	0	0	0	0	0	0	0	2
Warofdreams	994	25	0	5	1	1	27	1	0	257	121	1432
Wassupwestcoast	219	22	0	14	5	2	14	2	0	0	0	278
Water Bottle	282	22	0	2	0	0	30	3	0	0	0	339
Wayward	1420	1	0	2	2	0	695	30	0	0	0	2150
Wee Jas	0	0	0	1	0	0	0	0	0	0	0	1
Wehwalt	341	6	0	21	11	12	51	4	6	0	4	456
Werdna	361	9	0	35	1	4	74	24	4	0	7	519
Werdna648	0	0	0	1	0	0	0	0	0	0	0	1
WereSpielChequers	2495	12	0	11	0	0	54	0	1	0	0	2573
Wernher	49	0	0	0	0	0	1	0	0	0	0	50
Wesley	0	1	0	0	0	0	2	0	0	0	0	3
Wgfinley	159	5	0	9	1	0	19	10	0	0	0	203
Where	412	4	0	0	0	0	81	11	0	0	0	508
WhisperToMe	358	163	0	51	6	2	29	4	0	0	0	613
Who	1298	5	0	15	9	0	456	98	0	0	0	1881
Whouk	511	6	0	1	1	0	13	0	0	0	0	532
Wickethewok	2732	44	0	18	0	0	61	2	0	0	0	2857
Wiglaf	48	3	0	4	1	0	26	6	0	0	0	88
Wiki alf	1876	18	0	59	27	0	1503	32	5	0	0	3520
WikiLeon	527	18	0	110	20	2	537	61	10	0	5	1290
Wikiacc	779	31	0	7	5	0	31	8	0	0	0	861
Wikibofh	246	7	0	42	48	0	784	37	0	0	0	1164
Wile E. Heresiarch	619	1	0	1	0	0	25	0	0	0	0	646
Wilfried Derksen	75	7	0	13	5	0	2	0	0	0	0	102
Will Beback	797	102	0	403	118	24	1516	105	9	0	2	3076
William M. Connolley	510	18	0	165	27	25	1984	221	27	0	0	2977
William Pietri	450	4	0	1	0	0	10	0	0	0	0	465
WilliamH	242	4	0	23	2	1	110	2	3	0	16	403
WilyD	1568	51	0	25	2	8	175	15	1	0	1	1846
Wimt	621	30	0	59	8	2	917	21	0	0	12	1670
Winhunter	7235	71	0	287	50	4	1344	252	0	0	2	9245
Wissel Wall	0	0	0	1	0	0	0	0	0	0	0	1
Wizardman	12865	104	42	510	14	22	305	12	3	0	6	13883
Wknight94	15381	359	0	708	183	83	7694	198	23	0	5	24634
Wneedham02	0	0	0	1	0	0	0	0	0	0	0	1
Woggly	167	7	0	12	0	0	75	14	0	0	0	275
Woody	4809	61	0	162	12	20	182	34	10	0	7	5297
Woohookitty	7643	150	0	502	474	5	1257	171	0	0	2	10204
Woooooooooop	0	0	0	1	0	0	0	0	0	0	0	1
Worldtraveller	215	0	0	4	4	0	19	2	0	0	0	244
Wouterstomp	18	0	0	0	0	0	0	0	0	0	0	18
Wpedzich	4	0	0	0	0	0	0	0	0	0	0	4
Wrp103	1	0	0	0	0	0	111	0	0	0	0	112
Wtmitchell	18	0	0	3	1	0	5	0	2	0	0	29
Wwoods	129	13	0	81	4	9	53	0	0	0	0	289
Wwwwolf	2622	26	0	39	5	0	5	1	0	0	0	2698
X!	1869	39	0	55	15	11	207	33	8	0	18	2255
XDanielx	65	4	0	0	0	0	0	0	0	0	0	69
XJamRastafire	7	0	0	5	3	0	0	0	0	0	0	15
Xaosflux	7808	308	0	612	287	251	852	83	31	0	12	10244
Xavexgoem	374	22	0	45	9	8	107	8	3	0	2	578
Xdamr	605	8	0	2	0	0	2	0	0	0	0	617
Xeno	8423	520	0	268	192	407	947	215	63	0	46	11081
Xezbeth	7945	83	0	53	10	0	383	6	2	0	0	8482
Xiner	210	4	0	10	1	0	72	4	0	0	0	301
Xnuala	62	0	0	0	0	0	3	1	0	0	0	66
Xoloz	7424	810	0	211	56	1	70	6	0	0	0	8578
Xy7	2053	45	0	149	42	9	2330	203	0	0	0	4831
Xymmax	706	47	0	115	12	27	74	2	3	0	4	990
Y	2303	48	0	51	10	7	90	5	0	0	0	2514
Y0u	345	0	0	0	0	0	13	2	0	0	0	360
Yamamoto Ichiro	1123	19	0	218	21	17	1563	35	9	0	67	3072
Yamla	3561	27	0	1223	59	15	4159	980	0	0	0	10024
Yandman	304	2	0	16	1	2	134	8	0	0	0	467
Yanksox	2711	57	0	113	30	0	228	20	0	0	0	3159
Yann	2	0	0	0	0	0	0	0	0	0	0	2
Yannismarou	294	2	0	18	6	1	47	1	0	0	1	370
YellowMonkey	8792	221	1	578	94	57	1919	158	14	0	5	11839
Yelyos	43	0	0	1	1	0	8	1	0	0	0	54
Yet Another Redirect Cleanup Bot	629	0	0	0	0	0	0	0	0	0	0	629
Ynhockey	159	3	0	5	1	0	4	0	0	0	0	172
Yomangani	1125	9	0	36	8	0	31	2	0	0	0	1211
Yonatan	255	54	0	10	9	6	85	9	0	0	2	430
Youngamerican	1243	51	0	56	23	3	33	2	0	0	0	1411
Zanimum	1370	59	0	56	17	0	119	12	0	0	0	1633
Zedla	873	6	0	32	2	2	122	9	0	0	0	1046
Zemaiteska	0	0	0	1	0	0	0	0	0	0	0	1
Zero0000	103	3	0	9	3	0	27	2	0	0	0	147
ZimZalaBim	2604	19	0	58	8	0	139	2	0	0	0	2830
Zippy	13	8	0	5	2	4	35	6	0	0	0	73
Zocky	262	18	0	21	8	0	21	8	0	0	0	338
Zoe	5859	83	0	244	12	0	1240	99	0	0	0	7537
Zoicon5	33	0	0	0	0	0	0	0	0	0	0	33
Zoney	20	11	0	3	2	0	1	1	0	0	0	38
Zscout370	10355	245	0	305	59	21	588	92	0	0	2	11667
Zsinj	2377	11	0	38	2	0	441	39	0	0	0	2908
Zzuuzz	4931	174	0	972	1176	546	7930	528	182	0	14	16453
Zzyzx11	9078	301	0	1203	562	12	369	53	5	0	2	11585
^demon	28640	182	0	40	7	3	74	12	1	0	1	28960
Ævar Arnfjörð Bjarmason	213	3	0	1	0	0	7	2	0	0	0	226
Ø	0	0	0	2	0	0	0	0	0	0	0	2
èªç±åå¤	0	0	0	1	0	0	0	0	0	0	0	1
ï¾	0	0	0	2	0	0	0	0	0	0	0	2
Totals	5916292	116014	724	181851	39552	16063	896854	76682	11951	12892	8127	7277002
