User	DL	UD	RD	PT	UP	PM	BL	UB	BM	UR	RM	Total
(aeropagitica)	11928	38	0	50	2	0	1733	42	0	0	0	13793
172	16	0	0	23	7	0	52	40	0	0	0	138
17Drew	317	1	0	2	0	0	37	1	0	0	0	358
23skidoo	537	8	0	31	6	0	131	13	0	0	0	726
52 Pickup	99	3	0	6	1	0	73	6	0	0	0	188
@pple	527	51	0	4	1	0	66	9	0	0	0	658
A Man In Black	3052	63	0	164	24	1	179	34	0	0	0	3517
A Train	237	6	0	19	4	0	51	2	2	0	0	321
A. B.	121	576	0	100	2	4	238	32	6	0	0	1079
AA	492	5	0	2	1	0	10	2	0	0	0	512
ABCD	3138	29	0	432	27	0	62	41	0	0	2	3731
AGK	1720	121	0	241	60	56	570	82	3	0	61	2914
AKeen	7	4	0	2	0	2	0	0	0	0	0	15
AQu01rius	298	2	0	12	5	0	41	0	0	0	0	358
AZT2008	0	0	0	1	0	0	0	0	0	0	0	1
Aarktica	207	2	0	1	0	0	2	1	0	0	0	213
Aaron Brenneman	1025	25	0	41	81	1	136	13	0	0	0	1322
Academic Challenger	19666	38	0	182	34	0	2530	19	4	0	0	22473
Acalamari	5496	69	0	2835	71	174	1192	112	10	0	738	10697
Accounting4Taste	19423	44	0	257	12	2	77	0	0	0	2	19817
Acetic Acid	65	3	0	7	2	0	66	9	0	0	0	152
Acropolis now	0	0	0	3	0	0	0	0	0	0	0	3
Acroterion	19331	41	0	409	10	17	1796	44	50	0	7	21705
Adam Bishop	3633	17	0	45	11	1	121	22	0	0	1	3851
Adambiswanger1	75	0	0	15	4	0	48	1	0	0	0	143
Adambro	1592	12	0	31	1	3	142	6	1	0	4	1792
Adashiel	362	51	0	51	33	1	369	29	0	0	0	896
Addshore	526	5	0	3	1	2	166	7	3	0	5	718
AdjustShift	82	0	0	8	0	0	125	2	21	0	0	238
Admiral Norton	380	6	0	6	0	0	6	0	0	0	2	400
Admrboltz	2711	1	0	26	15	0	29	8	0	0	2	2792
Aecis	3805	39	0	91	5	0	163	3	0	0	0	4106
Aervanath	1592	188	0	38	5	5	44	10	2	0	0	1884
After Midnight	31698	186	0	32	6	0	57	6	0	0	0	31985
Agathoclea	1126	48	0	51	5	4	167	16	1	0	1	1419
Ahoerstemeier	13550	107	0	43	5	1	1992	11	0	0	0	15709
Ais523	299	16	0	16	3	0	8	6	0	0	0	348
Aitias	3300	64	0	219	18	292	1198	78	45	0	72	5286
Akhilleus	856	4	0	41	3	4	424	30	1	0	0	1363
Akradecki	5185	53	0	168	3	3	304	22	31	0	0	5769
Aksi great	1926	12	0	26	8	1	591	30	0	0	0	2594
Al Ameer son	8	1	0	2	2	0	2	0	0	0	1	16
Alai	1393	17	0	10	3	0	42	3	0	0	0	1468
AlainV	1	0	0	0	0	0	0	0	0	0	0	1
Alasdair	539	3	0	11	1	0	224	11	1	0	0	790
Aldux	109	1	0	170	35	0	201	18	0	0	0	534
Ale jrb	1131	4	0	0	0	0	149	1	1	0	1	1287
Alex Bakharev	1722	145	0	465	44	40	1742	178	5	0	0	4341
Alex S	34	4	0	0	0	0	0	0	0	0	0	38
Alex.muller	548	22	0	22	1	1	305	15	0	0	11	925
Alex756	2	0	0	0	0	0	0	0	0	0	0	2
Alexf	11543	84	0	263	10	53	4033	37	7	0	0	16030
AlexiusHoratius	5	0	0	35	3	14	5	0	0	0	0	62
Alhutch	621	3	0	15	6	0	175	9	0	0	0	829
Alison	2355	122	93	1073	199	111	4734	334	13	0	59	9093
AlisonW	468	11	0	54	3	1	120	10	0	0	0	667
AlistairMcMillan	203	15	0	15	1	0	58	3	0	0	0	295
AliveFreeHappy	192	1	0	2	0	0	2	0	0	0	0	197
Alkivar	2396	136	0	252	27	9	470	41	0	0	0	3331
Allen3	10255	45	0	142	46	11	131	5	0	0	1	10636
AllyUnion	1913	26	0	98	11	0	38	11	0	0	0	2097
Alphachimp	6533	108	0	292	146	1	3917	117	0	0	0	11114
Altenmann	4950	251	0	265	63	16	1223	99	1	0	0	6868
Alteripse	2	0	0	2	1	0	13	1	0	0	0	19
Alvestrand	438	29	0	3	2	0	48	4	0	0	0	524
Amalas	1220	2	0	4	52	0	0	0	0	0	0	1278
Amalthea	1526	38	0	39	5	4	47	8	12	0	4	1683
Amberrock	544	7	0	19	3	0	115	9	0	0	0	697
Amcaja	54	3	0	0	1	0	58	2	0	0	0	118
Ameliorate!	317	3	0	46	3	2	120	8	0	0	0	499
AmiDaniel	2801	138	0	165	44	2	749	126	1	0	1	4027
Amire80	271	38	0	5	2	1	30	4	0	0	1	352
Amophar	0	0	0	1	0	0	0	0	0	0	0	1
Ams80	12	0	0	0	0	0	0	0	0	0	0	12
Anas Salloum	665	5	0	1	0	0	351	2	0	0	0	1024
Ancheta Wis	15	2	0	1	0	0	5	0	0	0	0	23
AndonicO	374	28	0	291	30	45	1347	51	0	0	0	2166
Andre Engels	2	0	0	0	0	0	1	0	0	0	0	3
Andres	3	3	0	1	0	0	0	0	0	0	0	7
Andrevan	657	87	0	20	11	0	85	28	0	1201	28	2117
Andrew Levine	718	15	0	19	2	0	33	6	0	0	0	793
Andrew Norman	48	1	0	27	2	0	75	7	0	0	0	160
Andrew Yong	16	1	0	0	0	0	0	0	0	0	0	17
Andrew c	1335	50	0	33	2	1	116	8	1	0	0	1546
Andrewa	85	6	0	0	0	0	0	0	0	0	0	91
Andris	17	0	0	0	0	0	0	0	0	0	0	17
Android79	3349	27	0	56	13	0	260	29	0	0	0	3734
Andrwsc	7498	88	0	56	53	7	92	1	0	0	0	7795
AndyZ	911	12	0	0	0	0	113	4	0	0	0	1040
AnemoneProjectors	478	59	0	75	44	1	112	1	2	0	0	772
Anetode	9125	316	0	250	13	7	1241	57	0	0	8	11017
AngelOfSadness	980	2	0	44	2	5	126	14	0	0	0	1173
Angela	2305	43	0	5	2	0	59	30	0	151	6	2601
Angelo.romano	852	115	0	109	14	3	72	2	0	0	0	1167
Angr	34225	205	0	199	52	23	761	29	2	0	0	35496
Angusmclellan	13785	133	0	11	2	1	60	6	0	0	17	14015
AniMate	114	3	0	7	2	0	48	1	3	0	1	179
Animum	1881	238	0	211	29	53	1676	294	4	0	27	4413
AnonEMouse	146	23	0	30	4	2	122	9	0	0	0	336
Anonymous Dissident	1229	21	0	373	32	55	484	13	1	259	35	2502
Anonymous editor	481	1	0	57	16	0	431	32	0	0	0	1018
Antandrus	7389	26	0	414	56	26	5316	354	43	0	1	13625
Anthere	38	1	0	4	4	0	4	1	0	0	2	54
Anthony Appleyard	23038	2885	0	53	3	12	1	0	0	0	0	25992
Anthony.bradbury	11720	63	0	52	2	2	1517	34	20	0	0	13410
AntiAbuseBot	49	0	0	0	0	46	937	1	16	0	0	1049
AntonioMartin	9	3	0	5	3	0	4	18	0	0	0	42
Apokryltaros	0	0	0	1	0	0	0	0	0	0	0	1
Appraiser	323	6	0	5	0	0	1	0	0	0	0	335
Aqwis	170	6	0	25	4	5	39	1	0	0	2	252
Aranel	1087	18	0	13	0	0	24	3	0	0	0	1145
Arcadian	193	18	0	31	1	0	74	4	0	0	0	321
Archtransit	5	2	0	13	2	1	17	15	0	0	0	55
Arctic.gnome	206	5	0	18	2	1	25	1	0	0	1	259
Aris Katsaris	6	0	0	1	0	0	0	0	0	0	0	7
Arjun01	517	5	0	116	23	0	375	14	0	0	0	1050
Arminius	130	1	0	7	3	0	14	2	0	0	0	157
ArnoldReinhold	220	2	0	3	1	2	2	1	0	0	0	231
Art LaPella	36	1	0	0	0	0	0	0	0	0	0	37
Arthur Rubin	437	40	0	35	5	4	323	42	6	0	2	894
Aruk Besadii Aora	0	0	0	2	0	0	0	0	0	0	0	2
Arvindn	13	0	0	1	1	0	0	0	0	0	0	15
Arwel Parry	148	8	0	39	8	0	646	38	1	0	0	888
Asbestos	72	2	0	0	0	0	25	3	0	0	0	102
Asterion	95	7	0	69	8	3	121	15	0	0	0	318
AstroNomer	0	0	0	0	0	0	1	0	0	0	0	1
Athaenara	19245	120	0	11	2	1	26	5	0	0	0	19410
Atlant	92	1	0	11	0	0	572	20	2	0	0	698
AuburnPilot	2867	223	0	505	68	51	1110	139	23	0	17	5003
Audacity	20	2	0	1	1	0	1	1	0	0	0	26
Aude	1172	39	0	47	11	5	514	17	0	0	2	1807
Ausir	23	2	0	0	0	0	1	0	0	0	0	26
Avraham	1253	143	0	167	33	15	839	99	29	121	67	2766
Awiseman	19	2	0	14	0	0	9	0	0	0	0	44
Awolf002	13	0	0	0	0	0	2	0	0	0	0	15
AxelBoldt	39	6	0	8	1	0	0	0	0	0	0	54
AzaToth	1646	122	0	118	38	30	155	22	1	0	8	2140
B	13035	188	0	289	28	26	805	99	5	0	10	14485
BD2412	2202	1076	0	45	12	1	210	24	1	0	0	3571
BOZ	6	70	0	16	1	4	1	0	0	0	0	98
Babajobu	297	2	0	1	1	0	19	3	0	0	0	323
Baboon Faceless	0	0	0	2	0	0	0	0	0	0	0	2
Backslash Forwardslash	1804	22	0	29	1	3	131	2	35	0	4	2031
Balloonman	239	12	0	13	2	1	49	8	4	0	2	330
Banes	62	7	0	2	0	0	158	2	0	0	0	231
Banno	10	5	0	9	2	0	50	2	0	0	0	78
BanyanTree	1816	61	0	202	245	4	395	11	0	0	0	2734
Barneca	1231	47	0	110	11	14	1013	46	19	0	1	2492
Barneca sock 1	0	0	0	1	0	0	0	0	0	0	0	1
BaronLarf	180	18	0	4	1	0	97	1	0	0	0	301
Bastique	353	92	0	48	8	4	121	51	0	4	1	682
Bazonka	0	0	0	1	0	0	0	0	0	0	0	1
Bbatsell	391	9	0	18	2	0	350	18	0	0	0	788
Bcorr	129	6	0	8	1	0	67	10	0	2	1	224
Bdesham	25	0	0	3	0	0	0	0	0	0	0	28
Bduke	250	18	0	20	7	2	23	0	0	0	0	320
Bearcat	3369	193	0	72	6	3	74	8	2	0	0	3727
Bearian	710	15	0	165	4	1	637	32	2	0	1	1567
Bedford	9	3	0	50	0	4	5	2	0	0	0	73
Beetstra	626	23	0	90	18	6	367	27	3	0	1	1161
Bel123456	0	0	0	1	0	0	0	0	0	0	0	1
Beland	191	1	0	13	12	1	10	0	0	0	0	228
Ben MacDui	215	1	0	1	0	0	7	0	0	0	0	224
Bencherlite	3701	76	0	171	4	13	507	8	7	0	7	4494
Berig	26	0	0	2	0	2	10	0	0	0	1	41
Betacommand	7463	46	0	76	379	0	3297	120	0	0	0	11381
Bettia	147	1	0	1	0	0	3	1	1	0	0	154
Bhadani	1301	7	0	95	19	1	478	10	0	0	0	1911
Bibliomaniac15	3896	26	0	216	31	17	1325	23	4	720	47	6305
BigHaz	3152	2	0	8	6	0	33	2	0	0	0	3203
BigrTex	960	10	0	2	0	0	1	0	0	0	0	973
Bigtimepeace	328	3	0	2	1	0	54	3	1	0	0	392
Bill	0	0	0	1	0	0	0	0	0	0	0	1
Billinghurst	277	0	0	1	0	0	1	0	0	0	0	279
BillyH	47	2	0	0	1	0	1	0	0	0	0	51
BirgitteSB	167	7	0	0	0	0	1	1	0	0	1	177
Bishonen	573	74	0	196	46	7	569	209	1	0	0	1675
Bishzilla	53	11	0	16	2	2	24	6	0	0	5	119
Bjarki S	91	0	0	2	1	0	41	4	0	0	0	139
Bjelleklang	641	7	0	4	0	3	8	2	0	0	0	665
Bjweeks	3385	56	0	95	36	24	455	21	17	0	8	4097
Bkell	1147	13	0	0	0	0	1	0	0	0	0	1161
Bkonrad	618	86	0	3	0	0	140	2	0	0	0	849
Black Falcon	4041	62	0	3	1	0	26	1	0	0	0	4134
Black Kite	4168	126	0	334	41	43	1146	91	26	0	14	5989
Blankfaze	386	1	0	3	2	0	7	1	0	0	0	400
Blood Red Sandman	624	4	0	5	0	0	240	10	1	0	1	885
Blubberboy92	0	0	0	1	0	0	0	0	0	0	0	1
Blueboy96	1122	18	0	198	5	30	2137	121	44	0	0	3675
Bluemoose	10610	47	0	27	10	0	93	18	0	0	0	10805
Bmicomp	404	2	0	6	4	0	38	11	0	0	0	465
Bobak	222	11	0	130	6	7	692	11	7	0	0	1086
Bobet	4956	181	0	55	18	1	223	10	0	0	0	5444
Bobo192	4940	3	0	2	3	0	2	0	0	0	0	4950
Bogdangiusca	3134	65	0	28	10	1	107	13	0	0	0	3358
Bongwarrior	8332	56	0	425	8	96	3412	34	63	0	2	12428
Bonkers Bobcat	0	0	0	1	0	0	0	0	0	0	0	1
Bookofjude	650	27	0	29	5	0	85	9	0	0	0	805
Bopped Kia	0	0	0	1	0	0	0	0	0	0	0	1
BorgHunter	579	25	0	54	19	1	116	28	0	0	0	822
BorgQueen	3868	28	0	987	116	33	3356	167	17	0	0	8572
Borisblue	248	1	0	14	39	0	92	8	0	0	0	402
Bovlb	23	2	0	14	1	0	28	2	0	0	0	70
BozMo	285	6	0	13	3	0	113	13	0	0	0	433
BradBeattie	294	0	0	6	0	0	118	3	0	0	0	421
BradPatrick	17	0	0	4	0	0	5	0	0	0	0	26
Bradeos Graphon	4877	19	0	65	19	3	1211	79	0	0	0	6273
Bratsche	568	16	0	18	46	0	145	19	0	0	0	812
Brendanconway	955	23	0	26	8	0	87	14	0	0	0	1113
BrendelSignature	3	0	0	74	5	4	105	8	0	0	0	199
Brian	6	2	0	3	0	1	2	1	0	0	0	15
Brian Kendig	26	3	0	5	6	0	2	0	0	0	0	42
Brian0918	931	79	0	258	47	4	2140	109	0	0	0	3568
Brianga	2265	9	0	1	1	1	430	7	5	0	0	2719
Briangotts	138	7	0	1	0	0	7	0	0	0	0	153
Brighterorange	181	11	0	1	0	0	21	1	0	0	0	215
Brion VIBBER	190	9	0	12	0	1	27	11	0	0	4	254
Brockert	189	51	0	3	3	0	31	30	0	0	0	307
BrokenSegue	1363	11	0	62	67	0	153	40	0	0	0	1696
Brookie	3997	53	0	212	3	0	229	4	0	0	0	4498
BrownHairedGirl	782	114	0	138	5	9	125	14	0	0	0	1187
Bryan Derksen	828	324	0	5	7	0	10	0	0	0	2	1176
Bubba hotep	1622	50	0	26	0	0	411	10	2	0	0	2121
Buchanan-Hermit	514	18	0	28	6	0	452	20	0	0	0	1038
Bucketsofg	643	22	0	66	6	0	224	8	0	0	0	969
Buckshot06	145	2	0	1	0	0	2	0	1	0	0	151
Bumm13	840	38	0	6	1	0	31	4	0	0	5	925
Bunchofgrapes	738	10	0	62	44	0	203	37	0	0	0	1094
Burgundavia	1105	0	0	4	0	0	1	0	0	0	0	1110
Burstorder	0	0	0	2	0	0	0	0	0	0	0	2
Butseriouslyfolks	5143	83	0	36	3	1	137	15	0	0	0	5418
C-3PO	0	0	0	3	0	0	0	0	0	0	0	3
C.Fred	6716	52	0	201	5	5	1480	31	7	0	0	8497
C12H22O11	1351	5	0	49	8	0	47	7	0	0	0	1467
CALR	29	0	0	0	0	0	1	0	0	0	0	30
CAT:TEMP deletion bot	2120	0	0	0	0	0	0	0	0	0	0	2120
CBDunkerson	3497	63	0	683	49	0	30	22	0	0	1	4345
CBM	4311	112	0	235	96	22	56	18	1	0	3	4854
CIreland	981	31	0	166	12	23	340	16	8	0	1	1578
CJ	1927	79	0	112	22	3	277	18	0	0	1	2439
CJCurrie	388	19	0	125	8	1	117	13	0	0	0	671
CJLL Wright	1802	29	0	57	3	6	232	3	0	0	0	2132
CLW	13900	54	0	3	0	0	26	0	0	0	0	13983
CMBJ	0	0	0	1	0	0	0	0	0	0	0	1
COGDEN	53	14	0	2	0	0	4	0	1	0	0	74
CRGreathouse	1	0	0	0	0	0	1	1	1	0	0	4
CSTAR	58	4	0	6	3	0	93	3	0	0	0	167
CYD	1	0	0	1	0	0	0	0	0	0	0	2
Cactus.man	592	16	0	61	34	0	178	10	0	0	0	891
CactusWriter	163	17	0	5	2	0	10	3	1	0	2	203
Cacycle	173	11	0	24	2	1	11	0	0	0	1	223
Cailil	116	3	0	33	0	2	48	12	0	0	0	214
Caknuck	1943	8	0	184	30	32	706	11	6	0	0	2920
Calliopejen1	2675	80	0	11	2	0	5	0	0	0	0	2773
Caltrop	57	22	0	0	0	0	6	3	0	0	0	88
Camaron	625	200	0	242	36	65	258	26	11	0	13	1476
CambridgeBayWeather	13857	234	0	195	18	8	955	22	0	0	0	15289
Camembert	11	2	0	0	1	0	0	0	0	0	0	14
Camw	221	5	0	1	0	0	161	0	7	0	0	395
Can't sleep, clown will eat me	9514	230	0	3000	125	133	32088	586	0	0	0	45676
Canadian Paul	892	27	0	12	5	0	21	2	0	0	0	959
Canadian-Bacon	426	2	0	16	3	0	232	5	0	0	0	684
CanadianCaesar	3505	62	0	53	14	0	1084	85	0	0	0	4803
Canderson7	1183	11	0	18	13	1	220	2	0	0	0	1448
Canley	713	6	0	0	1	0	3	0	0	0	0	723
Canterbury Tail	1115	7	0	54	6	8	356	13	3	0	0	1562
Cantthinkofagoodname	2	0	0	0	0	0	2	0	0	0	0	4
CapitalR	356	2	0	3	5	0	49	1	1	0	1	418
Capitalistroadster	620	1	0	3	0	0	23	3	0	0	0	650
Carabinieri	413	7	0	4	3	0	3	2	0	0	0	432
Carbonite	188	3	0	28	10	0	226	22	0	0	0	477
Carcharoth	30	75	0	2	1	0	1	2	0	0	0	111
Caribbean H.Q.	327	11	0	52	10	6	221	18	0	0	0	645
Carioca	2144	8	0	5	1	0	9	0	0	0	0	2167
Carlosguitar	2924	20	0	30	1	3	166	11	0	0	0	3155
Carlossuarez46	10452	126	0	27	2	0	65	5	1	0	0	10678
Carnildo	2372	95	0	88	17	1	58	20	0	0	3	2654
Cary Bass	1	2	13	5	1	1	1	2	0	2	0	28
Casliber	91	42	6	121	4	18	110	4	0	0	2	398
Catbar	28	0	0	2	1	0	11	0	0	0	0	42
CatherineMunro	69	13	0	0	0	0	3	3	0	0	0	88
CattleGirl	908	12	0	19	3	1	42	7	0	0	0	992
Caulde	2522	84	0	423	28	54	892	36	0	0	78	4117
Causa sui	1687	40	0	85	53	18	253	17	2	0	1	2156
Cbl62	8	0	0	2	0	0	0	0	0	0	0	10
Cbrown1023	3423	75	0	399	71	7	205	32	0	0	8	4220
Cburnett	48	18	0	6	2	0	14	5	0	0	0	93
Cdc	2188	10	0	10	9	0	21	2	0	0	0	2240
Cecropia	39	3	0	36	5	0	6	6	0	215	328	638
Cedrus-Libani	101	4	0	1	0	0	0	0	0	0	0	106
Celestianpower	734	9	0	19	3	0	170	70	0	0	0	1005
Cenarium	1379	60	0	343	134	144	124	4	6	0	15	2209
Centrx	17200	402	0	1002	947	13	1332	212	0	0	0	21108
CesarB	3606	141	0	123	49	0	942	212	0	0	0	5073
Ceyockey	1778	47	0	4	0	0	15	2	0	0	0	1846
Chadloder	0	0	0	0	0	0	6	0	0	0	0	6
Chairboy	5156	13	0	69	8	0	187	14	0	0	0	5447
Chancemill	0	0	0	1	1	0	2	0	0	0	0	4
Charles Matthews	1186	30	0	3	1	0	125	20	0	0	0	1365
Chase me ladies, I'm the Cavalry	2089	34	0	411	23	46	791	31	9	0	1	3435
Chaser	1980	86	0	279	41	34	838	111	5	0	8	3382
Ched Davis	6	0	0	1	0	0	2	1	0	0	0	10
Chell and the cake	0	0	0	2	0	0	0	0	0	0	0	2
Chessnotator1967	0	0	0	1	0	0	0	0	0	0	0	1
Chick Bowen	4637	194	0	69	14	1	135	30	0	0	1	5081
Chillum	1433	24	0	41	10	6	546	36	33	0	4	2133
Chmod007	13	2	0	2	0	0	1	1	0	0	0	19
Chochopk	27	37	0	1	0	0	2	1	0	0	0	68
Choess	7	4	0	0	0	0	0	0	0	0	0	11
Cholmes75	4579	10	0	26	0	0	112	3	0	0	0	4730
Chris 73	1929	15	0	46	8	0	697	30	3	0	0	2728
Chris G	6705	38	0	242	15	36	2831	70	221	0	6	10164
Chris Roy	3	0	0	0	0	0	1	0	0	0	0	4
ChrisGriswold	1126	16	0	51	8	0	210	21	0	0	0	1432
ChrisO	2405	22	0	337	63	35	757	39	3	0	1	3662
ChrisTheDude	671	13	0	6	0	0	13	2	0	0	0	705
Chrislk02	4099	61	0	134	21	8	1632	91	12	0	5	6063
Christopher Mahan	38	5	0	0	0	0	0	0	0	0	0	43
Christopher Parham	495	6	0	4	2	0	24	1	0	0	0	532
Christopher Sundita	61	38	0	7	4	0	17	2	0	0	0	129
Chuck SMITH	0	1	0	0	0	0	0	0	0	0	0	1
Chunky Rice	342	1	0	4	3	0	31	2	0	0	0	383
Chuq	214	19	0	13	2	1	93	6	0	0	0	348
CieloEstrellado	0	0	0	1	0	0	0	0	0	0	0	1
Cimon Avaro	211	10	0	2	5	1	4	0	0	6	2	241
Circeus	1706	8	0	50	27	0	155	13	0	0	0	1959
Cirt	5014	50	0	316	9	39	2044	15	10	0	2	7499
Citicat	685	14	0	20	1	0	33	4	0	0	0	757
Ck lostsword	308	4	0	13	1	5	308	16	0	0	0	655
Ckatz	1256	46	0	165	5	27	638	18	9	0	1	2165
Clarkk	23	0	0	0	1	0	0	0	0	0	0	24
Cleared as filed	1346	19	0	0	0	0	53	2	0	0	0	1420
Climie.ca	0	0	0	1	0	0	10	1	1	0	1	14
ClockworkLunch	20	4	0	11	1	0	4	0	0	0	0	40
ClockworkSoul	750	46	0	36	7	4	212	19	3	0	0	1077
Closedmouth	3283	68	0	33	0	0	318	4	9	0	3	3718
CloudNine	422	15	0	24	1	2	32	2	0	0	0	498
ClueBot	0	0	0	1	0	0	0	0	0	0	0	1
Cnwb	661	11	0	0	0	0	23	2	0	0	0	697
Cobaltbluetony	6150	82	0	409	24	8	366	19	2	0	0	7060
Coelacan	1194	30	0	85	10	1	845	53	0	0	0	2218
Coffee	774	52	0	79	6	35	224	8	0	0	2	1180
Coffeedrinker87	0	0	0	1	0	0	0	0	0	0	0	1
Cohesion	6798	40	0	2	15	1	3	0	0	0	0	6859
Colds7ream	83	2	0	1	1	0	0	0	0	0	2	89
Commander Keane	4761	219	0	38	22	0	121	29	0	0	0	5190
Conscious	13439	65	0	2	2	0	56	0	0	0	0	13564
Consumed Crustacean	732	22	0	42	3	1	354	36	1	0	0	1191
Conti	457	41	0	12	38	1	73	3	0	0	1	626
Cool Hand Luke	924	569	0	61	12	20	69	16	0	0	0	1671
Cool3	13	0	0	2	2	0	9	1	0	0	3	30
Coralmizu	159	2	0	23	1	2	46	2	0	0	0	235
Coredesat	11148	136	0	235	25	11	494	60	0	0	0	12109
Coren	846	21	1	54	7	5	176	34	3	0	1	1148
Cowman109	431	36	0	101	43	4	360	44	0	0	0	1019
Craigy144	3095	11	0	8	3	1	38	0	0	0	0	3156
Crazycomputers	439	8	0	54	15	5	680	40	0	0	2	1243
Crazytales	156	15	0	18	1	2	117	18	0	0	0	327
Cremepuff222	175	6	0	3	2	1	96	4	0	0	0	287
Croat Canuck	83	3	0	1	1	0	5	1	0	0	0	94
Crum375	175	18	0	86	6	3	214	12	0	0	0	514
Cryptic	9383	238	0	136	15	1	322	21	0	0	0	10116
CryptoDerk	1091	1	0	67	9	0	1014	45	0	0	0	2227
Crzrussian	5139	133	0	156	28	0	150	13	0	0	0	5619
Cuchullain	254	41	0	8	0	2	37	0	0	0	0	342
Curps	5148	166	0	461	101	0	26558	1065	0	0	0	33499
Cutler	69	0	0	0	0	0	7	0	0	0	0	76
CyborgTosser	2	0	0	0	0	0	0	0	0	0	0	2
Cyde	19064	106	0	258	32	2	829	168	0	0	0	20459
Cydebot	6499	0	0	0	0	0	0	0	0	0	0	6499
Cyp	3	0	0	0	0	0	0	0	0	0	0	3
Cyrius	1616	99	0	26	13	0	68	8	0	0	0	1830
D. Recorder	172	18	0	2	0	0	34	2	0	0	0	228
DDima	521	9	0	1	0	0	1	0	0	0	0	532
DESiegel	892	112	0	9	2	0	40	29	0	0	0	1084
DGG	7749	194	0	145	4	10	107	10	6	0	1	8226
DJ Clayworth	5325	29	0	37	11	0	284	18	0	0	0	5704
DMacks	4003	40	0	260	10	33	628	11	35	0	0	5020
DO11.10	417	28	0	2	0	0	2	1	0	0	2	452
DVD R W	6097	53	0	54	17	7	962	21	0	0	3	7214
DaGizza	833	1	0	7	4	1	53	3	0	0	0	902
Dale Arnett	67	1	0	2	0	0	4	0	0	0	0	74
Dan100	294	16	0	18	12	0	186	44	0	0	0	570
DanKeshet	104	1	0	6	0	0	2	0	0	0	0	113
DanMS	65	0	0	2	1	0	0	0	0	0	0	68
Danaman5	274	4	0	6	0	0	4	4	0	0	1	293
Daniel	4818	259	0	625	40	63	557	74	4	0	13	6453
Daniel Case	2270	32	19	252	15	8	4284	143	25	0	3	7051
Daniel J. Leivick	679	7	0	18	1	0	73	5	0	0	0	783
Daniel Olsen	711	1	0	10	0	0	84	2	0	0	0	808
Daniel Quinlan	54	2	0	0	2	0	2	0	0	0	0	60
DanielCD	243	1	0	15	11	0	37	2	0	0	0	309
Dank	7539	77	0	118	7	1	555	5	3	0	1	8306
Danny	1072	126	0	26	9	0	105	29	0	4	6	1377
Dannyisme	5	0	0	4	0	0	2	2	0	0	0	13
Dante Alighieri	651	18	0	20	17	3	175	29	0	0	0	913
DarkFalls	2607	140	0	294	37	70	700	41	3	0	5	3897
Darkoneko	1	0	0	0	0	0	1	0	0	1	0	3
Darthgriz98	249	4	0	5	0	0	115	2	0	0	0	375
Darwinek	2154	13	0	68	5	0	189	6	0	0	0	2435
Dave souza	77	3	0	14	2	0	519	20	2	0	0	637
Davewild	2800	39	0	3	3	0	372	1	0	0	0	3218
Daveydweeb	134	1	0	2	0	0	4	1	0	0	0	142
David D.	26	4	0	12	1	5	11	2	1	0	0	62
David Eppstein	2123	22	0	29	7	0	41	1	1	0	0	2224
David Fuchs	871	23	0	55	4	10	83	8	0	0	0	1054
David Gerard	526	43	0	69	7	1	1439	357	0	0	1	2443
David Kernow	635	5	0	45	0	0	0	0	0	0	0	685
David Levy	865	114	0	215	58	3	136	10	1	0	6	1408
David Newton	54	3	0	4	0	0	12	12	0	0	0	85
David.Monniaux	509	60	0	98	13	0	216	28	1	0	0	925
DavidLevinson	35	51	0	9	0	0	9	0	0	0	0	104
DavidWBrooks	1203	1	0	12	2	1	94	0	0	0	0	1313
Davidcannon	155	57	0	30	4	0	137	26	1	0	0	410
Davidgothberg	67	55	0	84	6	28	19	6	0	0	0	265
Davidruben	34	0	0	7	1	1	78	2	0	0	0	123
Davodd	191	29	0	3	3	1	23	1	0	0	0	251
Dbachmann	379	28	0	122	40	12	196	19	1	0	0	797
Dbenbenn	6085	109	0	260	583	0	26	7	0	0	0	7070
Dcoetzee	323	46	0	9	3	0	49	11	0	0	1	442
Ddstretch	13	0	0	20	5	6	207	20	6	0	0	277
Deacon of Pndapetzim	530	17	0	28	2	3	161	11	12	0	34	798
DeadEyeArrow	934	14	0	26	5	0	199	6	0	0	0	1184
Deathphoenix	1168	49	0	17	5	0	420	80	0	0	0	1739
Deb	12756	46	0	22	1	0	300	4	1	0	0	13130
Deckiller	1228	35	0	80	14	2	300	46	0	0	0	1705
Decumanus	42	0	0	3	0	0	12	0	0	0	0	57
Deiz	951	15	0	161	8	2	392	20	0	0	0	1549
Dekimasu	914	52	0	12	1	0	14	0	0	0	1	994
Delirium	3467	23	0	20	11	0	305	18	0	0	0	3844
Delldot	1584	23	0	15	6	1	606	9	0	0	0	2244
Deltabeignet	836	1	0	5	6	0	130	2	0	0	0	980
Demi	151	32	0	2	1	0	51	17	0	0	0	254
Denelson83	1133	18	0	57	12	11	39	6	0	0	0	1276
Denni	2324	30	0	23	3	0	5	0	0	0	0	2385
DerHexer	134618	42	0	91	3	7	5841	38	3	0	19	140662
Derek Ross	521	11	0	11	3	3	1	0	0	0	0	550
Deryck Chan	1	1	0	0	2	0	1	0	0	0	0	5
Deskana	1351	86	51	216	77	16	989	109	31	326	146	3398
Deville	779	5	0	14	1	0	116	2	0	0	0	917
Dfrg.msc	35	1	0	0	0	0	7	0	0	0	0	43
Dgies	575	29	0	27	4	3	223	18	0	0	2	881
Dgrant	0	0	0	1	0	0	0	0	0	0	0	1
Diberri	124	3	0	3	1	0	5	0	0	0	0	136
Dieter Simon	3	0	0	19	0	1	0	0	0	0	0	23
Dijxtra	135	6	0	13	6	0	36	4	0	0	0	200
Dina	3371	18	0	49	1	0	273	5	0	0	0	3717
Dino	22	0	0	0	0	0	0	0	0	0	0	22
Dinoguy1000	18	2	0	16	0	1	3	0	0	0	1	41
Discospinster	13910	350	0	123	8	12	1086	6	6	0	0	15501
Djsasso	960	172	0	32	5	2	344	10	1	0	8	1534
Dlohcierekim	5156	113	0	148	7	11	412	36	9	0	1	5893
Dmn	35	1	0	10	4	0	12	15	0	0	0	77
Doc glasgow	4087	123	0	370	42	11	1060	83	0	0	42	5818
Docu	1149	59	0	122	2	5	11	5	0	0	2	1355
Doczilla	73	5	0	9	6	0	85	8	0	0	0	186
Dominic	13254	59	32	81	186	1	3169	631	20	0	34	17467
Donald Albury	1043	3	0	7	2	2	108	4	0	0	0	1169
DoomsDay349	222	4	0	2	0	0	0	0	0	0	0	228
Dori	11	0	0	0	0	0	2	2	0	0	0	15
Doug	256	13	0	9	8	0	15	3	0	0	3	307
Doug Bell	2427	36	0	29	12	0	25	3	0	0	0	2532
Dougweller	223	2	0	90	8	19	625	16	20	0	0	1003
Dpbsmith	132	4	0	3	2	0	17	0	0	0	0	158
Dppowell	4	0	0	5	0	0	112	6	0	0	0	127
DrBob	17	1	0	0	0	0	7	0	0	0	0	25
DrKiernan	1234	16	0	32	5	3	119	7	0	0	0	1416
DragonflySixtyseven	20518	312	0	327	34	8	4065	180	139	0	11	25594
Dragons flight	612	65	0	115	35	1	117	28	0	0	1	974
Dravecky	378	3	0	75	5	0	0	0	0	0	0	461
Dreadstar	923	65	0	219	11	14	1775	96	2	0	0	3105
Drilnoth	7142	25	0	39	2	13	0	0	0	0	2	7223
Drini	9597	93	0	178	38	1	4449	232	1	0	8	14597
DropDeadGorgias	340	3	0	24	1	0	90	5	0	0	0	463
Dsmdgold	819	11	0	3	0	0	3	0	0	0	0	836
Duja	875	136	0	20	9	2	72	9	0	0	0	1123
Duk	3834	30	0	61	15	2	129	25	0	0	1	4097
Duncharris	986	57	0	47	10	0	92	20	0	0	0	1212
Durin	2448	7	0	28	13	0	168	15	0	0	0	2679
Durova	24	1	0	211	37	11	388	66	0	0	0	738
Dustimagic	215	2	0	4	2	0	50	8	1	0	0	282
Dvyost	56	0	0	0	0	0	11	1	0	0	0	68
Dweller	1570	23	0	102	2	4	274	9	0	245	9	2238
Dysprosia	154	6	0	3	1	0	97	11	0	0	0	272
ERcheck	2941	9	0	66	10	0	994	29	1	0	0	4050
ESkog	10598	76	0	115	22	4	861	108	2	0	0	11786
EVula	2333	95	3	150	19	11	895	27	0	361	24	3918
EWS23	643	3	0	7	2	0	136	11	0	0	0	802
Earl Andrew	109	35	0	26	5	0	67	12	0	0	0	254
Earle Martin	263	11	0	6	2	1	30	2	0	0	0	315
East718	226031	1908	0	5396	1632	285	3522	1007	15	0	30	239826
Ed Poor	73	13	0	35	32	0	71	28	0	10	16	278
Ed g2s	3047	69	0	30	27	2	48	5	0	0	0	3228
EdJohnston	847	22	0	412	22	45	650	39	6	0	0	2043
Edcolins	32	4	0	2	2	0	2	0	0	0	0	42
Edgar181	27908	199	0	401	17	15	12223	175	72	0	18	41028
Edison	716	15	0	2	1	0	162	3	0	0	0	899
Edokter	1264	30	0	32	14	20	41	5	0	0	1	1407
Edward	364	0	0	1	0	0	21	3	0	0	0	389
Edward Z. Yang	12	0	0	3	0	0	8	1	0	0	0	24
EdwinHJ	564	4	0	14	4	1	23	7	0	0	0	617
Efe	1450	5	0	11	1	3	163	0	2	0	1	1636
Egil	61	0	0	1	0	0	214	3	0	0	0	279
Either way	5458	36	0	156	10	9	871	43	7	0	7	6597
El C	1717	52	0	637	58	24	2996	116	0	0	3	5603
Eleassar	93	16	0	2	0	0	3	0	0	0	0	114
Electionworld	1285	33	0	1	0	0	0	0	0	0	0	1319
Elf	138	14	0	0	0	0	0	0	0	0	0	152
Elf-friend	465	1	0	17	0	0	15	0	0	0	0	498
ElinorD	7274	69	0	60	1	5	254	15	0	0	0	7678
Eliz81	958	48	0	93	0	19	229	4	0	0	1	1352
Elkman	5946	12	0	45	5	4	404	29	0	0	0	6445
Ellsworth	18	0	0	0	0	0	1	0	0	0	0	19
Elonka	1292	19	0	45	13	2	479	23	3	0	0	1876
Eloquence	125	5	0	7	5	0	28	10	0	0	1	181
Eluchil404	900	58	0	5	0	0	10	0	0	0	0	973
Emperor	42	32	0	0	0	0	1	1	0	0	0	76
EncMstr	553	54	0	228	115	32	857	17	13	0	1	1870
Encephalon	92	22	0	27	6	0	28	36	0	0	0	211
Enchanter	14	0	0	1	3	0	2	0	0	0	0	20
EncycloPetey	115	9	0	64	0	2	30	2	0	0	0	222
Enigmaman	81	1	0	44	1	21	70	1	6	0	0	225
Enochlau	17605	26	0	72	20	1	56	4	0	0	0	17784
Epbr123	2230	8	0	6	0	1	609	7	3	0	1	2865
Erdem Tüzün	0	0	0	2	0	0	0	0	0	0	0	2
Ericorbit	156	5	0	146	1	4	264	0	1	0	0	577
Esanchez7587	2056	3	0	64	4	7	217	1	0	0	0	2352
Espresso Addict	284	8	0	5	1	0	2	0	0	0	0	300
Esprit15d	389	9	0	9	2	0	1	0	0	0	0	410
Essexmutant	19	0	0	1	0	0	7	1	0	0	0	28
Essjay	1806	171	0	218	23	0	1236	248	0	715	66	4483
Esteffect	786	24	0	16	6	0	95	21	0	0	0	948
Eugene van der Pijll	968	54	0	9	3	0	8	1	0	0	0	1043
EurekaLott	721	65	0	17	1	0	29	0	0	0	0	833
Euryalus	741	5	0	35	1	10	298	8	12	0	2	1112
Ev	145	14	0	6	0	0	2	0	0	0	0	167
EvanProdromou	0	0	0	0	0	0	1	0	0	0	0	1
Eventtable	0	0	0	1	0	0	0	0	0	0	0	1
Evercat	247	2	0	32	24	1	259	35	0	0	0	600
Everyking	1272	4	0	7	12	0	28	12	0	0	0	1335
Evil Monkey	1894	13	0	28	12	0	284	23	0	0	0	2254
Evil saltine	410	23	0	18	8	0	186	13	1	0	2	661
Evilphoenix	835	60	0	79	5	0	143	16	0	0	0	1138
Explicit	0	0	0	4	0	0	0	0	0	0	0	4
Exploding Boy	1393	5	0	7	2	1	349	14	1	0	0	1772
Extraordinary Machine	342	142	0	14	5	0	178	28	0	0	0	709
Extreme Unction	543	22	0	26	2	0	26	4	0	0	0	623
Eye of the Mind	16	2	0	9	2	1	9	0	0	0	0	39
EyeSerene	84	15	0	30	1	10	239	11	4	0	0	394
Eyrian	633	23	0	33	3	0	40	1	0	0	0	733
Ezeu	892	30	0	37	35	1	123	9	0	0	0	1127
Ezhiki	1051	251	0	40	12	5	64	23	0	0	0	1446
FCYTravis	3479	174	0	158	46	19	192	31	0	0	0	4099
FT2	372	24	19	71	6	5	220	37	11	0	14	779
Fabrictramp	3982	42	0	184	5	22	95	2	3	0	0	4335
Faithlessthewonderboy	3135	69	0	187	1	0	411	3	5	0	1	3812
Falco McCloud	0	0	0	1	0	0	0	0	0	0	0	1
Fang Aili	29076	83	0	118	52	0	253	12	0	0	0	29594
Fantasy	18	4	0	4	2	1	1	0	0	0	0	30
Fastfission	194	11	0	9	6	2	160	20	0	0	0	402
Fawcett5	813	7	0	3	2	0	58	0	0	0	0	883
FayssalF	408	8	0	306	51	12	1249	81	0	0	0	2115
Feco	3	0	0	0	0	0	0	0	0	0	0	3
FeloniousMonk	17	13	0	29	4	0	143	20	0	0	0	226
Femto	370	4	0	30	7	0	288	9	0	0	0	708
Fennec	18	3	0	5	3	0	30	3	0	0	0	62
Ferkelparade	589	3	0	2	1	0	37	0	0	0	0	632
Feydey	5744	25	0	60	18	8	105	3	0	0	0	5963
Filelakeshoe	226	7	0	8	1	3	75	4	1	0	8	333
Filiocht	851	2	0	3	5	0	36	0	0	0	0	897
Finlay McWalter	325	3	0	16	5	0	405	19	0	0	0	773
Fir0002	20	0	0	0	0	0	1	0	0	0	0	21
Firefoxman	269	6	0	11	2	2	6	0	0	0	1	297
Firsfron	1525	9	0	146	6	4	274	30	0	0	1	1995
Fish and karate	9145	205	0	369	21	19	633	374	1	0	10	10777
FisherQueen	6498	18	0	283	5	11	1304	47	40	0	0	8206
Fishhead64	24	1	0	0	0	0	27	0	0	0	0	52
Fl	517	7	0	2120	3	11	126	2	4	0	16	2806
Flcelloguy	855	42	0	775	720	0	268	40	0	0	0	2700
FloNight	467	5	10	51	6	1	143	18	0	0	0	701
Flockmeal	146	1	0	1	0	0	14	0	0	0	0	162
Flowerparty	1657	55	0	13	3	0	27	0	0	0	0	1755
Flucky	0	0	0	1	0	0	0	0	0	0	0	1
Flyguy649	1310	22	0	201	8	21	740	37	0	0	0	2339
FlyingToaster	59	1	0	0	1	0	1	0	2	0	2	66
Formeruser-81	44	0	0	21	3	0	25	20	0	0	0	113
Formeruser-82	199	24	0	45	24	0	121	25	0	0	0	438
Fram	8078	109	0	180	6	30	370	8	5	0	0	8786
FrancisTyers	172	5	0	20	7	0	67	15	0	0	0	286
Francs2000	10097	74	0	122	17	0	574	21	0	0	12	10917
Frank	2207	34	0	42	2	4	175	5	3	0	5	2477
Frazzydee	363	13	0	64	32	0	12	13	0	0	0	497
Freakofnurture	9841	927	0	551	96	5	10422	1134	0	0	0	22976
Fred Bauder	166	47	28	106	26	0	300	116	23	0	3	815
Fred J	1430	16	0	12	7	0	36	1	0	0	0	1502
Fredrik	209	3	0	1	0	0	40	1	0	0	0	254
Freestylefrappe	14	0	0	4	1	0	48	1	0	0	0	68
FreplySpang	6790	37	0	35	5	0	776	47	0	0	0	7690
Friday	9436	95	0	54	22	3	379	39	0	0	12	10040
Fritzpoll	1053	22	0	41	3	7	66	11	3	0	29	1235
Fropuff	28	1	0	2	0	0	2	0	0	0	0	33
Fuhghettaboutit	6077	131	0	137	8	0	264	9	10	0	2	6638
Func	9	0	0	14	1	0	1215	124	0	0	0	1363
Furrykef	110	11	0	0	1	0	1	0	0	0	0	123
Future Perfect at Sunrise	3577	161	0	427	46	37	1618	243	18	0	7	6134
Fuzheado	886	18	0	62	13	2	574	42	0	0	0	1597
Fvasconcellos	1610	120	0	213	18	46	152	7	2	0	3	2171
Fvw	2867	41	0	28	17	0	2226	3509	31	0	0	8719
Fys	802	7	0	29	13	0	168	40	0	0	0	1059
G-Man	112	33	0	10	5	0	12	1	0	0	0	173
G.A.S	13	2	0	0	0	0	0	0	0	0	0	15
GDonato	3011	33	0	295	19	13	422	38	1	0	10	3842
GRBerry	1667	195	0	53	20	1	113	10	0	0	0	2059
GTBacchus	4036	310	0	19	13	0	173	12	0	0	0	4563
Gabbe	631	0	0	0	1	0	6	3	0	0	0	641
Gadfium	2003	31	0	55	11	3	1864	181	2	0	10	4160
Gadget850	322	20	0	3	1	0	0	0	0	0	0	346
Gaillimh	27	13	0	13	2	0	35	7	0	0	0	97
Gaius Cornelius	9	0	0	1	0	0	62	3	0	0	0	75
Galwhaa	235	6	0	2	0	0	11	3	0	0	0	257
Gamaliel	1550	108	0	172	72	8	1016	163	2	0	0	3091
Ganeshk	800	128	0	11	7	0	20	10	0	0	0	976
Garden	883	41	0	43	5	11	139	16	5	0	8	1151
Garion96	12672	330	0	63	11	6	188	9	2	0	4	13285
Garzo	351	4	0	40	5	2	444	8	0	0	0	854
Gatoclass	116	2	0	27	25	1	1	0	0	0	0	172
Gator1	172	15	0	55	3	0	183	26	0	0	0	454
Gazimoff	316	2	0	5	2	1	72	2	1	0	2	403
Gdr	337	10	0	47	45	0	5	0	0	0	0	444
Ged UK	1983	14	0	153	5	31	299	0	8	0	0	2493
GeeJo	704	8	0	62	33	0	4	0	0	0	0	811
GeneralPatton	25	0	0	3	3	0	13	3	0	0	0	47
Geni	10040	290	0	181	102	0	444	90	0	0	1	11148
Geniac	178	0	0	49	17	3	457	4	0	0	0	708
Gentgeen	99	6	0	2	0	1	35	4	0	0	0	147
Geogre	5178	12	0	21	2	0	221	16	1	0	0	5451
Geometry guy	225	24	0	1	1	3	0	0	0	0	2	256
Georgewilliamherbert	59	107	0	139	4	17	1008	101	8	0	1	1444
Gerald Farinas	65	0	0	3	4	1	4	1	0	0	0	78
Getluv	0	0	0	1	0	0	0	0	0	0	0	1
Gilliam	1007	3	0	126	23	15	6835	13	9	0	0	8031
Gimmetrow	931	67	0	162	3	57	316	25	5	0	8	1574
Ginkgo100	963	17	0	38	13	0	527	14	0	0	2	1574
Gladys j cortez	3	0	0	24	2	2	82	4	5	0	0	122
GlassCobra	2167	66	0	74	8	8	1243	13	5	0	7	3591
Glen	1609	83	0	182	17	1	4516	198	0	0	0	6606
Gnangarra	1406	32	0	175	17	6	230	40	1	0	2	1909
Gnasher29	0	0	0	1	0	0	0	0	0	0	0	1
Goatasaur	16	2	0	1	1	0	2	0	0	0	0	22
Gogo Dodo	24651	94	0	683	5	91	3430	40	54	0	1	29049
Golbez	5502	84	0	221	80	16	1287	161	1	0	0	7352
Goldom	1899	7	0	8	0	0	50	4	0	0	0	1968
Gonzo fan2007	3778	80	0	405	38	66	240	21	0	0	9	4637
Good Olfactory	3765	107	0	31	8	2	49	4	4	0	0	3970
Goodnightmush	614	1	0	13	1	3	99	1	0	0	0	732
Goodoldpolonius2	1	0	0	4	2	0	27	0	0	0	0	34
Graeme Bartlett	2344	43	0	23	0	4	119	0	9	0	0	2542
GraemeL	971	6	0	59	28	2	1177	87	3	0	0	2333
Graft	3	1	0	1	1	2	0	0	0	0	0	8
Graham87	3072	5303	0	78	6	17	100	7	2	0	2	8587
GrahamColm	23	0	0	9	2	1	12	2	0	0	0	49
Grandmasterka	3053	35	0	118	11	2	528	30	1	0	3	3781
Grant65	6	5	0	2	1	0	3	0	0	0	0	17
Greeves	323	5	0	6	2	0	26	0	0	0	7	369
GregAsche	239	1	0	13	17	0	152	9	0	0	0	431
GregRobson	1	0	0	0	0	0	0	0	0	0	0	1
Grenavitar	864	32	0	3	2	0	41	7	0	0	1	950
Grendelkhan	38	2	0	0	0	0	4	0	0	0	0	44
Grm wnr	533	6	0	4	2	0	38	5	0	0	0	588
Grossmünster	0	0	0	1	0	0	0	0	0	0	0	1
Ground Zero	59	0	0	28	6	4	26	0	3	0	0	126
Grue	198	103	0	10	18	0	25	7	0	0	0	361
Grunt	86	5	0	4	2	0	10	2	0	0	0	109
Grutness	2328	101	0	84	8	2	23	16	0	0	0	2562
Gryffindor	106	8	0	5	0	0	1	1	0	0	0	121
Gtrmp	403	12	0	3	0	0	1	0	0	0	0	419
Guanaco	513	188	0	40	42	0	387	257	0	0	0	1427
Guettarda	191	71	0	40	27	5	67	18	0	0	0	419
Gurch	36411	1467	0	76	22	0	695	17	0	0	0	38688
Gurubrahma	309	6	0	144	93	0	39	2	0	0	0	593
Gutza	12	1	0	2	1	2	5	3	0	0	0	26
Gwalla	921	10	0	2	1	0	68	8	0	0	0	1010
Gwen Gale	7166	237	0	475	37	31	963	143	34	0	1	9087
Gwernol	3832	26	0	344	45	11	4359	157	0	0	0	8774
Gyrofrog	143	11	0	12	2	2	239	14	1	0	0	424
H	6668	26	0	96	39	0	1080	129	0	0	0	8038
Hadal	1484	0	0	6	7	0	316	3	0	0	0	1816
Haemo	2305	14	0	69	7	18	226	43	0	0	0	2682
Hajor	163	7	0	13	12	0	16	1	0	0	0	212
Hall Monitor	460	12	0	270	32	1	2961	235	0	0	0	3971
Hamster Sandwich	3	1	0	0	0	0	18	3	0	0	0	25
Happy-melon	2498	50	0	194	51	19	0	0	0	0	2	2814
HappyCamper	4329	105	0	121	87	0	586	458	0	0	0	5686
Happyme22	551	9	0	44	1	7	11	0	0	0	0	623
Harej	2216	66	0	125	44	7	34	17	0	0	0	2509
Harold Oxley	0	0	0	2	0	0	0	0	0	0	0	2
Harro5	4810	33	0	72	4	0	167	10	0	0	0	5096
Harryboyles	2379	2	0	10	1	0	4	1	0	0	0	2397
Hashar	19	0	0	0	0	0	0	0	0	0	0	19
Hatricide	0	0	0	1	0	0	0	0	0	0	0	1
Haukurth	1195	68	0	15	34	0	78	13	0	0	3	1406
Hawstom	3	0	0	5	1	0	6	1	0	0	0	16
Hbdragon88	666	7	0	7	1	2	1	0	0	0	0	684
Hcheney	20	0	0	0	0	0	15	0	0	0	0	35
Hdt83	16	0	0	9	2	0	73	2	0	0	0	102
Heah	782	14	0	17	6	0	92	9	0	0	0	920
Heimstern	440	19	0	97	8	5	915	38	6	0	0	1528
Hemanshu	447	5	0	0	0	0	5	0	0	0	0	457
Hemlock Martinis	802	44	0	28	2	5	84	8	0	0	0	973
Henrik	454	25	0	31	13	4	156	22	1	0	4	710
Henry Flower	125	1	0	18	10	0	213	8	0	0	0	375
Henrygb	1491	36	0	6	3	0	21	0	0	0	0	1557
Hephaestos	1	2	0	3	2	0	0	0	0	0	0	8
Herbythyme	2274	11	0	45	2	6	427	25	1	0	0	2791
HereToHelp	137	3	0	30	11	3	16	3	0	0	0	203
Hermione1980	501	4	0	4	3	1	11	2	0	0	0	526
Hernando Magallanes	0	0	0	4	0	0	0	0	0	0	0	4
Heron	24	2	0	0	0	0	54	4	0	0	0	84
Herostratus	5268	77	0	14	4	0	65	5	0	0	0	5433
Hersfold	2851	55	0	945	17	356	844	194	97	0	32	5391
Hesperian	2203	196	0	83	15	2	353	55	1	0	0	2908
Hiberniantears	744	4	0	61	2	20	990	23	8	0	2	1854
Hiding	1726	120	0	33	24	1	50	14	0	0	4	1972
Hit bull, win steak	163	4	0	2	0	0	32	0	1	0	0	202
Hmhur	0	0	0	1	0	0	0	0	0	0	0	1
Hmwith	5367	48	0	31	2	1	67	4	3	0	1	5524
Hoary	406	13	0	60	5	4	199	7	0	0	0	694
Horologium	451	3	0	107	4	25	62	0	4	0	0	656
HorsePunchKid	189	0	0	0	0	0	0	0	0	0	0	189
HowDumbAreYou	0	0	0	1	0	0	0	0	0	0	0	1
Howcheng	18954	177	0	68	100	1	75	11	0	0	1	19387
Hu12	1377	49	0	335	13	1	921	35	0	0	1	2732
Humblefool	596	11	0	3	2	0	4	2	0	0	0	618
Humus sapiens	73	2	0	64	4	0	124	12	0	0	0	279
Huntster	352	23	0	23	4	2	21	0	0	0	0	425
Hurricanehink	214	2	0	0	0	0	7	0	0	0	0	223
Husnock	59	1	0	22	8	0	27	9	0	0	0	126
Husond	1240	11	0	422	39	22	1139	39	0	0	1	2913
Hut 8.5	5424	53	0	627	16	37	1111	17	2	0	19	7306
Hyacinth	338	11	0	0	1	0	6	1	0	0	0	357
IMatthew	0	0	0	1	0	0	0	0	0	0	0	1
Ian Dalziel	0	0	0	1	0	0	0	0	0	0	0	1
Ian13	1792	50	0	27	8	2	64	21	0	0	0	1964
IanManka	1212	236	0	73	11	6	225	26	2	0	0	1791
Ianblair23	130	39	0	1	2	0	0	0	0	0	0	172
Icairns	209	7	0	1	1	0	3639	64	1	0	0	3922
Ice Cold Beer	1454	11	0	9	3	1	313	11	6	0	0	1808
IceKarma	1724	8	0	2	2	0	0	1	0	0	0	1737
Icestorm815	1459	29	0	87	7	24	359	11	17	0	5	1998
Icewedge	476	2	0	4	0	1	104	1	1	0	1	590
Idont Havaname	159	5	0	3	2	0	48	0	0	0	0	217
Ihcoyc	188	4	0	13	0	0	1	0	0	0	0	206
Ike9898	303	3	0	5	1	0	30	3	0	0	0	345
Ikiroid	61	5	0	1	0	0	20	1	0	0	0	88
Ilmari Karonen	1077	640	0	32	2	1	210	32	0	0	0	1994
Ilyanep	153	2	0	6	2	0	32	7	0	15	18	235
Improv	1233	9	0	188	11	0	79	15	0	0	0	1535
Imran	1	0	0	0	0	0	1	0	0	0	0	2
InShaneee	3951	20	0	91	5	0	528	56	0	0	0	4651
Infrogmation	4623	76	0	123	8	3	5659	116	4	2	1	10615
Inter	645	4	0	6	1	0	181	10	0	0	0	847
Interiot	1319	23	0	14	8	0	11	1	0	0	0	1376
Ioeth	2520	52	0	123	30	15	1463	38	3	0	11	4255
Iridescent	3320	79	0	122	10	25	837	43	7	0	8	4451
Irina Spalko	0	0	0	1	0	0	0	0	0	0	0	1
Irishguy	11708	25	0	107	3	0	1413	14	0	0	0	13270
IronGargoyle	2976	211	0	48	16	5	119	2	0	0	0	3377
Ish ishwar	46	3	0	1	0	0	11	1	0	0	0	62
Islander	587	21	0	105	1	6	76	5	0	0	3	804
Isomorphic	213	0	0	1	0	0	14	1	0	0	0	229
Isotope23	2009	23	0	124	33	10	490	59	0	0	0	2748
It Is Me Here	191	3	0	9	2	0	6	3	1	0	3	218
Ixfd64	3526	80	0	62	270	1	1316	3739	9	0	1	9004
Izehar	148	3	0	18	21	0	89	20	0	0	0	299
J Di	1547	57	0	75	32	0	581	44	0	0	0	2336
J Greb	981	53	0	66	2	14	26	2	1	0	0	1145
J Milburn	7479	120	0	42	7	15	73	0	0	0	3	7739
J-stan	178	7	0	7	3	4	76	6	0	0	24	305
J.J.	1	2	0	0	0	0	1	0	0	0	0	4
J.delanoy	6321	205	0	636	29	179	10276	193	431	0	49	18319
J.smith	1172	46	0	26	7	2	240	41	0	0	0	1534
JCarriker	122	29	0	9	4	0	61	13	0	0	0	238
JDoorjam	1759	44	0	98	18	3	121	21	0	0	0	2064
JForget	4377	88	0	390	505	161	1438	12	9	0	0	6980
JGHowes	233	15	0	27	0	2	55	1	3	0	0	336
JHunterJ	783	67	0	9	1	1	10	2	0	0	0	873
JIP	6433	65	0	22	4	0	143	3	0	0	0	6670
JLaTondre	13878	53	0	33	4	0	1293	15	0	0	0	15276
JPD	622	5	0	2	2	0	19	1	0	0	0	651
JPG-GR	5319	49	0	12	1	0	12	0	0	0	0	5393
JRM	174	9	0	11	17	0	15	28	0	0	0	254
JWSchmidt	43	2	0	13	5	0	58	1	0	0	1	123
JYolkowski	2375	20	0	11	27	0	139	9	1	0	0	2582
JaGa	0	0	0	1	0	0	0	0	0	0	0	1
Jac16888	11796	53	0	49	3	8	147	9	58	0	1	12124
Jacoplane	324	33	0	92	45	3	159	11	0	0	0	667
Jake Nelson	21	1	0	0	0	0	1	0	0	0	0	23
James086	3983	26	0	17	1	2	336	12	0	0	1	4378
JamesR	1059	8	0	42	4	10	100	10	1	0	3	1237
JamesTeterenko	222	2	0	27	18	0	160	4	0	0	0	433
Jamesday	6	7	0	2	0	0	6	1	0	0	0	22
JamieS93	2119	10	0	23	1	3	3	1	0	0	0	2160
Jaranda	17921	149	0	323	98	2	1208	229	0	0	0	19930
Jarry1250	265	1	0	9	1	1	21	0	1	0	2	301
Jasonbres	0	0	0	1	0	0	0	0	0	0	0	1
Jauerback	1179	7	0	53	8	4	708	55	6	0	3	2023
Jaxl	1604	10	0	3	1	0	36	0	0	0	0	1654
Jay	18	8	0	0	0	0	0	0	0	0	0	26
Jayjg	463	155	3	423	68	1	1978	228	0	0	0	3319
Jayron32	1343	19	0	281	9	29	1493	193	53	0	12	3432
Jbmurray	87	5	0	6	6	0	18	1	0	0	0	123
Jc37	1453	101	0	40	9	9	60	7	1	0	1	1681
Jclemens	7898	63	0	166	1	0	431	2	21	0	6	8588
Jcw69	67	1	0	0	0	0	108	3	0	0	0	179
Jdavidb	81	0	0	13	2	0	48	2	0	0	0	146
Jdforrester	388	53	0	23	7	0	48	12	0	0	0	531
JeLuF	146	3	0	2	0	0	2	1	0	0	4	158
Jedi6	14	0	0	2	3	0	10	1	0	0	0	30
Jeepday	511	9	0	15	1	0	454	8	2	0	0	1000
Jeffrey O. Gustafson	14386	197	0	469	28	37	727	107	0	0	1	15952
Jehochman	141	22	0	89	11	11	461	83	4	0	1	823
Jengod	125	0	0	7	0	0	0	0	0	0	0	132
Jennavecia	3161	495	0	275	28	55	436	49	1	0	12	4512
JeremyA	1951	15	0	30	15	0	258	13	0	0	0	2282
Jerry	3514	198	0	99	14	1	72	9	0	0	3	3910
Jersey Devil	554	10	0	28	6	2	187	18	0	0	0	805
Jersyko	578	1	0	52	10	5	116	6	0	0	0	768
Jerzy	278	144	0	4	0	0	110	5	2	0	0	543
Jesse Viviano	1681	64	0	11	5	2	321	57	0	0	0	2141
JesseW	29028	126	0	36	8	0	77	21	0	0	1	29297
Jfdwolff	438	39	0	99	15	7	262	19	0	0	0	879
Jiang	370	18	0	17	5	0	89	3	0	0	0	502
Jimbo Wales	296	13	0	42	13	3	79	41	0	0	9	496
Jimfbleak	30277	127	0	725	28	4	1403	234	1	0	0	32799
Jimtinman3909	0	0	0	1	0	0	0	0	0	0	0	1
Jingiby	0	0	0	1	0	0	0	0	0	0	0	1
Jinian	1740	5	0	9	3	0	0	0	0	0	0	1757
Jitse Niesen	624	23	0	14	9	2	35	4	0	0	0	711
Jj137	5096	59	0	285	30	47	875	20	0	0	33	6445
Jkelly	3628	61	0	35	17	0	188	12	0	0	0	3941
Jmabel	161	32	0	7	7	0	126	5	0	0	0	338
Jmlk17	11140	72	0	942	48	79	2032	52	0	0	0	14365
Jnc	1906	158	0	114	34	0	46	20	0	0	0	2278
Jni	19112	26	0	24	4	0	199	2	0	0	0	19367
Jnothman	60	1	0	1	0	0	1	1	0	0	0	64
JoJan	6143	29	0	116	2	5	1238	9	1	0	0	7543
JoanneB	1180	48	0	51	22	0	816	105	0	0	0	2222
JodyB	1848	38	0	21	4	4	305	22	0	0	0	2242
Joe Beaudoin Jr.	544	1	0	17	3	0	68	2	0	0	0	635
Joelr31	661	12	0	9	8	0	83	1	0	0	0	774
Jogers	91	0	0	0	0	0	0	0	0	0	0	91
Johan Elisson	352	14	0	11	4	0	42	5	0	0	0	428
Johann Wolfgang	54	2	0	2	1	0	57	1	0	0	0	117
John	2528	17	0	85	3	6	1157	25	1	0	0	3822
John Carter	317	2	0	17	1	1	33	4	15	0	2	392
John Kenney	179	31	0	3	3	0	8	4	0	0	0	228
John Reaves	11900	175	0	413	161	41	2254	227	1	0	49	15221
John Vandenberg	819	159	89	79	9	11	135	22	0	0	5	1328
JohnOwens	6	0	0	0	1	0	0	0	0	0	0	7
Johnleemk	1751	20	0	6	3	0	240	20	0	0	0	2040
Johntex	131	28	0	27	4	1	180	11	0	0	0	382
Joke137	15	0	0	1	1	0	29	3	0	0	0	49
Jon513	1314	19	0	3	0	0	43	1	0	0	2	1382
JonMoore	39	1	0	2	2	0	0	0	0	0	0	44
Jonathunder	124	13	0	6	1	0	62	3	0	0	0	209
Jondel	243	1	0	31	8	0	66	1	0	0	0	350
Jonny-mt	1026	40	0	67	5	10	217	15	0	0	8	1388
Joolz	244	3	0	0	1	0	0	1	0	0	0	249
Josephjames21	0	0	0	1	0	0	0	0	0	0	0	1
Josh Grosse	38	2	0	0	0	0	0	0	0	0	0	40
Joshbuddy	22	0	0	0	0	0	5	0	0	0	0	27
JoshuaZ	597	51	0	102	13	0	627	71	0	0	0	1461
Josiah Rowe	109	25	0	76	10	0	335	19	0	0	0	574
Jossi	760	34	0	356	95	28	2058	77	2	0	1	3411
Journalist	397	7	0	50	19	5	124	14	0	0	3	619
Joy	271	94	0	14	6	0	4	0	0	0	0	389
Joyous!	8431	13	0	131	50	0	440	18	0	0	0	9083
Jpgordon	952	21	0	192	17	10	2682	264	27	0	0	4165
Jrdioko	429	0	0	0	0	0	18	0	0	0	0	447
Jredmond	424	11	0	26	4	1	181	10	19	0	0	676
Jreferee	1375	49	0	144	6	27	36	4	0	0	0	1641
Jtdirl	112	30	0	118	44	0	431	29	0	0	0	764
Jtkiefer	870	100	0	53	15	0	403	85	0	0	0	1526
Judas Preist is effin awsome	0	0	0	2	0	0	0	0	0	0	0	2
Juliancolton	10635	149	0	507	29	176	2170	35	16	0	299	14016
Jusjih	1363	86	0	9	1	1	5	0	0	0	0	1465
Justinc	520	2	0	0	0	0	0	0	0	0	0	522
Jwrosenzweig	40	0	0	1	0	0	7	0	0	0	1	49
JzG	10167	254	0	644	36	20	1376	89	6	0	0	12592
Jza84	313	0	0	56	1	5	131	6	1	0	5	518
Jéské Couriano	406	81	0	734	59	104	938	89	35	0	0	2446
K1Bond007	354	8	0	3	3	0	37	4	0	0	0	409
KF	510	16	0	2	0	0	1	0	0	0	0	529
KFP	734	116	0	14	4	1	65	10	0	0	0	944
Kafziel	1977	30	0	198	22	16	1385	58	9	0	7	3702
Kaihsu	330	26	0	11	6	0	128	15	0	0	0	516
Kaiser matias	15	3	0	3	0	0	16	0	0	0	0	37
Kaisershatner	70	0	0	14	3	2	478	16	0	0	0	583
Kakofonous	66	3	0	5	1	0	4	1	0	0	1	81
Kaldari	246	26	0	66	16	10	65	11	2	0	0	442
Kane5187	241	6	0	1	0	0	1	0	0	0	0	249
Kanonkas	599	24	0	77	12	52	1088	60	465	0	15	2392
Karada	623	16	0	48	8	1	559	23	1	0	0	1279
Karanacs	637	2	0	11	0	1	9	0	0	0	0	660
Karl Dickman	2771	41	0	9	8	0	33	10	0	0	0	2872
Karmafist	165	35	0	15	5	0	160	21	0	0	0	401
Katefan0	841	20	0	212	128	0	351	52	0	0	0	1604
Kathryn NicDhàna	27	0	0	2	1	0	4	1	0	0	0	35
Kbdank71	22274	57	0	43	2	0	357	13	7	0	1	22754
Kbh3rd	107	10	0	20	0	1	1105	47	5	0	0	1295
Kbthompson	120	23	0	21	1	1	101	2	0	0	2	271
Kcordina	1220	41	0	9	0	0	168	7	0	0	0	1445
Keegan	3683	119	0	75	19	8	241	31	3	0	13	4192
Keenan Pepper	295	1	0	3	0	0	11	0	0	0	0	310
Keeper76	3029	77	0	67	12	9	89	14	0	0	22	3319
Keilana	1635	51	0	72	12	9	614	19	0	0	11	2423
Keith D	875	357	0	105	0	6	48	1	0	0	1	1393
Kelly Martin	736	56	0	27	11	0	413	60	0	0	0	1303
Kevin	2849	40	0	126	8	16	585	27	7	0	6	3664
Khaosworks	330	12	0	10	4	0	162	80	0	0	0	598
Khendon	3	0	0	1	2	0	0	0	0	0	0	6
Khoikhoi	1196	298	0	594	223	11	1757	143	3	0	1	4226
Khukri	884	10	0	52	7	2	435	14	0	0	0	1404
Khym Chanur	0	0	0	6	0	0	0	0	0	0	0	6
Kicking222	529	1	0	0	0	0	0	0	0	0	0	530
KieferSkunk	725	11	0	1	0	3	9	3	0	0	0	752
KillerChihuahua	1115	33	0	95	12	4	380	27	7	0	0	1673
Kilo-Lima	1207	2	0	36	9	0	668	69	0	0	0	1991
Kim Bruning	49	5	0	11	3	0	33	14	0	0	0	115
Kim Dent-Brown	284	1	0	17	2	0	3	1	0	0	0	308
Kimchi.sg	43208	714	0	538	118	20	2177	211	21	0	0	47007
KimvdLinde	839	51	0	61	19	1	47	7	1	0	0	1026
King of Hearts	4376	133	0	363	70	18	1557	533	1	0	8	7059
Kingboyk	3141	315	0	103	12	0	214	24	0	0	2	3811
Kingturtle	582	24	0	169	13	27	325	10	6	1341	71	2568
Kinu	5541	33	0	417	20	7	764	62	2	0	0	6846
Kirill Lokshin	1758	49	0	22	2	5	161	14	0	0	0	2011
Kizor	57	141	0	8	8	1	24	3	0	0	0	242
Kjkolb	485	14	0	1	1	0	138	8	0	0	0	647
Kmccoy	49	4	0	8	2	1	32	2	0	0	0	98
KnightLago	1029	48	0	200	15	33	845	91	8	0	1	2270
Knowledge Seeker	115	32	0	19	19	0	110	75	0	0	0	370
KnowledgeOfSelf	1671	27	0	261	27	17	5512	114	0	0	0	7629
Konstable	1080	91	0	97	25	0	435	135	0	0	0	1863
Kosebamse	335	0	0	1	0	0	10	0	0	0	0	346
Kotra	5	0	0	1	0	0	1	0	0	0	0	7
Kpjas	121	0	0	2	0	0	1	0	0	0	0	124
KrakatoaKatie	3343	70	0	95	5	15	316	16	0	0	3	3863
Kralizec!	635	93	0	468	200	46	2897	41	15	0	8	4403
Krimpet	14857	107	0	307	26	43	3889	822	2369	0	6	22426
Ktsquare	11	0	0	0	0	0	0	1	0	0	0	12
Kubigula	7895	35	0	108	9	1	539	19	2	0	0	8608
Kukini	920	11	0	50	2	2	3480	4	2	0	0	4471
Kungfuadam	16119	264	0	186	39	0	2569	245	0	0	0	19422
Kurt Shaped Box	1127	15	0	113	5	31	1431	20	5	0	0	2747
Kuru	1743	5	0	255	9	6	3568	59	37	0	6	5688
Kurykh	6187	108	0	183	19	42	600	72	4	0	4	7219
Kusma	11180	99	0	164	30	8	917	31	4	0	7	12440
Kwamikagami	652	23	0	103	8	16	203	14	10	0	0	1029
Kwsn	1719	13	0	46	4	17	220	32	0	0	0	2051
Kyle Barbour	477	115	0	2	0	0	46	11	0	0	0	651
Kylu	1425	44	0	191	12	25	246	26	0	0	35	2004
Kyorosuke	1013	46	0	43	23	0	162	47	0	0	0	1334
Kzollman	125	34	0	1	0	0	2	1	0	0	0	163
L'Aquatique	667	10	0	21	3	13	46	8	0	0	3	771
LAX	219	3	0	3	4	1	95	1	0	0	4	330
La goutte de pluie	590	30	0	32	17	2	184	37	0	0	0	892
Lachatdelarue	237	7	0	0	1	0	6	1	0	0	0	252
Lacrimosus	222	3	0	16	1	0	44	1	0	0	0	287
LadyofShalott	1127	11	0	20	3	1	72	6	1	0	1	1242
Lankiveil	873	20	0	8	0	1	83	3	3	0	1	992
Lar	921	64	0	106	29	10	520	40	2	0	9	1701
Larry V	263	11	0	1	1	0	2	0	0	0	0	278
Laser brain	109	0	0	0	0	0	1	0	0	0	0	110
Laurascudder	848	4	0	3	2	0	9	1	0	0	0	867
Law	236	17	0	12	2	1	136	5	3	0	0	412
Lazulilasher	98	6	0	12	4	4	47	0	2	0	1	174
LeaveSleaves	0	0	0	6	0	0	0	0	0	0	0	6
Lectonar	14701	64	0	182	147	83	382	9	7	0	0	15575
Leebo	547	11	0	16	0	0	128	7	0	0	0	709
Leithp	361	21	0	6	1	0	329	12	0	0	0	730
Lenticel	214	5	0	1	0	0	0	0	0	0	0	220
LessHeard vanU	403	47	0	266	9	21	2541	66	27	0	0	3380
Lethe	35	13	0	3	2	0	34	16	0	0	0	103
Lexi Marie	605	28	0	41	25	0	157	52	0	0	0	908
Lexicon	161	23	0	10	3	1	56	5	0	0	0	259
Lexor	40	0	0	0	0	0	0	0	0	0	0	40
Lid	2318	11	0	16	0	0	47	0	0	0	0	2392
Lifebaka	2060	140	0	37	10	10	113	5	2	0	2	2379
Lightdarkness	1528	18	0	5	3	0	183	19	0	0	0	1756
Ligulem	4947	12	0	749	660	0	150	6	0	0	0	6524
LinguistAtLarge	173	2	0	1	0	0	0	0	0	0	2	178
Linuxbeak	339	5	0	64	17	0	389	34	0	20	12	880
Lipinki	0	0	0	2	0	0	0	0	0	0	0	2
LiquidGhoul	27	1	0	1	0	0	0	0	0	0	0	29
LittleDan	33	1	0	1	2	0	4	0	0	0	0	41
Llywrch	153	6	0	15	5	1	24	8	0	0	0	212
Lommer	737	2	0	1	2	0	1	0	0	0	0	743
Lomn	7	0	0	1	1	0	2	0	0	0	0	11
Longhair	5716	10	0	124	38	3	1680	41	1	0	4	7617
Lord Emsworth	2	0	0	0	0	0	0	0	0	0	0	2
Lord Voldemort	182	1	0	9	26	0	4	4	0	0	0	226
LordAmeth	52	1	0	0	0	0	0	0	0	0	0	53
Loren36	76	1	0	12	4	1	302	20	0	0	0	416
Lostintherush	791	7	0	27	6	2	112	6	0	0	0	951
LouI	35	1	0	0	0	0	0	0	0	0	0	36
Lowellian	239	65	0	5	0	0	0	0	0	0	0	309
Lquilter	22	1	0	0	0	0	6	0	0	0	0	29
Lradrama	181	2	0	0	0	0	201	15	0	0	1	400
Lucky 6.9	27946	129	0	766	50	0	1919	248	0	0	0	31058
Ludraman	16	3	0	2	2	0	4	0	0	0	0	27
Luigi30	3279	15	0	52	2	0	152	5	0	0	0	3505
Luis Hernández García	0	0	0	2	0	0	0	0	0	0	0	2
Luk	19163	210	0	618	26	123	3747	341	104	0	15	24347
Luna Santin	6231	100	8	1808	160	122	12545	1028	102	0	15	22119
Lupin	642	1	0	5	3	0	126	8	0	0	0	785
Lupo	1911	15	0	9	0	0	398	21	0	0	0	2354
Lyrl	246	1	0	0	1	0	4	0	0	0	0	252
M7	0	0	0	0	0	0	0	0	1	0	0	1
MBK004	607	10	0	124	4	18	292	16	7	0	20	1098
MBisanz	26688	355	0	486	19	76	1259	85	16	0	233	29217
MBoarSidwell	0	0	0	1	0	0	0	0	0	0	0	1
MC MasterChef	103	0	0	0	0	0	35	4	0	0	0	142
MCB	1166	17	0	33	4	3	422	17	1	0	0	1663
MECU	5322	21	0	2	0	1	7	0	0	0	0	5353
MER-C	0	0	0	15	0	0	0	0	0	0	0	15
MGodwin	3	0	0	0	0	0	0	0	0	0	0	3
MJCdetroit	104	6	0	28	3	11	5	0	0	0	0	157
MONGO	3035	27	0	116	35	0	396	39	0	0	0	3648
MPF	441	9	0	7	0	0	17	0	0	0	0	474
MPUploadBot	50	7	0	52	0	3	0	0	0	0	0	112
MSGJ	743	45	0	44	15	17	48	1	5	0	8	926
MZMcBride	804945	571	0	7286	922	419	159	116	187	0	1	814606
MacGyverMagic	5598	108	0	193	106	2	279	33	0	0	0	6319
Mackensen	2476	106	0	68	7	1	1579	237	0	0	0	4474
Mackeriv	96	1	0	3	0	0	14	3	0	0	0	117
Madchester	513	15	0	87	18	3	240	10	0	0	0	886
Madman	791	43	0	21	4	4	137	14	0	0	0	1014
Mafia Expert	0	0	0	1	0	0	0	0	0	0	0	1
Magioladitis	1216	12	0	19	0	4	59	3	1	0	0	1314
Magnus Manske	886	4	0	1	1	0	14	0	0	0	0	906
Mahanga	883	9	0	8	1	0	56	3	0	0	0	960
Mailer diablo	49310	241	6	153	15	1	246	14	1	0	0	49987
Mairi	695	5	0	3	2	0	5	0	0	0	0	710
Majorly	15244	506	0	548	104	7	660	39	0	0	10	17118
Makemi	4809	53	0	79	13	0	378	25	0	0	0	5357
Malcolm	1284	63	0	47	17	2	274	19	0	0	0	1706
Malcolm Farmer	776	3	0	0	0	0	24	1	0	0	0	804
Malcolmxl5	4782	24	0	210	6	13	31	1	1	0	2	5070
Malinaccier	644	2	0	104	3	16	546	13	3	0	257	1588
Mallanox	1860	19	0	2	1	0	5	0	0	0	0	1887
Malo	2315	13	0	110	8	0	2234	246	0	0	0	4926
Mangojuice	4244	78	0	102	11	5	819	304	43	0	27	5633
Manning Bartlett	1357	11	0	2	0	5	14	2	0	0	0	1391
Marasmusine	4308	32	0	32	2	0	245	4	0	0	0	4623
Mardetanha	0	0	0	0	0	0	1	1	0	0	0	2
Marianocecowski	242	8	0	0	3	0	32	0	0	0	0	285
Marine 69-71	219	5	0	51	20	0	118	35	0	0	1	449
Mark	447	84	0	117	26	8	157	37	3	0	0	879
Mark Dingemanse	293	0	0	1	3	0	45	3	0	0	0	345
Mark Richards	0	0	0	0	0	0	0	5	0	0	0	5
Mark83	368	10	0	1	2	0	3	0	0	0	0	384
MarkGallagher	1931	27	0	81	61	0	116	26	0	0	0	2242
MarkSweep	1945	23	0	105	5	0	1133	41	0	0	0	3252
Markles	62	8	0	41	1	7	0	0	0	0	0	119
Marshman	25	0	0	0	0	0	30	2	0	0	0	57
Marskell	40	2	0	32	16	3	25	0	0	0	0	118
Martijn Hoekstra	1099	13	0	4	1	0	106	3	0	0	1	1227
MartinHarper	14	0	0	0	1	0	0	0	0	0	0	15
Martinp23	1387	89	0	226	31	4	358	71	2	0	4	2172
Martyman	131	2	0	2	0	0	35	1	0	0	0	171
Marudubshinki	4852	55	0	28	14	0	448	30	0	0	0	5427
Marumari	0	0	0	0	0	1	8	0	0	0	0	9
Masamage	840	16	0	16	2	3	19	1	0	0	0	897
Masem	88	8	0	6	0	0	11	0	0	0	0	113
MastCell	5570	68	0	485	21	49	949	71	3	0	1	7217
Master Jay	196	8	0	81	6	1	303	36	0	0	0	631
Master Thief Garrett	1144	6	0	7	1	0	12	2	0	0	0	1172
Master of Puppets	2200	62	0	241	30	46	723	31	1	0	5	3339
Matilda	221	20	0	33	15	1	231	10	0	0	0	531
Matt Britt	5	2	0	2	0	0	1	0	0	0	0	10
Matt Crypto	132	22	0	38	22	0	173	18	0	0	0	405
Mattbr	2549	65	0	4	0	0	9	0	0	0	0	2627
MatthewUND	53	1	0	0	0	0	5	0	0	0	0	59
Matthewedwards	2071	81	0	27	7	1	23	3	0	0	0	2213
Mattinbgn	1017	37	0	39	3	7	64	2	0	0	0	1169
Mattyb420	0	0	0	2	0	0	0	0	0	0	0	2
Maury Markowitz	153	19	0	0	0	1	47	5	0	0	0	225
Mav	453	12	0	118	2	1	17	7	0	0	0	610
MaxSem	4846	23	0	167	25	7	343	96	3	0	14	5524
Maxim	106578	916	0	2475	276	557	2468	136	84	0	199	113689
Maxim's JS test account	0	0	0	1	0	0	0	0	0	0	0	1
Maximus Rex	68	0	0	0	0	0	0	0	0	0	0	68
Mazca	166	0	0	6	0	1	61	1	1	0	1	237
Mbecker	0	0	0	1	3	0	3	1	0	0	0	8
Mdd4696	2233	8	0	31	8	0	89	4	0	0	0	2373
MediaWiki default	1310	0	0	0	0	0	0	0	0	0	0	1310
Meegs	8893	33	0	1	0	0	97	5	0	0	0	9029
Meelar	1264	7	0	2	1	0	121	1	0	0	0	1396
MegaHL90	0	0	0	1	0	0	0	0	0	0	0	1
Mel Etitis	3126	19	0	160	24	0	848	57	0	0	0	4234
Melburnian	118	2	0	3	1	0	28	0	0	0	0	152
Melchoir	720	2	0	11	1	0	79	1	1	0	0	815
Melesse	21711	54	0	3	0	0	1	0	0	0	0	21769
Menchi	20	2	0	0	0	0	0	0	0	0	0	22
Meno25	330	32	0	3	1	1	7	3	1	0	2	380
Mentifisto	2333	15	0	20	0	5	3138	12	53	0	31	5607
Mercury	314	93	0	82	34	25	137	62	0	0	0	747
Merkinsmum	0	0	0	3	0	0	0	0	0	0	0	3
Merope	11766	60	0	56	6	0	834	15	0	0	0	12737
Merovingian	1986	100	0	32	14	0	275	21	0	0	26	2454
Merphant	1	2	0	0	0	0	0	0	0	0	0	3
Metalx97856	0	0	0	1	0	0	0	0	0	0	0	1
Metamagician3000	110	4	0	11	4	0	28	5	0	0	0	162
Metropolitan90	2470	23	0	1	0	1	6	2	0	0	0	2503
Mets501	9380	98	0	207	38	0	293	22	0	0	0	10038
Mfield	794	12	0	110	5	17	503	10	20	0	1	1472
Miborovsky	46	3	0	19	13	0	30	5	0	0	0	116
Michael Greiner	660	13	0	10	7	0	10	1	5	0	0	706
Michael Hardy	263	67	0	1	0	0	16	4	1	0	0	352
Michael Snow	875	106	0	22	164	1	54	68	1	0	0	1291
MichaelBillington	507	8	0	6	0	0	4567	70	0	0	2	5160
Michaelas10	363	22	0	80	8	1	61	8	0	0	0	543
Mifter	1242	4	0	37	3	3	129	0	7	0	5	1430
Mike 7	1263	16	0	39	3	0	285	6	0	0	0	1612
Mike Halterman	148	9	0	13	9	1	64	10	0	0	0	254
Mike Peel	2749	20	0	4	4	0	4	0	1	0	0	2782
Mike Rosoft	14407	400	0	424	46	18	2299	390	11	0	0	17995
Mike Selinker	2012	15	0	11	4	0	17	1	0	0	0	2060
Mike.lifeguard	1	0	0	0	0	0	0	0	0	0	0	1
Mikeblas	128	1	0	0	0	0	0	0	0	0	0	129
MilborneOne	180	0	0	1	1	0	8	0	0	0	0	190
Mindmatrix	2302	17	0	22	2	0	45	1	1	0	1	2391
Mindspillage	2299	75	0	53	27	2	91	46	0	0	0	2593
Minesweeper	13	2	0	0	0	0	1	0	0	0	0	16
Mirv	1146	28	0	38	37	0	40	46	0	0	1	1336
MisfitToys	79	8	0	0	0	0	0	0	0	0	0	87
Misza13	223395	280	0	284	21	2	4607	268	0	0	6	228863
Mitchazenia	114	3	0	2	0	0	13	2	0	0	0	134
Mkmcconn	20	0	0	3	3	0	0	0	0	0	0	26
Mkweise	30	2	0	0	1	0	1	0	0	0	0	34
Mo0	3125	23	0	14	3	0	229	21	1	0	0	3416
MoRsE	57	3	0	0	0	0	25	1	0	0	0	86
Modemac	14	0	0	3	5	0	6	1	0	0	0	29
Moink	304	3	0	2	0	0	7	7	0	0	0	323
Molikroth	0	0	0	1	0	0	0	0	0	0	0	1
Moncrief	99	1	0	4	3	0	40	1	0	0	0	148
Moni3	40	3	0	26	1	10	25	0	2	0	0	107
Montrealais	22	1	0	0	0	0	0	0	0	0	0	23
Moondyne	1958	55	0	58	14	2	299	38	0	0	0	2424
Moonriddengirl	7636	938	0	125	16	9	272	15	8	0	0	9019
Moreschi	1031	26	0	190	11	40	811	80	0	0	17	2206
Moriori	3534	3	0	0	0	0	252	5	0	0	0	3794
Morven	814	26	0	7	1	0	224	54	1	0	0	1127
Morwen	615	14	0	6	1	0	84	8	0	0	0	728
Mr. Lefty	1526	10	0	62	6	0	597	31	1	0	0	2233
Mr.Z-man	19307	238	0	478	50	285	1622	182	25	0	26	22213
MrDarcy	222	5	0	36	7	0	143	12	0	0	0	425
Mtmelendez	1039	5	0	11	0	0	2	0	0	0	0	1057
Mufka	1073	2	0	17	0	2	163	0	9	0	0	1266
Mulad	41	6	0	0	0	0	0	0	0	0	0	47
Mushroom	21971	182	0	34	9	3	440	90	0	0	0	22729
Musical Linguist	324	149	0	109	24	0	900	71	0	0	0	1577
Mustafaa	131	1	0	0	3	0	10	1	0	0	0	146
MykReeve	2	0	0	0	0	0	0	0	0	0	0	2
Myleslong	22	29	0	6	3	0	28	8	0	0	0	96
Mysekurity	728	14	0	40	21	0	81	2	0	0	0	886
Mysid	2492	2	0	2	1	0	14	5	0	0	0	2516
Mzajac	148	4	0	8	2	1	46	4	0	0	0	213
NCurse	1593	11	0	1	1	0	34	0	0	0	0	1640
NSLE	561	11	0	90	18	0	440	101	0	0	0	1221
Nabla	900	50	0	16	5	1	1	0	0	0	0	973
Nae'blis	844	53	0	28	2	0	15	2	0	0	0	944
Nagy	0	0	0	1	0	0	0	0	0	0	0	1
Nakon	34132	385	0	590	65	28	12772	6151	19	0	80	54222
Nancy	10762	75	0	340	17	11	661	11	7	0	7	11891
Nandesuka	694	29	0	96	16	2	383	27	1	0	0	1248
Nanfoodle	0	0	0	1	0	0	0	0	0	0	0	1
Nanobug	1	0	0	0	0	0	0	0	0	0	0	1
Nat	188	35	0	156	9	31	263	15	0	0	0	697
Natalie Erin	4501	23	0	68	3	0	987	27	0	0	0	5609
Natalya	323	13	0	36	7	3	109	39	0	0	0	530
NawlinWiki	151359	6439	0	8469	24	574	11867	456	273	0	5	179466
Necrothesp	315	11	0	1	0	1	105	8	0	0	0	441
Nehrams2020	4287	19	0	5	2	0	124	2	0	0	0	4439
Netsnipe	1158	60	0	604	91	10	3660	1752	8	0	1	7344
Neutrality	3818	32	0	48	10	0	175	58	0	0	0	4141
Nev1	162	9	0	22	2	10	103	1	0	0	0	309
Newyorkbrad	738	15	0	50	5	2	519	32	0	0	1	1362
Ngb	622	62	0	9	6	0	10	0	0	0	0	709
Nichalp	1191	70	0	50	16	4	72	9	0	979	123	2514
NicholasTurnbull	212	14	0	15	10	0	139	17	0	0	0	407
Nick	2792	130	0	238	23	19	659	67	9	0	2	3939
Nick-D	367	11	0	40	1	4	225	11	13	0	0	672
Nickptar	612	13	0	3	1	0	116	31	0	0	0	776
Nickshanks	53	1	0	3	0	0	0	0	0	0	0	57
Nicman911	0	0	0	2	0	0	0	0	0	0	0	2
Night Gyr	478	37	0	10	3	1	31	2	0	0	0	562
Nightmarishnight	0	0	0	1	0	0	0	0	0	0	0	1
Nightscream	22	7	0	47	3	1	104	2	2	0	0	188
Nightstallion	1766	128	0	71	7	0	29	2	0	0	0	2003
Nihiltres	7496	123	0	108	26	27	265	16	2	0	9	8072
Nihonjoe	4992	284	0	213	33	5	287	24	7	0	2	5847
Nikki311	414	2	0	24	1	2	40	1	0	0	1	485
Nilfanion	568	25	0	4	3	0	3	0	0	0	0	603
Nishkid64	7359	347	0	1363	639	104	6237	276	365	0	10	16700
Niteowlneils	4157	80	0	1	0	0	16	1	0	0	0	4255
Nixdorf	2	0	0	0	0	0	0	0	0	0	0	2
Nixeagle	10319	243	0	93	14	9	3320	83	25	0	2	14108
Nja247	812	11	0	79	1	26	685	11	43	0	10	1678
Nlu	1594	90	0	601	226	13	3541	220	0	0	0	6285
Nmajdan	210	5	0	7	7	4	62	2	0	0	0	297
No Guru	927	11	0	33	14	0	442	8	1	0	0	1436
NoSeptember	1584	47	0	24	25	1	122	61	0	0	45	1909
NodpiW	0	0	0	1	0	0	0	0	0	0	0	1
Nohat	265	38	0	39	33	0	62	5	0	0	0	442
Noldoaran	2	0	0	0	0	0	0	0	0	0	0	2
Notheruser	70	0	0	0	0	0	0	0	0	0	0	70
Nousernamesleft	189	7	0	5	2	3	2	1	0	0	3	212
NrDg	1540	111	0	271	19	28	792	26	39	0	4	2830
NuclearWarfare	0	0	0	2	0	0	0	0	0	0	0	2
Nufy8	370	1	0	34	2	7	331	15	1	0	0	761
Number 57	5877	61	0	71	2	1	52	4	0	0	0	6068
Nunh-huh	448	29	0	26	3	1	315	11	3	0	1	837
Nv8200p	59527	181	0	25	3	0	106	3	0	0	0	59845
Nyttend	3747	103	0	17	0	0	158	1	1	0	0	4027
Oberiko	294	3	0	8	2	0	162	0	0	0	0	469
Obli	1047	6	0	28	5	0	99	7	0	0	0	1192
Ocatecir	1338	11	0	104	8	1	248	9	0	0	0	1719
Ocee	195	0	0	3	3	10	95	5	0	0	0	311
Od Mishehu	5268	150	0	169	24	24	273	52	103	0	4	6067
OhanaUnited	489	33	0	11	3	1	122	7	0	0	7	673
Ohnoitsjamie	3959	58	0	254	10	14	2305	48	17	0	0	6665
Okiefromokla	195	2	0	21	3	3	208	7	0	0	0	439
OldakQuill	325	20	0	6	2	0	2	1	0	0	0	356
Oldboy212	0	0	0	1	0	0	0	0	0	0	0	1
Oldelpaso	633	7	0	17	10	0	31	1	0	0	2	701
Oldwindybear	2	0	0	0	0	0	2	1	0	0	0	5
Oleg Alexandrov	684	56	0	14	8	0	35	9	0	0	1	807
Olessi	142	6	0	0	0	0	14	1	0	0	0	163
Oliver Pereira	0	4	0	0	1	0	0	0	0	0	0	5
Olivier	192	3	0	6	1	0	23	0	0	0	0	225
Omegatron	308	90	0	27	12	0	15	0	0	0	0	452
One	967	103	0	117	18	1	143	28	0	0	0	1377
Opabinia regalis	1409	5	0	15	2	0	3	0	0	0	0	1434
Orangemike	19104	117	0	501	24	12	3437	36	22	0	0	23253
Orderinchaos	3218	127	0	61	12	8	195	33	2	0	1	3657
Oren0	166	6	0	25	6	7	31	8	3	0	4	256
Orioane	114	1	0	4	2	0	11	0	0	0	0	132
Orlady	35	2	0	5	1	2	2	0	0	0	0	47
Orphaned talkpage deletion bot	404	58	0	0	0	0	0	0	0	0	0	462
Oscarthecat	2873	20	0	203	2	0	301	7	1	0	0	3407
OverlordQ	334	1	0	4	1	0	126	33	12	0	0	511
Owen	254	24	0	15	33	0	84	23	0	0	0	433
OwenX	2321	22	0	180	20	1	1238	82	2	0	7	3873
Oxymoron83	10784	98	0	407	9	59	5277	34	50	0	0	16718
PDH	9821	82	0	355	197	0	243	21	0	0	0	10719
PFHLai	3385	132	0	844	723	1	58	1	0	0	0	5144
PMDrive1061	16544	225	0	861	20	17	2435	84	212	0	4	20402
PS2pcGAMER	2303	23	0	25	32	0	87	18	0	0	0	2488
PZFUN	93	3	0	6	2	0	14	6	0	0	0	124
Pablo-flores	920	2	0	16	6	2	180	2	0	0	0	1128
PabsP	25	4	0	45	9	0	65	16	0	0	0	164
Paginazero	3	3	0	0	0	0	0	0	0	0	0	6
Pagrashtak	3190	13	0	3	2	0	10	1	0	0	0	3219
Pakaran	116	4	0	4	5	0	19	6	0	19	19	192
Pamri	707	1	0	0	4	0	0	0	0	0	0	712
Papa November	3026	45	0	20	5	13	230	13	1	0	0	3353
Parsecboy	2503	98	0	33	6	0	355	11	1	0	3	3010
Parthian Scribe	0	0	0	1	0	0	0	0	0	0	0	1
Pascal.Tesson	15363	86	0	79	2	1	775	20	0	0	1	16327
Pastordavid	1312	9	0	8	6	0	10	1	0	0	0	1346
Pathoschild	8291	149	0	151	33	0	2405	703	0	0	1	11733
Patrick	133	112	0	9	1	1	3	1	0	0	0	260
Pats1	270	49	0	130	7	12	310	7	4	0	0	789
Paul A	88	17	0	0	0	0	0	0	0	0	0	105
Paul August	1115	9	0	8	1	3	122	3	0	0	0	1261
Paul Erik	974	50	0	9	2	0	175	4	0	0	0	1214
Pax:Vobiscum	574	38	0	182	6	13	34	1	0	0	0	848
Paxse	7	0	0	0	0	0	4	1	0	0	0	12
Pb30	858	1	0	0	0	1	275	3	0	0	0	1138
Pcb21	100	43	0	3	6	0	1	1	0	0	0	154
PeaceNT	5087	175	0	105	10	8	298	9	0	0	0	5692
PedanticallySpeaking	41	8	0	2	0	0	0	0	0	0	0	51
Pedro	8715	40	0	87	12	8	719	14	6	0	232	9833
Pedro Paulo Vasconcellos	0	0	0	2	0	0	0	0	0	0	0	2
Pegship	191	2	0	1	0	0	1	0	0	0	0	195
Penader	0	0	0	1	0	0	0	0	0	0	0	1
Pending deletion script	1210	0	0	0	0	0	0	0	0	0	0	1210
Pengo	50	14	0	2	1	0	7	0	0	0	0	74
Penwhale	145	8	0	44	6	14	50	13	1	0	0	281
Pepsidrinka	993	33	0	34	19	0	395	34	0	0	0	1508
Perceval	29	0	0	5	4	0	19	0	0	0	0	57
Peripitus	7154	35	0	78	18	10	128	9	7	0	1	7440
Persian Poet Gal	2289	95	0	998	25	39	3214	141	10	0	1	6812
Peruvianllama	624	7	0	18	4	0	366	6	0	0	0	1025
Peteforsyth	11	5	0	3	1	3	8	2	0	0	0	33
Peter	3642	47	0	74	23	0	652	39	0	0	0	4477
PeterSymonds	5152	139	0	992	346	340	1339	78	236	0	314	8936
Pgk	3711	73	0	556	54	0	4060	2204	0	0	0	10658
Phaedriel	3551	55	0	199	30	16	308	19	0	0	0	4178
Pharos	390	68	0	589	153	0	40	5	0	0	0	1245
Phil Bordelon	0	0	0	2	1	0	0	0	0	0	0	3
Phil Boswell	532	10	0	79	1	3	19	4	0	0	0	648
Phil Sandifer	675	138	0	80	57	8	280	69	0	0	0	1307
PhilKnight	20373	393	0	712	48	30	3805	175	90	0	23	25649
Philip Baird Shearer	343	70	0	68	14	17	15	2	0	0	0	529
Philippe	4110	51	0	349	33	44	1501	66	2	0	7	6163
Philosopher	1164	17	0	28	2	5	34	2	6	0	24	1282
Phils	15	1	0	0	0	0	26	2	0	0	0	44
Philwelch	933	44	0	28	7	0	72	14	0	0	0	1098
Phuntsok2000	0	0	0	2	0	0	0	0	0	0	0	2
Physchim62	1115	41	0	34	5	0	107	17	0	0	0	1319
Piazzajordan2	0	0	0	1	0	0	0	0	0	0	0	1
Picaroon	4039	61	0	55	12	5	461	27	0	0	1	4661
PierreAbbat	0	0	0	0	0	0	5	0	0	0	0	5
Pigman	902	8	0	14	0	1	16	4	0	0	0	945
Pilotguy	7231	64	0	294	29	1	2576	685	0	0	0	10880
PinchasC	119	18	0	48	14	1	188	6	0	0	0	394
Pinkville	0	0	0	6	0	0	1	0	0	0	0	7
Piotrus	612	169	0	18	8	2	80	17	0	0	0	906
Pjacobi	230	6	0	15	3	0	99	2	0	0	0	355
Plange	123	0	0	3	1	0	32	0	0	0	0	159
Plastikspork	9	0	0	10	0	0	0	0	0	0	0	19
Please try again.	0	0	0	1	0	0	0	0	0	0	0	1
Poeloq	21	1	0	0	0	0	52	2	0	0	4	80
Polaron	0	0	0	1	0	0	0	0	0	0	0	1
Pollinator	35	0	0	4	0	0	146	1	0	0	0	186
Poor Yorick	93	0	0	6	3	1	0	0	0	0	0	103
Postdlf	5489	81	0	116	4	3	688	9	1	0	0	6391
Pratyeka	1	2	0	0	0	0	0	0	0	0	0	3
Premeditated Chaos	1732	18	0	3	0	0	19	1	0	0	0	1773
PrimeHunter	60	6	0	2	1	0	0	0	0	0	1	70
ProcseeBot	0	0	0	0	0	0	55037	0	0	0	0	55037
Prodego	1929	262	0	140	90	62	1116	210	62	0	34	3905
ProhibitOnions	243	1	0	0	1	0	50	0	0	0	0	295
Prolog	1215	32	0	64	5	4	505	2	2	0	0	1829
Promethean	0	0	0	1	0	0	0	0	0	0	0	1
Proteus	115	0	0	2	0	0	11	10	0	0	0	138
Protonk	2309	1168	0	70	3	7	150	21	25	0	1	3754
ProveIt	4433	7	0	3	0	0	2	0	0	0	0	4445
Pschemp	2135	247	0	169	29	0	3321	319	0	0	0	6220
Psy guy	110	0	0	10	9	0	181	17	0	0	0	327
Punkmorten	6681	57	0	3	0	0	19	6	0	0	0	6766
Qaz	75	0	0	0	0	0	0	0	0	0	0	75
Quadell	95536	297	0	50	16	3	120	11	1	0	0	96034
Quarl	7973	111	0	22	10	0	37	3	0	0	0	8156
Quell	0	0	0	1	0	0	0	0	0	0	0	1
Quercusrobur	15	2	0	3	2	0	8	0	0	0	0	30
Qwghlm	592	31	0	17	1	0	17	0	0	0	0	658
R'n'B	4489	131	0	12	2	0	4	0	0	0	0	4638
R-Con 9	0	0	0	1	0	0	0	0	0	0	0	1
R. Baley	8	3	0	26	0	11	77	6	0	0	1	132
R. fiend	2822	21	0	19	4	0	56	1	0	0	0	2923
R3m0t	1340	15	0	30	0	0	4	4	0	0	0	1393
RG2	3298	61	0	18	1	0	162	8	0	0	0	3548
RHaworth	41919	2785	0	1962	37	1	448	14	1	0	0	47167
RJFJR	33	1	0	0	0	0	1	0	0	0	0	35
RN	706	132	0	17	15	0	28	7	0	0	0	905
Radiant!	2464	50	0	180	45	0	178	23	0	0	0	2940
RadicalBender	510	8	0	3	0	0	13	0	0	0	0	534
RadioKirk	2676	77	0	164	15	0	1678	74	0	0	0	4684
Ragesoss	354	42	0	5	1	1	6	0	0	0	0	409
Ragib	469	16	0	52	8	2	259	12	0	0	0	818
Raith Sienar	0	0	0	8	0	0	0	0	0	0	0	8
Ral315	2266	121	0	352	28	24	345	49	0	0	2	3187
Ram-Man	834	3	0	16	0	1	25	6	0	0	0	885
Rama	729	9	0	18	10	0	315	13	1	0	0	1095
Rama's Arrow	1202	3	0	46	9	0	200	25	0	0	0	1485
Ramallite	2	0	0	0	0	0	6	0	0	0	0	8
Rambo's Revenge	17	7	0	0	0	1	2	0	1	0	0	28
Ran	193	3	0	7	0	2	87	2	0	0	0	294
Random832	609	127	0	30	11	10	33	8	0	0	7	835
RandomXYZb	2778	36	0	242	19	24	1506	49	8	0	7	4669
Raso mk	0	0	0	1	0	0	0	0	0	0	0	1
RasputinAXP	2198	13	0	28	5	0	84	3	0	0	0	2331
Raul654	1153	103	0	1701	504	42	2463	225	4	147	60	6402
Raven4x4x	407	2	0	3	0	0	200	1	0	0	1	614
Raymolayenie	0	0	0	1	0	0	0	0	0	0	0	1
Raymond arritt	874	2	0	32	8	5	344	21	0	0	0	1286
Rbrwr	346	2	0	0	0	0	1	0	0	0	0	349
Rd232	1252	4	0	4	2	8	37	1	1	0	0	1309
Rdsmith4	3181	65	0	138	61	0	594	268	2	868	86	5263
Rebecca	2211	69	0	32	3	2	138	71	0	0	0	2526
Recurring dreams	6	0	0	1	0	0	21	1	0	0	0	29
RedWolf	14622	48	0	0	0	0	3	0	0	0	0	14673
RedWordSmith	240	11	0	13	20	0	20	1	0	0	0	305
RedirectCleanupBot	4377	0	0	0	0	0	0	0	0	0	0	4377
Redux	196	12	0	24	7	0	47	1	0	131	83	501
Redvers	16746	154	0	851	27	16	1916	201	304	0	0	20215
Redwolf24	1943	48	0	50	25	0	208	45	0	0	0	2319
Reedy	1089	30	0	35	13	13	40	11	0	0	9	1240
Refdoc	61	5	0	11	4	0	28	5	0	0	0	114
Reflex Reaction	511	14	0	1	2	0	6	0	0	0	0	534
RegentsPark	284	5	0	76	5	23	86	0	2	0	0	481
Remember the dot	811	11	0	26	1	7	17	1	0	0	13	887
Renata3	4634	31	0	14	2	0	60	4	0	0	0	4745
Renesis	148	0	0	25	1	0	19	6	0	0	0	199
Resolute	1166	17	0	15	2	1	32	1	0	0	0	1234
Retired username	12142	239	0	115	33	8	206	14	0	0	2	12759
RetiredUser2	376	88	0	25	15	0	12	6	0	0	0	522
Rettetast	20332	60	0	12	3	2	396	6	1	0	12	20824
Revolving Bugbear	102	7	0	5	1	0	25	11	0	0	0	151
RexNL	2299	11	0	153	11	9	4191	66	15	0	0	6755
ReyBrujo	951	36	0	101	29	5	138	2	0	0	0	1262
Rfl	364	39	0	0	0	0	0	0	0	0	0	403
Rhobite	719	15	0	67	26	0	617	47	0	0	0	1491
Rholton	277	3	0	8	1	0	22	3	0	0	0	314
Riana	14011	149	0	1042	108	105	2424	192	1	0	16	18048
Rich Farmbrough	2594	186	0	63	28	9	215	28	2	0	1	3126
Richardcavell	433	8	0	29	9	1	73	2	0	0	0	555
Richardshusr	918	37	0	47	23	12	14	3	0	0	0	1054
Rick Block	630	3	0	3	1	0	65	2	0	0	0	704
RickK	2466	14	0	53	5	0	651	26	0	0	0	3215
Ricky81682	4069	19	0	32	59	20	130	15	8	0	0	4352
Rifleman 82	375	39	0	29	9	5	107	6	3	0	3	576
Rigadoun	205	6	0	2	1	0	2	1	0	0	0	217
Risker	471	48	118	110	31	72	167	13	26	0	2	1058
Rjanag	267	5	0	19	1	0	32	0	5	0	0	329
Rjd0060	14957	359	0	595	41	85	1126	126	57	0	22	17368
Rje	1193	8	0	93	171	0	315	5	0	0	0	1785
Rkitko	504	45	0	11	2	1	10	1	0	0	0	574
Rklawton	875	14	0	25	2	2	477	15	10	0	0	1420
Rlandmann	1057	68	0	23	3	0	44	3	0	0	0	1198
Rlevse	1358	59	6	137	17	27	2688	157	7	544	80	5080
Rlquall	4	1	0	0	0	0	1	1	0	0	0	7
Rmhermen	2014	13	0	25	7	3	55	0	0	0	0	2117
Roadrunner	0	0	0	0	0	0	5	0	0	0	0	5
RobH	0	0	0	0	0	0	0	0	0	1	0	1
RobLa	2	1	0	0	0	0	0	0	0	0	0	3
Robchurch	714	11	0	6	4	0	83	12	0	0	0	830
Robdurbar	1591	72	0	147	84	0	112	25	0	0	0	2031
Robert Merkel	0	1	0	0	0	0	5	4	0	0	0	10
RobertG	6033	23	0	39	5	1	380	23	0	0	1	6505
Robin Patterson	0	0	0	0	0	0	1	0	0	0	0	1
Robth	3830	187	0	5	3	0	10	0	0	0	0	4035
RobyWayne	122	0	0	0	0	0	14	0	0	0	0	136
RockMFR	1954	167	0	169	36	21	284	5	0	0	1	2637
Rockero	77	1	0	5	2	0	13	0	0	0	0	98
Rockpocket	451	16	0	26	9	4	137	15	0	0	1	659
Rocky Road	0	0	0	1	0	0	0	0	0	0	0	1
Rodhullandemu	855	49	0	631	24	112	2073	98	55	0	8	3905
Roger Davies	431	19	11	8	0	2	35	11	2	0	2	521
Rogerd	578	11	0	24	5	0	138	1	0	0	0	757
Ronline	61	3	0	6	9	0	11	1	0	0	0	91
Ronnotel	17	2	0	40	9	6	85	24	1	0	1	185
Rootology	62	4	0	131	4	38	87	3	12	0	1	342
Roozbeh	152	2	0	27	7	0	8	1	0	0	0	197
Rosiestep	2	2	0	2	2	0	0	0	0	0	2	10
Rossami	1003	466	0	36	9	1	228	2	0	0	0	1745
RoyBoy	116	2	0	34	2	1	610	13	0	0	0	778
RoySmith	342	10	0	28	5	0	230	10	1	0	0	626
Royalbroil	889	21	0	65	22	5	46	3	0	0	0	1051
Royalguard11	1825	32	0	267	375	27	179	19	0	0	0	2724
Royboycrashfan	6095	107	0	73	0	0	386	22	0	0	0	6683
Rschen7754	1046	52	0	339	5	9	428	49	7	0	7	1942
Rspeer	105	3	0	15	1	0	76	11	0	0	0	211
Ruhrfisch	229	11	0	41	4	1	48	4	4	0	1	343
Runcorn	72	4	0	5	2	0	143	79	0	0	0	305
Rune.welsh	819	5	0	28	7	0	33	1	0	0	0	893
Runningonbrains	151	3	0	8	2	2	14	2	1	0	0	183
Ruslik0	1516	8	0	141	14	39	166	4	5	0	24	1917
Ruud Koot	1249	74	0	66	16	4	310	61	1	0	1	1782
Rwiggum	0	0	0	1	0	0	0	0	0	0	0	1
RxS	724	1	0	6	3	1	456	10	0	0	0	1201
Ryan Postlethwaite	1333	90	0	265	52	60	1337	148	12	0	57	3354
RyanGerbil10	3623	18	0	46	4	2	190	11	0	0	2	3896
Ryulong	10729	212	0	1213	49	77	6278	615	62	0	2	19237
S@bre	12	2	0	0	0	1	1	0	0	0	0	16
SB Johnny	33	1	0	7	0	4	6	0	0	0	0	51
SCEhardt	5235	50	0	12	0	0	304	3	0	0	0	5604
SCZenz	447	17	0	17	21	5	149	26	0	0	0	682
SD6-Agent	1	0	0	0	0	0	0	0	0	0	0	1
SGGH	1851	30	0	18	5	0	688	26	1	0	2	2621
SQL	2451	46	0	372	10	66	262	124	0	0	34	3365
ST47	37687	4965	0	226	72	86	5847	2327	2	0	3	51215
SWAdair	1600	7	0	49	1	0	38	1	0	0	0	1696
Sabine's Sunbird	19	0	0	6	0	2	0	0	0	0	0	27
Sadalmelik	0	0	0	1	0	0	0	0	0	0	0	1
Sade	148	5	0	3	0	0	1	2	0	0	0	159
Salix alba	99	7	0	7	4	4	6	0	0	0	0	127
Sam	102	21	0	22	4	0	22	0	0	0	2	173
Sam Blacketer	2387	15	0	45	8	2	193	33	1	0	1	2685
Sam Hocevar	6	7	0	0	0	0	1	2	0	0	0	16
Sam Korn	1014	21	6	65	10	13	974	76	4	0	13	2196
Sam Vimes	41	5	0	0	0	0	34	0	0	0	0	80
Samir	2479	94	0	255	132	7	442	50	0	0	2	3461
Samotnik	0	0	0	2	0	0	0	0	0	0	0	2
Samsara	36	21	0	73	4	2	63	33	0	0	0	232
Samuel Blanning	1742	97	0	157	65	0	1197	170	0	0	0	3428
Samulili	2	0	0	0	0	0	1	0	0	0	0	3
Sanchom	227	3	0	4	1	0	58	8	0	0	0	301
Sandahl	7646	90	0	351	8	8	3466	65	9	0	2	11645
Sandstein	6052	68	0	389	22	13	959	198	20	0	3	7724
Sango123	4193	11	0	41	3	0	1567	66	0	0	0	5881
Sannse	882	30	0	19	10	0	57	35	0	0	0	1033
Sarah	2502	132	0	120	38	4	434	104	0	0	36	3370
Saravask	385	15	0	27	15	10	78	13	0	0	0	543
Sardanaphalus	0	0	0	7	0	0	0	0	0	0	0	7
SarekOfVulcan	683	40	0	35	5	6	83	15	10	0	0	877
Sasquatch	1836	23	0	83	25	1	674	104	0	0	1	2747
Sassygurl192	0	0	0	2	0	0	0	0	0	0	0	2
Satori Son	1343	47	0	176	11	2	460	14	5	0	0	2058
SatyrTN	2024	17	0	18	8	4	36	7	0	0	0	2114
Savidan	55	3	0	13	5	0	0	0	0	0	0	76
Saxifrage	292	2	0	10	4	0	13	0	0	0	0	321
Scarian	650	23	0	179	3	22	1014	65	4	0	5	1965
Sceptre	1628	92	0	81	8	0	518	89	0	0	0	2416
Schissel	11	0	0	1	0	0	2	2	0	0	0	16
Schneelocke	28	3	0	15	2	0	11	2	0	0	0	61
SchuminWeb	8830	199	0	86	8	5	303	4	6	0	0	9441
Schutz	791	3	0	3	0	0	2	0	0	0	0	799
Scientizzle	2722	52	0	172	16	4	903	30	1	0	1	3901
Scimitar	192	3	0	9	3	0	97	4	0	0	0	308
Scipius	0	0	0	0	0	0	1	0	0	0	0	1
Scjessey	0	0	0	1	0	0	0	0	0	0	0	1
Scm83x	229	5	0	6	1	0	37	2	0	0	0	280
Scorpion0422	0	0	0	1	0	0	0	0	0	0	0	1
Scott Burley	842	1	0	11	1	0	33	3	0	0	0	891
Scott5114	1176	6	0	119	5	0	29	5	0	0	1	1341
ScottDavis	301	36	0	9	5	0	37	4	0	0	0	392
Seabhcan	193	3	0	5	2	0	27	2	0	0	0	232
Sean Whitton	360	16	0	18	7	0	49	3	0	0	2	455
Sean William	868	45	0	109	8	4	414	35	0	0	2	1485
Searchme	147	0	0	0	0	0	11	0	0	0	0	158
Seattle Skier	285	7	0	8	0	0	21	1	0	0	0	322
SebastianHelm	51	9	0	6	2	2	3	4	0	0	0	77
Sebastiankessel	2	2	0	8	4	0	38	1	0	0	0	55
Secret	3915	43	0	95	6	7	182	12	1	0	16	4277
Secretlondon	427	6	0	2	0	0	420	8	0	849	12	1724
Seddon	61	2	0	14	1	2	38	2	3	0	5	128
Seglea	188	3	0	1	0	0	0	0	0	0	0	192
Seicer	1867	43	0	335	37	47	707	48	12	0	0	3096
Selket	1184	8	0	19	3	2	212	16	0	0	0	1444
Sephiroth BCR	909	17	0	36	6	1	321	7	0	0	0	1297
Seraphim	404	35	0	40	9	11	135	22	1	0	3	660
Seraphimblade	2214	13	0	35	9	2	641	45	0	0	2	2961
Seresin	2312	76	0	176	7	27	158	1	3	0	5	2765
Sesel	76	4	0	19	12	0	12	0	0	0	0	123
Seth Ilys	343	2	0	7	2	0	5	3	0	0	0	362
Sethant	1	2	0	0	0	0	0	0	0	0	0	3
Sfoskett	11	1	0	1	0	0	0	0	0	0	0	13
Sgeureka	450	20	0	1	0	0	3	1	1	0	0	476
Shadow1	284	13	0	32	4	0	170	27	0	0	0	530
ShamelessAngel	0	0	0	1	0	0	0	0	0	0	0	1
Shanel	4682	76	0	71	17	0	2595	517	0	0	0	7958
Shanes	2429	19	0	89	162	3	1095	24	0	0	0	3821
Shauri	44	0	0	0	1	0	2	0	0	0	0	47
SheffieldSteel	43	5	0	27	2	10	112	12	16	0	0	227
Sheldon Rampton	2	0	0	0	0	0	1	0	0	0	0	3
Shell Kinney	10745	262	0	53	6	3	634	77	2	0	1	11783
Shereth	462	17	0	12	4	1	305	8	0	0	1	810
Sherool	40406	63	0	18	6	0	18	1	0	0	0	40512
Shii	365	32	0	20	11	0	53	52	0	0	2	535
Shimeru	789	0	0	6	0	0	2	0	0	0	0	797
Shimgray	1203	134	0	142	4	5	30	17	0	0	0	1535
Shirahadasha	171	2	0	10	4	3	55	8	0	0	0	253
Shizhao	1	1	0	1	0	0	0	0	0	0	0	3
Shoeofdeath	805	3	0	7	0	0	98	0	0	0	0	913
Shreshth91	2323	19	0	33	12	0	390	48	0	0	0	2825
Shyam	16920	56	0	19	2	0	57	1	0	0	1	17056
Shyamal	59	3	0	18	2	5	25	2	0	0	3	117
Silence	22	0	0	0	1	0	0	0	0	0	0	23
SilkTork	177	13	0	6	2	4	1	0	0	0	0	203
Silsor	523	6	0	35	41	0	139	137	0	0	0	881
SimonP	5278	55	0	11	275	0	45	2	0	0	0	5666
Singularity	7381	115	0	61	15	2	79	7	0	0	1	7661
Sir Nicholas de Mimsy-Porpington	2143	60	0	84	11	4	814	82	0	0	0	3198
SirFozzie	342	18	0	85	8	35	276	32	0	0	0	796
Siroxo	73	4	0	0	0	0	18	0	0	0	0	95
Sitthisoneout1	0	0	0	1	0	0	0	0	0	0	0	1
Sj	114	161	0	10	9	1	56	8	0	0	0	359
Sjakkalle	4552	374	0	40	28	0	798	65	1	0	0	5858
Sjc	19	0	0	0	0	0	3	0	0	0	0	22
Sjorford	421	33	0	4	5	0	3	0	0	0	0	466
Skier Dude	45907	1990	0	314	7	22	597	1414	3	0	0	50254
Slakr	3789	61	0	272	24	83	9089	95	19	0	14	13446
Slambo	696	18	0	33	0	0	184	5	0	0	0	936
SlimVirgin	1145	283	0	750	390	14	1120	228	0	0	1	3931
Slowking Man	1350	29	0	130	25	1	859	132	0	0	0	2526
Slp1	424	13	0	15	4	1	87	3	2	0	0	549
Slrubenstein	31	1	0	28	6	2	38	10	4	0	0	120
Slumgum	154	1	0	1	0	0	0	0	0	0	0	156
Smalljim	801	7	0	13	2	0	388	7	3	0	0	1221
Smashville	730	2	0	38	2	1	271	15	18	0	0	1077
Smith03	115	4	0	5	0	1	5	68	0	0	0	198
Smith609	141	1	0	2	0	0	3	2	2	0	0	151
SmthManly	519	4	0	32	9	1	51	2	0	0	0	618
Smurrayinchester	67	3	0	10	6	0	17	6	0	0	0	109
Sn0wflake	404	3	0	14	2	0	107	2	0	0	0	532
Snowolf	689	15	0	40	6	2	595	30	2	0	3	1382
Snoyes	95	0	0	1	0	0	40	0	0	0	0	136
SoLando	273	13	0	18	7	0	191	6	0	0	0	508
SoWhy	6201	58	0	635	55	132	241	7	9	0	7	7345
Solid Falcon	0	0	0	2	0	0	0	0	0	0	0	2
Solipsist	78	1	0	136	49	0	108	12	0	0	0	384
Someguy1221	927	10	0	12	3	0	294	1	12	0	1	1260
Somno	705	11	0	13	5	2	13	0	1	0	0	750
SorryGuy	11	2	0	2	2	0	18	2	0	0	0	37
Sortior	1	0	0	0	0	0	0	0	0	0	0	1
Soumyasch	2799	54	0	74	10	3	670	32	0	0	6	3648
SouthernNights	2056	45	0	125	34	10	251	6	4	0	0	2531
Spangineer	262	10	0	16	11	0	94	8	0	0	0	401
Spartaz	2412	126	0	163	27	9	313	74	3	0	7	3134
Spebi	1545	31	0	165	9	26	493	26	0	0	10	2305
Spellcast	7900	416	0	632	7	34	8977	620	89	0	10	18685
Spencer	185	3	0	28	3	4	256	3	0	0	1	483
Spencer195	12	0	0	0	0	0	3	0	0	0	0	15
Spike Wilbury	2489	101	0	18	4	0	136	4	0	0	1	2753
Spinningspark	27	3	0	5	0	2	28	1	2	0	0	68
Splash	8127	317	0	260	758	7	414	136	0	0	1	10020
SpuriousQ	625	1	0	17	1	0	569	5	0	0	0	1218
Srikeit	1840	18	0	86	45	0	387	22	0	0	0	2398
Ssd	1699	2	0	7	1	0	14	0	0	0	0	1723
Staecker	1689	20	0	1	1	0	2	0	0	0	0	1713
Stan Shebs	2649	74	0	1	0	0	25	0	0	1	0	2750
Star Mississippi	1998	51	0	69	4	6	235	8	0	0	0	2371
Starblind	2274	13	0	79	1	1	224	6	1	0	0	2599
Staxringold	127	1	0	0	0	0	26	0	0	0	0	154
Steel	9468	74	0	968	332	23	1188	88	0	0	5	12146
Steinsky	34	0	0	7	2	0	32	1	0	0	0	76
Stemonitis	3606	125	0	9	12	2	37	2	0	0	0	3793
Stephan Schulz	2	0	0	5	1	2	60	3	1	0	0	74
Stephen	6345	80	0	72	1	0	1046	63	4	0	8	7619
Stephen Bain	1745	42	0	85	23	1	95	18	0	0	0	2009
StephenBuxton	253	12	0	26	3	3	181	8	0	0	0	486
Steve Smith	1204	75	0	90	4	15	262	29	5	0	3	1687
SteveSims	0	0	0	1	0	0	0	0	0	0	0	1
Steven Walling	587	3	0	63	1	6	59	3	0	0	0	722
Stevenfruitsmaak	94	10	0	10	0	0	11	0	0	0	0	125
Stevenj	33	1	0	23	0	0	37	1	0	0	0	95
Stevertigo	136	16	0	46	11	0	22	14	0	0	0	245
Stewartadcock	828	0	0	10	3	0	6	1	0	0	0	848
Stifle	17621	433	0	492	53	44	465	62	4	0	34	19208
Stormie	2184	62	0	46	6	3	363	11	0	0	1	2676
StuffOfInterest	173	5	0	29	2	0	104	2	0	0	0	315
Stuffdoing	0	0	0	1	0	0	0	0	0	0	0	1
Stwalkerster	2524	60	0	78	1	5	359	44	3	0	31	3105
Sub619	0	0	0	1	0	0	0	0	0	0	0	1
Sue Anne	499	9	0	0	0	0	1	0	0	0	0	509
Sugarfish	2	2	0	1	1	0	0	0	0	0	0	6
Sundar	39	13	0	0	0	1	6	3	0	0	0	62
Superm401	253	24	0	21	22	23	47	12	0	0	0	402
Sverdrup	501	4	0	1	2	0	2	2	0	0	0	512
Swatjester	946	30	0	181	16	29	371	49	0	0	5	1627
Syrthiss	2636	40	0	154	24	2	1549	69	17	0	0	4491
TFOWR	0	0	0	2	0	0	0	0	0	0	0	2
TKD	2746	150	0	75	17	19	315	30	3	0	3	3358
TPK	62	0	0	0	0	0	0	0	0	0	0	62
TSO1D	89	1	0	34	8	2	21	2	0	0	0	157
TShilo12	59	4	0	7	2	0	5	2	0	0	0	79
TUF-KAT	542	39	0	0	0	0	12	1	0	0	0	594
Ta bu shi da yu	1396	57	0	88	47	0	171	56	0	0	0	1815
Tabercil	292	14	0	50	6	1	175	4	1	0	0	543
Tadakuni	9	0	0	0	0	0	0	0	0	0	0	9
Talrias	255	8	0	23	14	0	82	17	0	0	0	399
Tango	341	2	0	4	2	0	75	4	0	0	0	428
Tangotango	1509	28	0	23	1	1	621	17	0	0	0	2200
Tanner-Christopher	9	0	0	12	0	4	1	1	0	0	0	27
Tannin	57	2	0	1	0	0	22	1	0	0	0	83
Tanthalas39	2000	22	0	890	34	133	2602	53	15	0	1	5750
Tariqabjotu	302	26	0	813	86	37	433	73	1	0	0	1771
Tassedethe	693	31	0	0	0	0	0	0	0	0	0	724
Taw	87	17	0	0	2	0	0	0	0	0	0	106
Tawker	4341	51	0	281	18	12	1753	349	0	0	9	6814
Taxman	246	18	1	15	10	0	175	12	0	33	199	709
Tbo 157	30	2	0	3	1	0	24	6	0	0	0	66
TeaDrinker	1293	13	0	15	1	2	229	4	1	0	0	1558
TenOfAllTrades	396	14	0	62	5	6	504	40	5	0	1	1033
TerriersFan	1337	52	0	151	12	9	239	10	2	0	0	1812
Terrillja	0	0	0	1	0	0	0	0	0	0	0	1
TexasAndroid	18697	470	0	345	41	11	634	37	0	0	1	20236
Texture	450	10	0	1	1	0	34	1	0	0	0	497
Thatcher	2729	109	6	237	59	26	2883	327	6	0	29	6411
Thatcher131	0	1	0	0	0	0	0	0	0	0	0	1
Thatislifeandlove	0	0	0	2	0	0	0	0	0	0	0	2
The Anome	3091	72	0	323	32	21	3816	181	48	0	2	7586
The Cunctator	6	50	0	5	17	0	11	6	0	0	0	95
The Epopt	3283	41	0	27	2	0	44	12	0	0	0	3409
The JPS	7114	34	0	154	20	7	351	12	0	0	0	7692
The Land	454	6	0	12	5	0	96	13	0	0	0	586
The Placebo Effect	366	12	0	38	8	6	27	4	0	0	2	463
The Rambling Man	3101	8	0	54	3	4	689	6	0	198	24	4087
The Random Editor	88	0	0	21	0	0	39	1	0	0	0	149
The Singing Badger	25	0	0	0	0	0	2	0	0	0	0	27
The Tom	136	12	0	40	12	0	4	0	0	0	0	204
The Transhumanist	0	0	0	3	0	0	0	0	0	0	0	3
The undertow	809	10	0	38	9	4	112	7	0	0	4	993
The wub	6368	25	0	25	5	0	170	8	0	0	2	6603
The-G-Unit-Boss	1409	5	0	102	3	12	24	0	0	0	0	1555
TheCoffee	29290	42	0	18	13	0	26	1	1	0	0	29391
TheCustomOfLife	43	0	0	6	1	0	3	0	0	0	0	53
TheDJ	14	1	0	1	0	1	0	0	0	0	0	17
TheParanoidOne	12440	29	0	0	0	0	0	0	0	0	0	12469
TheProject	2160	13	0	21	8	0	67	3	0	0	0	2272
Thedemonhog	19	0	0	0	0	1	0	0	0	0	2	22
Thehelpfulone	627	20	0	221	8	42	133	7	15	0	7	1080
TheoClarke	269	17	0	0	1	0	17	2	0	0	0	306
Therequiembellishere	0	0	0	1	0	0	0	0	0	0	0	1
Theresa knott	1738	48	0	237	57	15	1472	230	0	0	0	3797
Thespian	2	1	0	4	0	0	2	1	0	0	0	10
Thingg	3420	40	0	58	3	9	434	7	8	0	5	3984
Thorpe	319	4	0	10	2	1	22	4	0	0	0	362
Thryduulf	759	50	0	69	41	1	54	12	1	0	0	987
Thue	8060	32	0	27	8	0	370	37	1	0	0	8535
Thunderboltz	607	28	0	13	6	0	79	0	0	0	0	733
Thunderbrand	3589	9	0	3	2	0	39	2	0	0	0	3644
TigerShark	1142	55	0	40	11	3	1019	43	0	0	0	2313
Tijuana Brass	2988	48	0	33	4	0	99	10	0	0	0	3182
Tikiwont	5467	629	0	66	14	0	415	8	10	0	0	6609
Tillwe	45	0	0	0	0	0	3	0	0	0	0	48
Tim Ivorson	8	4	0	1	0	0	0	0	0	0	0	13
Tim Starling	42	11	1	7	3	0	15	23	0	5	0	107
Tim!	848	26	0	4	3	0	46	2	0	0	0	929
TimVickers	1157	41	0	185	14	64	809	28	5	0	3	2306
Timc	35	1	0	0	1	0	2	0	0	0	0	39
Timichal	1	17	0	0	0	0	0	0	0	0	0	18
Timrollpickering	344	2	0	22	3	7	6	0	0	0	0	384
Timwi	336	17	0	3	6	0	0	0	0	0	0	362
Tinselfairy1	0	0	0	2	0	0	0	0	0	0	0	2
Tiptoety	5658	144	0	1097	958	234	3989	194	229	0	201	12704
Titoxd	2934	419	0	106	42	3	1559	366	0	0	5	5434
Tivedshambo	1796	24	0	27	2	2	561	9	10	0	16	2447
Tizio	1866	51	0	20	31	0	21	1	0	0	0	1990
Tkinias	3	0	0	0	0	0	0	0	0	0	0	3
Tnxman307	2966	20	0	59	0	1	1269	6	13	0	2	4336
Toby Bartels	20	144	0	1	3	0	0	1	0	0	0	169
Toddst1	4927	73	0	541	32	41	4942	217	70	0	12	10855
Tom	1372	30	0	33	11	5	82	1	0	0	0	1534
Tom harrison	3097	135	0	346	112	19	1752	102	2	0	0	5565
Tom-	37	3	0	8	3	0	4	0	0	0	0	55
TomStar81	214	4	0	44	6	3	37	2	0	0	0	310
TomTheHand	97	54	0	0	2	0	61	8	0	0	0	222
Tompagenet	5	0	0	0	0	0	0	0	0	0	0	5
Tone	15727	160	0	39	3	5	130	0	0	0	0	16064
Tony Fox	1186	7	0	57	2	6	496	10	6	0	0	1770
Tony Sidaway	1039	403	0	359	596	0	357	124	0	0	0	2878
Tonywalton	2889	9	0	33	3	6	309	23	12	0	2	3286
Toon05	785	41	0	37	4	4	133	5	16	0	2	1027
Topbanana	244	4	0	1	0	1	1	0	0	0	0	251
Tra	115	11	0	37	5	0	5	0	0	0	0	173
TravisTX	889	14	0	64	3	11	225	42	35	0	5	1288
Trebor	294	3	0	75	26	0	83	7	0	0	0	488
Tregoweth	4330	57	0	140	18	0	890	40	0	0	0	5475
Trevor MacInnis	1779	144	0	127	5	18	437	11	2	0	0	2523
Trevor Parscal	1	0	0	0	0	0	0	0	0	0	0	1
Trialsanderrors	652	290	0	52	60	0	20	2	0	0	0	1076
Triddle	5	0	0	3	2	0	4	0	0	0	0	14
Trilobite	514	1	0	3	3	0	63	6	0	0	0	590
Tristanb	5	7	0	0	0	0	0	0	0	0	0	12
Troy 07	0	0	0	1	0	0	0	0	0	0	0	1
Trusilver	754	11	0	52	1	4	1092	33	3	0	1	1951
Trödel	171	22	0	6	2	0	54	12	0	0	0	267
Turnstep	786	8	0	2	0	0	1	0	0	0	0	797
TwinsMetsFan	310	17	0	0	1	0	13	0	0	0	0	341
Typesships	0	0	0	1	0	0	0	0	0	0	0	1
Tyrenius	2440	58	0	49	11	2	243	31	0	0	6	2840
Tznkai	209	4	0	73	7	16	114	14	4	0	1	442
UberScienceNerd	165	2	0	0	0	0	69	0	0	0	0	236
Ugen64	1036	27	0	33	6	1	174	22	0	0	0	1299
UkPaolo	1439	57	0	15	5	0	131	3	0	0	0	1650
Ultraexactzz	2369	60	0	52	4	4	386	52	0	0	2	2929
Uncle G	1807	187	0	25	0	2	132	1	0	0	0	2154
UninvitedCompany	1526	40	0	56	27	0	119	33	0	8	39	1848
Urhixidur	386	21	0	2	0	0	8	0	0	0	0	417
Useight	1254	17	0	32	3	4	330	7	0	0	6	1653
User2004	117	2	0	16	6	0	124	27	0	0	0	292
Utcursch	6533	154	0	75	4	9	2175	18	1	0	0	8969
UtherSRG	5414	90	0	53	8	2	708	19	0	0	0	6294
Vague Rant	25	4	0	0	2	0	4	1	0	0	0	36
Valley2city	272	5	0	10	4	1	79	0	6	0	2	379
VampWillow	388	1	0	30	8	0	12	3	0	0	0	442
Vancouverguy	935	0	0	0	0	0	0	0	0	0	0	935
Vanished user	166	16	0	29	8	2	105	14	0	0	0	340
Vaoverland	43	2	0	0	0	0	17	0	0	0	0	62
Vary	641	55	0	33	4	2	197	9	1	0	0	942
Vassyana	587	14	29	24	4	2	91	29	0	0	0	780
VegaDark	10826	282	0	162	147	104	744	320	1	0	0	12586
Vegaswikian	8391	36	0	61	2	4	21	1	0	0	0	8516
Veinor	2134	18	0	33	4	1	339	24	0	0	0	2553
Verrai	748	5	0	14	6	0	69	2	1	0	0	845
Versageek	2905	24	0	98	1	14	487	12	15	0	3	3559
Viajero	52	4	0	10	9	0	15	4	0	0	0	94
Vianello	686	6	0	14	1	2	55	2	3	0	0	769
Vicky Lee	0	0	0	1	0	0	0	0	0	0	0	1
Victuallers	60	4	0	181	2	8	4	0	0	0	0	259
Violetriga	1640	119	0	79	33	0	131	43	0	0	0	2045
Viridae	959	94	0	81	34	23	518	78	6	0	17	1810
VirtualSteve	1606	34	0	298	22	31	1272	31	17	0	6	3317
Vishal	1	0	0	5	3	0	0	0	0	0	0	9
Visorstuff	6	1	0	4	1	0	0	0	0	0	0	12
Visviva	51	0	0	3	1	0	3	1	0	0	0	59
Voice of All	5631	82	1	487	2115	6	1046	107	0	0	6	9481
Vsmith	1222	3	0	97	9	14	4237	24	7	0	0	5613
Vulcan Hephaestus	0	0	0	4	0	0	0	0	0	0	0	4
WAvegetarian	270	20	0	8	3	0	69	6	0	0	0	376
WJBscribe	9240	210	0	393	495	40	2620	162	0	2503	144	15807
WODUP	2280	35	0	85	3	10	659	57	5	0	10	3144
Wadester16	172	0	0	0	0	4	3	1	0	0	4	184
Wafulz	5360	94	0	154	11	9	1295	44	0	0	0	6967
Waggers	871	2	0	46	1	2	1087	8	0	0	0	2017
Walter	0	0	0	0	0	0	1	0	0	0	0	1
Walton One	842	19	0	3	3	0	25	2	0	0	0	894
Waltpohl	29	0	0	2	0	0	0	0	0	0	0	31
Wangi	821	44	0	23	21	2	387	22	0	0	0	1320
Wapcaplet	2	0	0	0	0	0	0	0	0	0	0	2
Warofdreams	989	24	0	5	1	1	27	1	0	257	120	1425
Wassupwestcoast	219	22	0	14	5	2	14	2	0	0	0	278
Water Bottle	282	22	0	2	0	0	30	3	0	0	0	339
Wayward	1420	1	0	2	2	0	695	30	0	0	0	2150
Wee Jas	0	0	0	1	0	0	0	0	0	0	0	1
Wehwalt	337	3	0	17	7	12	48	4	5	0	4	437
Werdna	361	9	0	35	1	4	74	24	4	0	6	518
Werdna648	0	0	0	1	0	0	0	0	0	0	0	1
WereSpielChequers	2216	11	0	9	0	0	46	0	1	0	0	2283
Wernher	49	0	0	0	0	0	1	0	0	0	0	50
Wesley	0	1	0	0	0	0	2	0	0	0	0	3
Wgfinley	159	5	0	9	1	0	19	10	0	0	0	203
Where	412	4	0	0	0	0	81	11	0	0	0	508
WhisperToMe	332	162	0	50	6	2	29	4	0	0	0	585
Who	1298	5	0	15	9	0	456	98	0	0	0	1881
Whouk	511	6	0	1	1	0	13	0	0	0	0	532
Wickethewok	2732	44	0	18	0	0	61	2	0	0	0	2857
Wiglaf	48	3	0	4	1	0	26	6	0	0	0	88
Wiki alf	1876	18	0	59	27	0	1503	32	5	0	0	3520
WikiLeon	523	18	0	110	20	2	536	61	10	0	5	1285
Wikiacc	779	31	0	7	5	0	31	8	0	0	0	861
Wikibofh	246	7	0	42	48	0	784	37	0	0	0	1164
Wile E. Heresiarch	618	1	0	1	0	0	25	0	0	0	0	645
Wilfried Derksen	75	7	0	13	5	0	2	0	0	0	0	102
Will Beback	774	102	0	385	117	24	1466	105	6	0	2	2981
William M. Connolley	502	18	0	153	27	24	1895	208	20	0	0	2847
William Pietri	450	4	0	1	0	0	10	0	0	0	0	465
WilliamH	242	4	0	23	2	0	108	1	3	0	16	399
WilyD	1568	51	0	25	2	8	175	15	1	0	1	1846
Wimt	621	30	0	59	8	2	917	21	0	0	12	1670
Winhunter	7232	71	0	287	50	4	1343	252	0	0	2	9241
Wissel Wall	0	0	0	1	0	0	0	0	0	0	0	1
Wizardman	12590	101	35	506	14	20	288	11	3	0	6	13574
Wknight94	15258	339	0	696	180	78	7494	184	11	0	5	24245
Wneedham02	0	0	0	1	0	0	0	0	0	0	0	1
Woggly	167	7	0	12	0	0	75	14	0	0	0	275
Woody	4159	49	0	151	10	19	164	32	3	0	4	4591
Woohookitty	7557	149	0	502	474	5	1257	171	0	0	2	10117
Woooooooooop	0	0	0	1	0	0	0	0	0	0	0	1
Worldtraveller	215	0	0	4	4	0	19	2	0	0	0	244
Wouterstomp	18	0	0	0	0	0	0	0	0	0	0	18
Wpedzich	4	0	0	0	0	0	0	0	0	0	0	4
Wrp103	1	0	0	0	0	0	111	0	0	0	0	112
Wtmitchell	13	0	0	0	0	0	0	0	0	0	0	13
Wwoods	127	13	0	81	4	9	53	0	0	0	0	287
Wwwwolf	2600	26	0	39	5	0	5	1	0	0	0	2676
X!	1567	38	0	41	15	8	150	31	6	0	16	1872
XDanielx	65	4	0	0	0	0	0	0	0	0	0	69
XJamRastafire	7	0	0	5	3	0	0	0	0	0	0	15
Xaosflux	7807	307	0	612	287	251	852	83	31	0	12	10242
Xavexgoem	359	20	0	44	8	8	105	8	2	0	2	556
Xdamr	409	7	0	2	0	0	2	0	0	0	0	420
Xeno	7097	481	0	254	181	389	901	199	54	0	41	9597
Xezbeth	7237	78	0	53	10	0	377	6	0	0	0	7761
Xiner	210	4	0	10	1	0	72	4	0	0	0	301
Xnuala	62	0	0	0	0	0	3	1	0	0	0	66
Xoloz	7424	810	0	211	56	1	70	6	0	0	0	8578
Xy7	2053	45	0	149	42	7	2329	203	0	0	0	4828
Xymmax	618	37	0	96	10	23	66	2	3	0	3	858
Y	2281	47	0	51	10	6	90	5	0	0	0	2490
Y0u	345	0	0	0	0	0	13	2	0	0	0	360
Yamamoto Ichiro	1120	19	0	216	21	17	1561	35	8	0	67	3064
Yamla	3561	27	0	1223	59	15	4159	980	0	0	0	10024
Yandman	303	2	0	16	1	2	134	8	0	0	0	466
Yanksox	2711	57	0	113	30	0	228	20	0	0	0	3159
Yann	2	0	0	0	0	0	0	0	0	0	0	2
Yannismarou	293	2	0	15	5	1	47	1	0	0	1	365
YellowMonkey	8764	215	1	553	93	48	1894	158	12	0	5	11743
Yelyos	43	0	0	1	1	0	8	1	0	0	0	54
Yet Another Redirect Cleanup Bot	410	0	0	0	0	0	0	0	0	0	0	410
Ynhockey	130	3	0	5	1	0	4	0	0	0	0	143
Yomangani	1125	9	0	36	8	0	31	2	0	0	0	1211
Yonatan	255	54	0	10	9	6	85	9	0	0	2	430
Youngamerican	1160	45	0	54	23	2	33	2	0	0	0	1319
Zanimum	1370	59	0	56	17	0	119	12	0	0	0	1633
Zedla	873	6	0	32	2	2	122	9	0	0	0	1046
Zemaiteska	0	0	0	1	0	0	0	0	0	0	0	1
Zero0000	100	3	0	9	3	0	27	2	0	0	0	144
ZimZalaBim	2604	19	0	58	8	0	139	2	0	0	0	2830
Zippy	13	8	0	5	2	4	35	6	0	0	0	73
Zocky	258	17	0	21	8	0	21	8	0	0	0	333
Zoe	5859	83	0	244	12	0	1240	99	0	0	0	7537
Zoicon5	33	0	0	0	0	0	0	0	0	0	0	33
Zoney	20	11	0	3	2	0	1	1	0	0	0	38
Zscout370	10328	243	0	305	59	21	588	92	0	0	2	11638
Zsinj	2375	11	0	38	2	0	440	39	0	0	0	2905
Zzuuzz	4878	174	0	954	1174	539	7570	525	163	0	13	15990
Zzyzx11	9064	300	0	1200	562	12	369	53	5	0	2	11567
^demon	28503	181	0	40	7	3	74	11	1	0	1	28821
Ævar Arnfjörð Bjarmason	213	3	0	1	0	0	7	2	0	0	0	226
Ø	0	0	0	2	0	0	0	0	0	0	0	2
èªç±åå¤	0	0	0	1	0	0	0	0	0	0	0	1
ï¾	0	0	0	2	0	0	0	0	0	0	0	2
Totals	5772213	108923	596	177390	39123	15201	871938	75954	10070	12264	7410	7091082
