User	DL	UD	RD	ES	PT	UP	PM	BL	UB	BM	UR	RM	Total
(aeropagitica)	11928	38	0	0	50	2	0	1733	42	0	0	0	13793
172	16	0	0	0	23	7	0	52	40	0	0	0	138
17Drew	317	1	0	0	2	0	0	37	1	0	0	0	358
23skidoo	539	8	0	0	33	6	0	131	13	0	0	0	730
2over0	632	25	3	0	78	2	26	108	12	1	0	4	891
52 Pickup	104	3	0	0	6	1	0	73	6	0	0	0	193
7	456	13	13	0	15	0	2	281	2	11	0	39	832
7SeriesBOT	5254	0	0	0	0	0	0	0	0	0	0	0	5254
@pple	527	51	0	0	4	1	0	66	9	0	0	0	658
A Man In Black	3052	63	0	0	164	24	1	179	34	0	0	0	3517
A Train	237	6	0	0	19	4	0	51	2	2	0	0	321
A. B.	144	590	0	0	101	2	4	245	33	6	0	0	1125
AA	835	7	0	0	2	2	1	14	2	0	0	0	863
ABCD	3138	29	0	0	432	27	0	62	41	2	0	2	3733
AGK	2099	127	5	0	251	61	60	587	83	8	0	65	3346
AKeen	11	6	0	0	13	0	3	2	0	0	0	0	35
AZT2008	0	0	0	0	1	0	0	0	0	0	0	0	1
Aarktica	207	2	0	0	1	0	0	2	1	0	0	0	213
Aaron Brenneman	1030	25	0	0	41	81	1	136	13	0	0	0	1327
Abecedare	234	14	0	0	87	3	11	183	8	12	0	2	554
Academic Challenger	19821	38	0	0	183	34	0	2674	21	5	0	0	22776
Acalamari	5881	69	0	0	2879	72	195	1290	112	14	0	921	11433
Accounting4Taste	28785	68	0	0	450	14	2	97	0	12	0	4	29432
Acetic Acid	65	3	0	0	7	2	0	66	9	0	0	0	152
Acropolis now	0	0	0	0	3	0	0	0	0	0	0	0	3
Acroterion	32247	91	9	0	597	18	27	2421	44	93	0	13	35560
Adam Bishop	3645	17	0	0	45	13	2	121	22	0	0	1	3866
Adambiswanger1	75	0	0	0	15	4	0	48	1	0	0	0	143
Adambro	1887	17	0	0	48	1	5	199	6	6	0	4	2173
Adashiel	362	51	0	0	51	33	1	369	29	0	0	0	896
Addshore	763	11	0	0	4	1	2	222	8	4	0	5	1020
AdjustShift	164	0	0	0	17	1	1	551	2	29	0	2	767
Admiral Norton	380	6	0	0	6	0	0	6	0	0	0	2	400
Admrboltz	2754	4	0	0	27	15	0	101	11	0	0	2	2914
Aecis	3805	39	0	0	91	5	0	163	3	0	0	0	4106
Aervanath	1905	303	0	0	43	5	6	51	10	2	0	0	2325
After Midnight	37075	208	0	0	32	6	0	61	6	0	0	0	37388
Agathoclea	1134	52	0	0	51	5	4	169	16	1	0	1	1433
Ahoerstemeier	13556	107	0	0	43	5	1	2017	11	2	0	0	15742
Ais523	299	16	0	0	16	3	0	8	6	0	0	0	348
Aitias	3438	68	0	0	224	18	298	1224	78	51	0	74	5473
Akhilleus	858	4	0	0	45	3	4	431	30	1	0	0	1376
Akradecki	5185	53	0	0	168	3	3	304	22	31	0	0	5769
Aksi great	1926	12	0	0	26	8	1	591	30	0	0	0	2594
Al Ameer son	29	3	0	0	7	2	3	6	1	0	0	1	52
Alai	1393	17	0	0	10	3	0	42	3	0	0	0	1468
AlainV	1	0	0	0	0	0	0	0	0	0	0	0	1
Alasdair	547	3	0	0	11	1	0	226	11	1	0	0	800
Aldux	112	1	0	0	170	36	0	201	18	0	0	0	538
Ale jrb	1417	10	0	0	6	1	0	401	24	1	0	4	1864
Alex Bakharev	1741	154	0	0	496	46	50	1807	183	6	0	0	4483
Alex S	34	4	0	0	0	0	0	0	0	0	0	0	38
Alex Shih	312	3	0	0	12	5	0	41	0	0	0	0	373
Alex.muller	553	24	2	0	22	1	1	309	15	0	0	11	938
Alex756	2	0	0	0	0	0	0	0	0	0	0	0	2
AlexandrDmitri	301	0	0	0	0	0	0	108	4	4	0	0	417
Alexf	20365	120	61	0	349	11	82	5727	40	10	0	0	26765
AlexiusHoratius	144	0	0	0	564	8	158	509	0	7	0	0	1390
Alhutch	621	3	0	0	15	6	0	175	9	0	0	0	829
Alison	2571	149	212	146	1205	199	185	5245	355	62	0	73	10402
AlisonW	488	11	0	0	56	5	2	126	10	0	0	0	698
AlistairMcMillan	219	18	0	0	17	1	0	63	4	0	0	0	322
AliveFreeHappy	192	1	0	0	2	0	0	2	0	0	0	0	197
Alkivar	2396	136	0	0	252	27	9	470	41	0	0	0	3331
Allen3	11178	57	1	0	276	52	14	138	5	0	0	1	11722
AllyUnion	1975	42	0	0	100	11	1	39	11	1	0	0	2180
Alphachimp	6552	108	0	0	292	146	1	3926	118	2	0	0	11145
Altenmann	5195	267	0	0	287	65	24	1303	100	5	0	0	7246
Alteripse	2	0	0	0	3	1	0	14	1	0	0	0	21
Alvestrand	458	29	0	0	8	4	0	56	4	2	0	0	561
Amalas	1220	2	0	0	4	52	0	0	0	0	0	0	1278
Amalthea	2962	108	3	0	86	109	93	258	31	42	0	54	3746
Amberrock	549	7	0	0	19	3	0	115	9	0	0	0	702
Amcaja	54	3	0	0	0	1	0	58	2	0	0	0	118
Ameliorate!	390	6	0	0	46	3	2	127	8	1	0	2	585
AmiDaniel	2801	138	0	0	165	44	2	749	126	1	0	1	4027
Amire80	378	41	0	0	5	2	1	36	4	1	0	1	469
Amophar	0	0	0	0	1	0	0	0	0	0	0	0	1
Amorymeltzer	4245	76	5	0	40	7	4	414	8	23	0	47	4869
Ams80	12	0	0	0	0	0	0	0	0	0	0	0	12
Anas Salloum	665	5	0	0	1	0	0	351	2	0	0	0	1024
Ancheta Wis	15	2	0	0	1	0	0	5	0	0	0	0	23
AndonicO	374	28	0	0	291	30	45	1347	51	0	0	0	2166
Andre Engels	2	0	0	0	0	0	0	1	0	0	0	0	3
Andres	3	4	0	0	1	0	0	0	0	0	0	0	8
Andrevan	706	90	0	0	21	11	0	89	28	1	1209	64	2219
Andrew Levine	718	15	0	0	19	2	0	34	6	0	0	0	794
Andrew Norman	48	1	0	0	27	2	0	75	7	0	0	0	160
Andrew Yong	24	7	0	0	0	0	0	0	0	0	0	0	31
Andrew c	1437	65	3	0	37	3	1	125	8	2	0	2	1683
Andrewa	85	6	0	0	0	0	0	0	0	0	0	0	91
Andris	17	0	0	0	0	0	0	0	0	0	0	0	17
Android79	3349	27	0	0	56	13	0	260	29	0	0	0	3734
Andrwsc	7825	100	0	0	69	54	9	121	1	1	0	0	8180
AndyZ	911	12	0	0	0	0	0	113	4	0	0	0	1040
AnemoneProjectors	1392	117	7	0	150	53	9	229	2	14	0	0	1973
Anetode	9293	343	0	0	258	14	8	1261	61	0	0	8	11246
AngelOfSadness	1037	2	0	0	44	2	5	134	14	1	0	0	1239
Angela	2316	43	0	0	5	2	0	59	30	0	158	7	2620
Angelo.romano	1052	118	0	0	136	18	12	86	2	2	0	0	1426
Angr	34445	214	2	0	211	52	32	795	29	3	0	0	35783
Angusmclellan	19059	206	0	0	13	2	1	67	8	1	0	17	19374
AniMate	246	7	0	0	17	2	1	103	11	7	0	1	395
Animum	1925	276	2	0	225	29	54	1711	319	4	0	28	4573
AnonEMouse	146	26	0	0	30	4	2	122	9	0	0	0	339
Anonymous Dissident	1455	25	0	0	381	33	57	501	14	5	661	63	3195
Anonymous editor	481	1	0	0	57	16	0	431	32	0	0	0	1018
Antandrus	7482	27	4	0	430	57	39	5524	354	63	0	3	13983
Anthere	38	1	0	0	4	4	0	4	2	0	0	2	55
Anthony Appleyard	27444	4160	0	0	84	9	18	1	0	0	0	0	31716
Anthony.bradbury	15740	73	0	0	69	3	4	1697	39	34	0	2	17661
AntiAbuseBot	50	0	0	0	0	0	46	1042	2	20	0	0	1160
AntonioMartin	9	5	0	0	7	3	0	5	18	0	0	0	47
Apokryltaros	0	0	0	0	1	0	0	0	0	0	0	0	1
Appraiser	323	6	0	0	5	0	0	1	0	0	0	0	335
Aqwis	223	29	0	0	75	6	29	54	2	0	0	8	426
Aranel	1087	18	0	0	13	0	0	24	3	0	0	0	1145
Arbitrarily0	1314	184	0	0	9	0	2	0	0	0	0	114	1623
Arcadian	243	27	0	0	32	1	0	76	4	0	0	0	383
Archtransit	5	2	0	0	13	2	1	17	15	0	0	0	55
Arctic.gnome	290	67	0	0	19	4	1	25	1	0	0	2	409
Aris Katsaris	6	0	0	0	1	0	0	0	0	0	0	0	7
Arjun01	557	6	0	0	117	23	0	402	14	1	0	0	1120
Arminius	130	1	0	0	7	3	0	14	2	0	0	0	157
ArnoldReinhold	247	2	0	0	7	2	2	6	1	1	0	0	268
Arsenikk	3	0	0	0	0	0	0	0	0	0	0	0	3
Art LaPella	72	2	0	0	0	0	0	0	0	0	0	0	74
Arthur Rubin	483	50	10	0	44	10	5	387	49	11	0	2	1051
Aruk Besadii Aora	0	0	0	0	2	0	0	0	0	0	0	0	2
Arvindn	17	0	0	0	1	1	0	0	0	0	0	0	19
Arwel Parry	148	8	0	0	39	8	0	673	39	1	0	0	916
Asbestos	72	2	0	0	0	0	0	25	3	0	0	0	102
Asterion	95	7	0	0	69	8	3	122	15	0	0	0	319
AstroNomer	0	0	0	0	0	0	0	1	0	0	0	0	1
Atama	1413	16	0	0	8	2	0	60	6	3	0	0	1508
Athaenara	40330	173	0	0	20	2	2	31	6	0	0	0	40564
Atlant	92	1	0	0	11	0	0	573	20	2	0	0	699
AuburnPilot	3012	223	6	0	510	68	53	1144	140	25	0	20	5201
Audacity	22	2	0	0	2	1	0	1	1	0	0	0	29
Aude	1173	39	0	0	47	11	5	516	17	0	0	2	1810
Auntof6	0	0	0	0	0	0	0	0	0	0	0	1	1
Ausir	24	2	0	0	0	0	0	1	0	0	0	0	27
Avraham	1465	149	65	206	193	41	19	1154	125	73	463	103	4056
Awiseman	19	2	0	0	15	0	0	9	0	0	0	0	45
Awolf002	13	0	0	0	0	0	0	2	0	0	0	0	15
AxelBoldt	42	6	0	0	8	1	0	0	0	0	0	0	57
AzaToth	1683	124	5	0	119	40	31	164	26	1	0	8	2201
B	14471	228	19	0	312	28	33	844	102	7	0	13	16057
BD2412	4165	2334	1	0	50	15	3	220	24	2	0	0	6814
BOZ	19	141	0	0	38	3	7	2	0	0	0	0	210
Babajobu	297	2	0	0	1	1	0	19	3	0	0	0	323
Baboon Faceless	0	0	0	0	2	0	0	0	0	0	0	0	2
Backslash Forwardslash	4355	92	0	0	89	4	12	403	6	61	0	7	5029
Balloonman	309	15	0	0	14	2	2	52	8	4	0	2	408
Banes	62	7	0	0	2	0	0	158	2	0	0	0	231
Banno	10	5	0	0	9	2	0	50	2	0	0	0	78
BanyanTree	2046	66	0	0	204	245	4	409	11	0	0	0	2985
Barek	13	2	0	0	4	0	1	26	0	1	0	0	47
Barneca	1231	47	0	0	110	11	14	1013	46	19	0	1	2492
Barneca sock 1	0	0	0	0	1	0	0	0	0	0	0	0	1
BaronLarf	211	26	0	0	26	1	1	190	1	2	0	0	458
Bastique	361	93	8	1	48	8	5	121	51	0	10	51	757
Bazonka	0	0	0	0	1	0	0	0	0	0	0	0	1
Bbatsell	391	9	0	0	18	2	0	350	18	0	0	0	788
Bcorr	131	8	0	0	9	1	0	67	10	0	2	1	229
Bdesham	26	0	0	0	3	0	0	0	0	0	0	0	29
Bduke	261	18	0	0	26	8	3	27	0	0	0	0	343
Bearcat	4823	259	0	0	128	9	6	84	8	2	0	0	5319
Bearian	1355	21	0	0	272	4	4	704	35	2	0	1	2398
Bedford	9	3	0	0	50	0	4	5	2	0	0	0	73
Beeblebrox	3382	22	9	0	541	13	63	1171	123	157	0	4	5485
Beetstra	828	90	1	0	107	21	15	517	32	13	0	1	1625
Bel123456	0	0	0	0	1	0	0	0	0	0	0	0	1
Beland	197	1	0	0	14	12	1	11	0	0	0	0	236
Bellhalla	22	2	0	0	0	0	0	0	0	0	0	0	24
Ben MacDui	543	6	0	0	4	0	0	13	1	0	0	0	567
Bencherlite	4383	120	6	0	198	5	14	584	10	12	0	14	5346
Berig	28	0	0	0	2	0	2	10	0	0	0	1	43
Betacommand	7463	46	0	0	76	379	0	3297	120	0	0	0	11381
Bettia	452	11	0	0	14	1	0	6	1	1	0	0	486
Bhadani	1302	7	0	0	95	19	1	478	10	0	0	0	1912
Bibliomaniac15	4094	26	0	0	230	33	21	1413	23	5	892	61	6798
BigHaz	3184	2	0	0	8	6	0	33	2	0	0	0	3235
BigrTex	960	10	0	0	2	0	0	1	0	0	0	0	973
Bigtimepeace	504	8	0	0	2	1	1	81	4	2	0	1	604
Bill	0	0	0	0	1	0	0	0	0	0	0	0	1
Billinghurst	1154	6	0	0	3	0	0	4	1	3	0	1	1172
BillyH	48	2	0	0	0	1	0	1	0	0	0	0	52
BirgitteSB	175	7	0	0	0	0	0	1	1	0	0	1	185
Bishonen	583	76	0	0	201	47	9	575	209	1	0	0	1701
Bishzilla	53	11	0	0	16	2	2	24	6	0	0	5	119
Bjarki S	92	0	0	0	2	1	0	41	4	0	0	0	140
Bjelleklang	642	7	0	0	4	0	3	12	2	0	0	0	670
Bkell	1298	13	0	0	1	0	0	2	0	0	0	0	1314
Bkonrad	768	117	0	0	3	0	0	148	2	0	0	0	1038
Black Falcon	5155	76	0	0	3	1	0	29	1	0	0	0	5265
Black Kite	5864	173	5	0	447	53	62	1465	109	43	0	15	8236
Blankfaze	386	1	0	0	3	2	0	7	1	0	0	0	400
Blood Red Sandman	686	6	0	0	5	0	0	284	12	7	0	1	1001
Blubberboy92	0	0	0	0	1	0	0	0	0	0	0	0	1
Blueboy96	1594	26	0	0	252	5	33	3195	130	173	0	0	5408
Bluemoose	10610	47	0	0	27	10	0	93	18	0	0	0	10805
Blurpeace	230	10	8	0	1	2	0	19	1	0	0	2	273
Bmicomp	404	2	0	0	6	4	0	38	11	0	0	0	465
Bob the Wikipedian	2	0	0	0	0	0	0	0	0	0	0	0	2
Bobak	231	12	0	0	160	6	9	753	11	11	0	0	1193
Bobet	4965	181	0	0	56	18	1	224	10	0	0	0	5455
Bobo192	4961	3	0	0	2	3	0	2	0	0	0	0	4971
Bogdangiusca	3164	66	0	0	28	10	1	108	13	0	0	0	3390
Bongwarrior	10063	64	4	0	512	16	128	4483	36	138	0	2	15446
Bonkers Bobcat	0	0	0	0	1	0	0	0	0	0	0	0	1
Bookofjude	650	27	0	0	29	5	0	85	9	0	0	0	805
Bopped Kia	0	0	0	0	1	0	0	0	0	0	0	0	1
BorgHunter	598	25	0	0	54	19	1	117	28	0	0	0	842
BorgQueen	4088	52	0	0	1248	133	50	3593	168	22	0	0	9354
Borisblue	248	1	0	0	14	39	0	92	8	0	0	0	402
Bovlb	23	2	0	0	14	1	0	28	2	0	0	0	70
BozMo	290	6	0	0	19	3	3	157	18	0	0	0	496
BradBeattie	294	0	0	0	6	0	0	118	3	0	0	0	421
BradPatrick	17	0	0	0	4	0	0	5	0	0	0	0	26
Bradeos Graphon	4878	19	0	0	65	19	3	1214	80	0	0	0	6278
Brandon	3892	77	1	0	109	39	26	770	35	44	0	19	5012
Bratsche	568	16	0	0	18	46	0	145	19	0	0	0	812
Brendanconway	955	23	0	0	26	8	0	87	14	0	0	0	1113
BrendelSignature	4	0	0	0	74	5	4	105	8	0	0	0	200
Brian	6	2	0	0	3	0	1	3	1	0	0	0	16
Brian Kendig	28	3	0	0	5	6	0	2	0	0	0	0	44
Brian0918	931	79	0	0	258	47	4	2144	109	1	0	0	3573
Brianga	2305	9	0	0	1	1	1	459	7	5	0	0	2788
Briangotts	138	7	0	0	1	0	0	7	0	0	0	0	153
Brighterorange	181	12	0	0	1	0	0	21	1	0	0	0	216
Brion VIBBER	192	9	0	0	12	0	1	27	11	0	0	4	256
Brockert	189	51	0	0	3	3	0	31	30	0	0	0	307
BrokenSegue	1363	11	0	0	62	67	0	153	40	0	0	0	1696
Brookie	3998	53	0	0	212	3	0	229	4	0	0	0	4499
BrownHairedGirl	1579	123	0	0	151	7	11	136	17	4	0	0	2028
Bryan Derksen	828	324	0	0	5	7	0	10	0	0	0	2	1176
Bubba hotep	3283	70	9	0	57	3	7	1027	12	25	0	8	4501
Buchanan-Hermit	514	18	0	0	28	6	0	452	20	0	0	0	1038
Bucketsofg	648	22	0	0	66	6	0	224	8	0	0	0	974
Buckshot06	344	4	0	0	8	0	1	11	0	1	0	0	369
Bumm13	843	39	0	0	6	1	0	32	4	2	0	5	932
Bunchofgrapes	738	10	0	0	62	44	0	203	37	0	0	0	1094
Burgundavia	1105	0	0	0	4	0	0	1	0	0	0	0	1110
Burstorder	0	0	0	0	2	0	0	0	0	0	0	0	2
Butseriouslyfolks	5143	83	0	0	36	3	1	137	15	0	0	0	5418
Bwilkins	3896	12	1	0	56	1	3	72	52	61	0	3	4157
C-3PO	0	0	0	0	3	0	0	0	0	0	0	0	3
C.Fred	9777	81	7	0	248	6	8	1775	37	29	0	0	11968
C12H22O11	1351	5	0	0	49	8	0	47	7	0	0	0	1467
CALR	29	0	0	0	0	0	0	1	0	0	0	0	30
CAT:TEMP deletion bot	2120	0	0	0	0	0	0	0	0	0	0	0	2120
CBDunkerson	3500	64	0	0	683	49	0	30	22	0	0	1	4349
CBM	4376	143	0	0	243	100	24	68	28	2	0	59	5043
CIreland	1531	42	10	0	200	14	26	429	18	15	0	1	2286
CJ	1929	79	0	0	112	22	3	277	18	0	0	2	2442
CJCurrie	401	19	0	0	126	8	2	127	13	0	0	0	696
CJLL Wright	1867	30	0	0	59	3	7	253	4	0	0	0	2223
CLW	13924	54	0	0	3	0	0	26	0	0	0	0	14007
CMBJ	0	0	0	0	1	0	0	0	0	0	0	0	1
COGDEN	60	16	0	0	2	0	0	4	0	1	0	0	83
CRGreathouse	12	0	0	0	0	0	0	1	1	1	0	0	15
CSTAR	58	5	0	0	6	3	0	93	3	0	0	0	168
CT Cooper	944	331	10	0	350	67	96	333	33	33	0	23	2220
CYD	1	0	0	0	1	0	0	0	0	0	0	0	2
Cactus.man	592	17	0	0	61	34	0	178	10	0	0	0	892
CactusWriter	1725	117	0	0	23	2	0	59	4	6	0	4	1940
Cacycle	187	11	0	0	26	2	1	13	1	0	0	1	242
Cailil	120	3	0	0	33	0	2	60	12	0	0	0	230
Caknuck	2127	9	0	0	287	39	53	802	12	9	0	0	3338
Calliopejen1	3007	90	0	0	12	3	0	7	0	0	0	0	3119
Calmer Waters	9923	2	3	0	39	0	0	193	3	5	0	73	10241
Caltrop	58	22	0	0	0	0	0	7	3	0	0	0	90
CambridgeBayWeather	15761	278	1	0	233	19	143	1071	24	8	0	0	17538
Camembert	12	2	0	0	0	1	0	0	0	0	0	0	15
Camw	465	15	4	0	11	0	1	184	0	8	0	0	688
Can't sleep, clown will eat me	9514	230	0	0	3000	125	133	32088	586	0	0	0	45676
Canadian Paul	1043	34	0	0	18	5	1	24	3	0	0	0	1128
Canadian-Bacon	426	2	0	0	16	3	0	232	5	0	0	0	684
CanadianCaesar	3505	62	0	0	53	14	0	1084	85	0	0	0	4803
Canderson7	1183	11	0	0	18	13	1	220	2	0	0	0	1448
Canley	902	11	0	0	1	1	0	4	0	0	0	0	919
Canterbury Tail	1889	7	0	0	92	8	10	438	23	13	0	0	2480
Cantthinkofagoodname	2	0	0	0	0	0	0	2	0	0	0	0	4
CapitalR	1667	162	0	0	19	7	0	49	1	1	0	1	1907
Capitalistroadster	620	1	0	0	3	0	0	23	3	0	0	0	650
Carabinieri	433	7	0	0	4	3	0	3	2	0	0	0	452
Carbonite	188	3	0	0	28	10	0	226	22	0	0	0	477
Carcharoth	40	78	0	0	2	3	1	1	2	0	0	0	127
Caribbean H.Q.	366	15	0	0	73	10	8	256	20	0	0	0	748
Carioca	2747	12	0	0	7	1	1	9	0	0	0	0	2777
Carlosguitar	2924	20	0	0	30	1	3	166	11	0	0	0	3155
Carlossuarez46	10576	129	0	0	27	2	0	66	6	1	0	0	10807
Carnildo	2391	98	0	0	95	18	2	62	21	0	0	3	2690
Cary Bass	4	3	14	17	5	1	1	1	2	0	2	0	50
Casliber	124	90	12	0	195	11	34	113	6	0	0	9	594
Catbar	28	0	0	0	2	1	0	11	0	0	0	0	42
CatherineMunro	69	13	0	0	0	0	0	3	3	0	0	0	88
Catrope	0	0	0	0	0	0	0	0	0	0	0	2	2
CattleGirl	908	12	0	0	19	3	1	42	7	0	0	0	992
Caulde	2522	84	0	0	423	28	54	892	36	0	0	78	4117
Causa sui	1715	40	0	0	91	53	20	258	17	3	0	1	2198
Cbl62	17	1	0	0	6	0	0	0	0	0	0	0	24
Cbrown1023	3423	77	0	0	404	73	7	206	32	0	0	8	4230
Cburnett	48	18	0	0	6	2	0	14	5	0	0	0	93
Cdc	2188	10	0	0	10	9	0	21	2	0	0	0	2240
Cecropia	39	3	0	0	36	5	0	6	6	0	215	334	644
Cedrus-Libani	101	4	0	0	1	0	0	0	0	0	0	0	106
Celestianpower	735	9	0	0	19	3	0	170	70	0	0	0	1006
Cenarium	1802	81	2	0	374	143	196	135	4	6	0	34	2777
Centrx	17225	405	0	0	1005	947	13	1334	212	0	0	0	21141
Ceranthor	38	2	0	0	0	0	0	1	0	0	0	0	41
CesarB	3606	141	0	0	123	49	0	942	212	0	0	0	5073
Ceyockey	1779	48	0	0	4	0	0	15	2	0	0	0	1848
Chadloder	0	0	0	0	0	0	0	6	0	0	0	0	6
Chairboy	5162	13	0	0	69	8	0	189	14	0	0	0	5455
Chamal N	149	4	0	0	81	5	23	82	2	2	0	5	353
Chancemill	0	0	0	0	1	1	0	2	0	0	0	0	4
Charles Matthews	1951	36	0	0	5	1	0	135	20	0	0	0	2148
Chase me ladies, I'm the Cavalry	2939	74	14	0	470	27	53	908	37	16	0	1	4539
Chaser	2284	107	2	0	321	45	39	871	121	11	0	10	3811
Ched Davis	118	9	0	0	4	0	0	11	4	0	0	4	150
Chell and the cake	0	0	0	0	2	0	0	0	0	0	0	0	2
Chessnotator1967	0	0	0	0	1	0	0	0	0	0	0	0	1
Chick Bowen	4711	213	0	0	82	15	5	140	30	0	0	1	5197
Chillum	1494	27	0	0	61	12	7	740	52	76	0	10	2479
Chmod007	13	2	0	0	2	0	0	1	1	0	0	0	19
Chochopk	27	37	0	0	1	0	0	2	1	0	0	0	68
Choess	12	8	0	0	0	0	0	0	0	0	0	0	20
Cholmes75	4621	10	0	0	26	0	0	112	3	0	0	0	4772
Chris 73	1934	15	0	0	63	8	1	714	30	3	0	0	2768
Chris G	6911	172	0	0	252	15	38	2944	70	232	0	11	10645
Chris Roy	3	0	0	0	0	0	0	1	0	0	0	0	4
ChrisGriswold	1126	16	0	0	51	8	0	210	21	0	0	0	1432
ChrisO	2405	22	0	0	337	63	35	757	39	3	0	1	3662
ChrisTheDude	753	19	0	0	6	1	0	20	2	0	0	0	801
Chrislk02	4106	61	0	0	134	21	8	1632	91	12	0	5	6070
Christopher Mahan	38	5	0	0	0	0	0	0	0	0	0	0	43
Christopher Parham	747	10	0	0	4	2	0	24	1	0	0	0	788
Christopher Sundita	62	39	0	0	9	4	0	17	2	0	0	0	133
Chuck SMITH	0	1	0	0	0	0	0	0	0	0	0	0	1
Chunky Rice	342	1	0	0	4	3	0	31	2	0	0	0	383
Chuq	217	19	0	0	13	2	1	93	6	0	0	0	351
CieloEstrellado	0	0	0	0	1	0	0	0	0	0	0	0	1
Cimon Avaro	235	10	0	0	2	5	1	4	0	0	6	5	268
Circeus	1747	8	0	0	50	27	0	155	13	0	0	0	2000
Cirt	17522	148	0	0	884	21	160	5954	39	27	0	2	24757
Citicat	719	19	0	0	24	1	0	36	4	0	0	0	803
Ck lostsword	308	4	0	0	13	1	5	308	16	0	0	0	655
Ckatz	1457	66	80	0	209	6	53	1002	18	31	0	4	2926
Clarkk	23	0	0	0	0	1	0	0	0	0	0	0	24
Cleared as filed	1346	19	0	0	0	0	0	53	2	0	0	0	1420
Climie.ca	0	0	0	0	2	1	0	13	1	1	0	1	19
ClockworkLunch	20	4	0	0	11	1	0	4	0	0	0	0	40
ClockworkSoul	759	46	0	0	39	7	4	221	19	4	0	0	1099
Closedmouth	23169	168	0	0	104	4	14	1780	43	79	0	43	25404
CloudNine	424	15	0	0	24	1	2	32	2	0	0	0	500
ClueBot	0	0	0	0	1	0	0	0	0	0	0	0	1
Cnwb	661	11	0	0	0	0	0	23	2	0	0	0	697
Cobaltbluetony	7283	93	0	0	449	24	9	469	22	5	0	0	8354
Cobi	51	0	0	0	2	0	0	4	1	0	0	1	59
Coelacan	1194	30	0	0	85	10	1	845	53	0	0	0	2218
Coffee	1414	180	1	0	180	10	119	410	15	90	0	11	2430
Coffeedrinker87	0	0	0	0	1	0	0	0	0	0	0	0	1
Cohesion	6799	46	0	0	2	18	1	3	0	0	0	0	6869
Colds7ream	138	9	0	0	2	1	0	2	0	0	0	2	154
Commander Keane	4788	229	0	0	41	22	0	150	29	0	0	1	5260
Conscious	13449	65	0	0	2	2	0	56	0	0	0	0	13574
Consumed Crustacean	738	23	0	0	46	3	1	354	36	1	0	0	1202
Conti	464	45	0	0	12	38	3	73	3	0	0	1	639
Cool Hand Luke	944	574	0	0	65	12	20	95	17	0	0	0	1727
Cool3	35	0	0	0	3	2	0	22	1	2	0	3	68
Coralmizu	168	2	0	0	23	1	2	47	2	1	0	0	246
Coredesat	11148	136	0	0	235	25	11	494	60	0	0	0	12109
Coren	865	23	41	1	56	7	7	200	40	6	0	1	1247
Courcelles	851	10	26	0	134	0	41	429	0	16	0	3197	4704
Cowman109	433	36	0	0	101	43	4	360	44	0	0	0	1021
Craigy144	3099	11	0	0	8	3	1	38	0	0	0	1	3161
Crazycomputers	497	8	0	0	54	15	7	728	48	3	0	3	1363
Crazytales	162	15	0	0	19	1	2	117	18	0	0	0	334
Cremepuff222	176	6	0	0	3	2	1	98	5	0	0	0	291
Croat Canuck	83	3	0	0	1	1	0	5	1	0	0	0	94
Crum375	187	18	1	0	97	7	24	289	13	2	0	0	638
Cryptic	9383	238	0	0	136	15	1	322	21	0	0	0	10116
CryptoDerk	1091	1	0	0	67	9	0	1014	45	0	0	0	2227
Crzrussian	5139	133	0	0	156	28	0	150	13	0	0	0	5619
Cuchullain	381	79	0	0	14	1	3	40	0	0	0	0	518
Curps	5148	166	0	0	461	101	0	26558	1065	0	0	0	33499
Cutler	69	0	0	0	0	0	0	7	0	0	0	0	76
CyborgTosser	2	0	0	0	0	0	0	0	0	0	0	0	2
Cyde	19101	111	0	0	258	32	2	830	168	0	0	0	20502
Cydebot	26319	0	0	0	0	0	0	0	0	0	0	0	26319
Cyp	3	0	0	0	0	0	0	0	0	0	0	0	3
Cyrius	1637	102	0	0	30	13	0	72	8	0	0	0	1862
D. Recorder	172	18	0	0	2	0	0	34	2	0	0	0	228
DDima	540	9	0	0	1	0	0	1	0	0	0	0	551
DESiegel	1562	194	0	0	11	2	0	44	30	1	0	1	1845
DGG	11147	254	1	0	306	8	12	121	10	7	0	1	11867
DJ Clayworth	6701	35	0	0	40	11	2	367	18	6	0	0	7180
DMacks	6353	63	11	0	346	13	69	1133	12	109	0	1	8110
DO11.10	418	28	2	0	2	0	0	5	1	0	0	2	458
DVD R W	6129	53	0	0	54	17	7	962	21	0	0	3	7246
DYKUpdateBot	291	0	0	0	0	0	0	0	0	0	0	0	291
DaGizza	1096	1	0	0	8	4	1	55	3	0	0	0	1168
Dale Arnett	69	1	0	0	2	0	0	4	0	0	0	0	76
Dan100	294	16	0	0	18	12	0	186	44	0	0	0	570
DanKeshet	104	1	0	0	6	0	0	2	0	0	0	0	113
DanMS	65	0	0	0	2	1	0	0	0	0	0	0	68
Danaman5	287	4	0	0	6	0	0	4	4	0	0	2	307
Daniel	4972	269	7	0	636	42	66	572	76	4	0	13	6657
Daniel Case	2527	38	31	169	319	16	8	5857	184	47	0	17	9213
Daniel J. Leivick	775	7	0	0	19	1	0	86	5	2	0	0	895
Daniel Olsen	711	1	0	0	10	0	0	84	2	0	0	0	808
Daniel Quinlan	54	3	0	0	0	2	0	2	0	0	0	0	61
DanielCD	243	1	0	0	15	11	0	37	2	0	0	0	309
Dank	11712	94	0	0	139	7	1	3294	13	18	0	1	15279
Danny	1076	126	0	0	26	9	0	105	29	0	4	7	1382
Dannyisme	5	0	0	0	4	0	0	2	2	0	0	0	13
Dante Alighieri	683	18	0	0	20	17	3	180	29	0	0	0	950
DarkFalls	2751	147	1	0	310	38	81	880	48	15	0	7	4278
Darkoneko	4	0	3	0	0	0	0	1	0	0	1	0	9
Darthgriz98	250	4	0	0	5	0	0	115	2	0	0	0	376
Darwinek	2325	14	0	0	78	6	2	199	6	0	0	0	2630
Dave souza	79	3	0	0	14	2	0	572	20	5	0	0	695
Davemeistermoab	5	0	0	0	1	0	1	5	1	0	0	1	14
Davewild	3091	40	0	0	3	3	0	387	1	0	0	0	3525
Daveydweeb	134	1	0	0	2	0	0	4	1	0	0	0	142
David D.	26	4	0	0	12	1	5	11	2	1	0	0	62
David Eppstein	2458	39	0	0	39	7	3	56	3	3	0	0	2608
David Fuchs	1053	35	2	0	77	6	13	94	8	0	0	2	1290
David Gerard	527	43	1	0	71	7	1	1478	358	0	0	3	2489
David Kernow	635	5	0	0	45	0	0	0	0	0	0	0	685
David Levy	996	128	0	0	252	58	3	150	10	6	0	7	1610
David Newton	54	3	0	0	4	0	0	12	12	0	0	0	85
David.Monniaux	523	60	0	0	100	13	0	222	30	3	0	0	951
DavidLevinson	35	52	0	0	9	0	0	9	0	0	0	0	105
DavidWBrooks	1204	1	0	0	14	2	2	95	0	0	0	0	1318
Davidcannon	155	58	0	0	31	4	0	137	26	1	0	0	412
Davidgothberg	110	61	0	0	214	8	49	28	7	2	0	3	482
Davidruben	35	0	0	0	7	1	1	80	2	0	0	0	126
Davodd	192	29	0	0	3	3	1	25	1	0	0	0	254
Dbachmann	457	32	2	0	145	41	23	208	20	1	0	0	929
Dbenbenn	6086	109	0	0	260	583	0	26	7	0	0	0	7071
Dcoetzee	349	46	1	0	10	4	0	51	11	0	0	1	473
Ddstretch	13	0	0	0	20	5	6	207	20	6	0	0	277
Deacon of Pndapetzim	625	23	0	0	31	3	3	172	13	13	0	34	917
DeadEyeArrow	934	14	0	0	26	5	0	199	6	0	0	0	1184
Deathphoenix	1168	49	0	0	17	5	0	420	80	0	0	0	1739
Deb	13832	62	0	0	27	2	0	338	4	1	0	0	14266
Deckiller	1228	35	0	0	80	14	2	300	46	0	0	0	1705
Decltype	2100	65	3	0	10	2	2	206	8	13	0	19	2428
Decumanus	42	0	0	0	3	0	0	12	0	0	0	0	57
Deiz	955	16	0	0	163	8	3	392	20	0	0	0	1557
Dekimasu	1154	63	0	0	16	1	0	20	6	7	0	1	1268
Delirium	3470	23	0	0	20	11	0	306	18	0	0	0	3848
Delldot	1971	30	0	0	16	6	1	608	9	0	0	0	2641
Deltabeignet	836	1	0	0	5	6	0	130	2	0	0	0	980
Demi	151	32	0	0	2	1	0	51	17	0	0	0	254
Denelson83	1137	18	0	0	58	12	11	39	6	0	0	0	1281
Denni	2324	30	0	0	23	3	0	5	0	0	0	0	2385
Department of Redundancy Department	226	7	6	0	23	0	4	352	3	25	0	54	700
DerHexer	134630	44	9	0	95	3	9	5848	39	4	0	22	140703
Derek Ross	523	11	0	0	15	4	3	2	0	0	0	0	558
Deryck Chan	1	1	0	0	1	2	0	1	0	0	0	0	6
Deskana	1451	87	73	0	221	79	23	1203	116	55	342	194	3844
Deville	1015	6	0	0	16	1	0	205	4	3	0	0	1250
Dfrg.msc	37	1	0	0	0	0	0	7	0	0	0	0	45
Dgies	575	29	0	0	27	4	3	223	18	0	0	2	881
Dgrant	0	0	0	0	1	0	0	0	0	0	0	0	1
Diberri	129	3	0	0	3	1	0	5	0	0	0	0	141
Dieter Simon	3	0	0	0	41	0	3	0	0	0	0	0	47
Dijxtra	135	6	0	0	13	6	0	36	4	0	0	0	200
Dina	3371	18	0	0	49	1	0	273	5	0	0	0	3717
Dino	24	0	0	0	0	0	0	0	0	0	0	0	24
Dinoguy1000	116	5	0	0	45	1	4	7	1	0	0	1	180
Discospinster	17484	386	21	0	155	10	12	1268	6	7	0	0	19349
Djsasso	1155	210	7	0	52	7	6	375	10	2	0	8	1832
Dlohcierekim	5999	143	0	0	181	10	19	559	40	20	0	1	6972
Dmn	35	1	0	0	10	4	0	12	15	0	0	0	77
Doc glasgow	4087	123	0	0	370	42	11	1060	83	0	0	42	5818
Docu	1175	62	0	0	123	2	9	11	5	0	0	2	1389
Doczilla	73	5	0	0	9	6	0	90	8	0	0	0	191
Dominic	13284	64	47	202	82	186	2	3407	637	32	0	35	17978
DonCalo	0	0	0	0	1	0	0	0	0	0	0	0	1
Donald Albury	1157	3	0	0	7	2	2	118	4	0	0	0	1293
DoomsDay349	222	4	0	0	2	0	0	0	0	0	0	0	228
Dori	11	0	0	0	0	0	0	2	2	0	0	0	15
Doug	421	50	0	0	20	135	8	24	3	11	0	6	678
Doug Bell	2427	36	0	0	29	12	0	25	3	0	0	0	2532
Dougweller	387	8	4	0	229	16	41	1355	22	40	0	1	2103
Dpbsmith	133	4	0	0	3	2	0	17	0	0	0	0	159
Dppowell	5	1	0	0	6	1	0	116	6	0	0	0	135
DrBob	17	1	0	0	0	0	0	7	0	0	0	0	25
DrKiernan	1489	35	3	0	48	6	6	157	10	0	0	0	1754
DragonflySixtyseven	31272	389	17	0	367	37	11	4703	189	200	0	202	37387
Dragons flight	616	66	0	0	115	35	2	117	28	0	0	1	980
Dravecky	944	11	0	0	106	5	1	11	0	0	0	0	1078
Dreadstar	1036	84	6	0	274	12	16	1961	96	5	0	0	3490
Drilnoth	15939	58	0	0	53	2	13	0	0	0	0	6	16071
Drini	9606	93	0	0	179	38	1	4463	234	1	0	8	14623
DropDeadGorgias	340	3	0	0	24	1	0	90	5	0	0	0	463
Dsmdgold	819	11	0	0	3	0	0	3	0	0	0	0	836
Duja	875	136	0	0	20	9	2	72	9	0	0	0	1123
Duk	3834	30	0	0	61	15	2	129	25	0	0	1	4097
Dumelow	27	2	0	0	24	1	0	0	0	0	0	0	54
Duncharris	986	57	0	0	47	10	0	92	20	0	0	0	1212
Durin	2448	7	0	0	28	13	0	168	15	0	0	0	2679
Durova	24	1	0	0	211	37	11	388	66	0	0	0	738
Dustimagic	216	2	0	0	4	2	0	50	8	1	0	0	283
Dvyost	56	0	0	0	0	0	0	11	1	0	0	0	68
Dweller	1692	31	3	0	117	2	5	306	10	0	328	11	2505
Dysprosia	154	6	0	0	3	1	0	97	11	0	0	0	272
ERcheck	2944	9	0	0	66	10	0	1002	29	1	0	0	4061
ESkog	11336	76	2	0	126	22	4	904	108	3	0	0	12581
EVula	2371	95	9	24	155	20	13	930	28	1	481	43	4170
EWS23	643	3	0	0	7	2	0	136	11	0	0	0	802
Earl Andrew	114	36	0	0	29	7	0	72	12	0	0	0	270
Earle Martin	284	11	0	0	9	2	1	33	2	0	0	0	342
East718	226060	1912	0	0	5654	1632	291	3533	1007	16	0	32	240137
Ed Poor	73	13	0	0	35	32	0	71	28	0	10	16	278
Ed g2s	3051	69	0	0	30	27	2	50	5	0	0	0	3234
EdJohnston	944	29	0	0	624	29	73	895	54	23	0	4	2675
Edcolins	32	5	0	0	2	2	0	2	0	0	0	0	43
Edgar181	44971	272	474	0	561	20	19	17877	186	228	0	24	64632
Edison	890	26	0	0	4	1	1	193	3	3	0	0	1121
Edokter	1372	36	0	0	33	14	22	46	5	1	0	1	1530
Edward	372	0	0	0	1	0	0	21	3	0	0	0	397
Edward Z. Yang	12	0	0	0	3	0	0	8	1	0	0	0	24
EdwinHJ	572	4	0	0	14	4	1	23	7	0	0	0	625
Efe	1618	5	0	0	11	1	3	164	0	2	0	1	1805
Egil	61	0	0	0	1	0	0	214	3	0	0	0	279
Either way	5498	37	1	0	161	10	9	889	43	9	0	7	6664
El C	1717	52	0	0	637	58	24	2996	116	0	0	3	5603
Eleassar	162	32	0	0	6	0	0	3	0	0	0	0	203
Electionworld	1285	33	0	0	1	0	0	0	0	0	0	0	1319
Elf	138	14	0	0	0	0	0	0	0	0	0	0	152
Elf-friend	465	1	0	0	17	0	0	15	0	0	0	0	498
ElinorD	7274	69	0	0	60	1	5	254	15	0	0	0	7678
Eliz81	960	48	0	0	93	0	19	229	4	0	0	1	1354
Elkman	5946	12	0	0	45	5	4	404	29	0	0	0	6445
Ellsworth	18	0	0	0	0	0	0	1	0	0	0	0	19
Elockid	120	12	22	0	200	4	52	1544	5	101	0	0	2060
Elonka	1306	21	0	0	47	13	2	533	26	8	0	0	1956
Eloquence	126	5	0	0	8	5	0	29	10	0	0	1	184
Eluchil404	1029	77	0	0	6	1	1	13	0	0	0	0	1127
Emperor	55	40	0	0	3	0	0	1	1	0	0	0	100
EncMstr	614	56	0	0	249	115	34	1154	24	21	0	1	2268
Encephalon	92	22	0	0	27	6	0	28	36	0	0	0	211
Enchanter	14	0	0	0	1	3	0	2	0	0	0	0	20
EncycloPetey	130	16	0	0	70	0	3	35	2	0	0	0	256
Enigmaman	929	13	0	0	494	7	126	1208	16	228	0	2	3023
Enochlau	17605	26	0	0	72	20	1	56	4	0	0	0	17784
Epbr123	2653	8	0	0	9	0	1	635	7	3	0	1	3317
Erdem Tüzün	0	0	0	0	2	0	0	0	0	0	0	0	2
Ericorbit	206	7	0	0	226	5	11	346	0	6	0	0	807
Esanchez7587	2535	3	0	0	70	4	7	268	1	2	0	0	2890
Espresso Addict	327	9	0	0	5	1	0	2	0	0	0	14	358
Esprit15d	389	9	0	0	9	2	0	1	0	0	0	0	410
Essexmutant	19	0	0	0	1	0	0	7	1	0	0	0	28
Essjay	1806	171	0	0	218	23	0	1236	248	0	715	102	4519
Esteffect	793	24	0	0	17	6	0	96	21	0	0	0	957
Eugene van der Pijll	971	54	0	0	9	3	0	8	1	0	0	0	1046
EurekaLott	771	69	0	0	19	1	0	39	0	0	0	0	899
Euryalus	1107	10	2	0	59	2	11	355	8	16	0	3	1573
Eustress	321	0	0	0	0	1	0	0	0	1	0	0	323
Ev	162	20	0	0	6	0	0	2	0	0	0	0	190
EvanProdromou	0	0	0	0	0	0	0	1	0	0	0	0	1
Eventtable	0	0	0	0	1	0	0	0	0	0	0	0	1
Evercat	350	6	0	0	32	25	1	261	35	0	0	0	710
Everyking	1310	4	0	0	8	12	0	28	12	0	0	0	1374
Evil Monkey	1894	13	0	0	28	12	0	284	23	0	0	0	2254
Evil saltine	1514	41	12	0	25	9	2	608	23	20	0	3	2257
Evilphoenix	835	60	0	0	79	5	0	143	16	0	0	0	1138
Excirial	1176	10	7	0	54	3	11	529	24	38	0	7	1859
Explicit	25221	78	2	0	184	4	33	290	2	9	0	2	25825
Exploding Boy	1448	6	0	0	7	3	1	412	21	9	0	0	1907
Extransit	777	5	2	0	6	0	1	204	1	6	0	3	1005
Extraordinary Machine	343	142	0	0	14	5	0	178	28	0	0	0	710
Extreme Unction	543	22	0	0	26	2	0	26	4	0	0	0	623
Eye of the Mind	16	2	0	0	9	2	1	9	0	0	0	0	39
EyeEightDestroyerBot	2149	0	0	0	0	0	0	0	0	0	0	0	2149
EyeSerene	346	22	0	0	84	2	22	565	29	18	0	9	1097
Eyrian	633	23	0	0	33	3	0	40	1	0	0	0	733
Ezeu	914	30	0	0	38	35	4	125	9	0	0	0	1155
Ezhiki	1190	384	1	0	45	14	6	69	23	0	0	4	1736
FCYTravis	3479	174	0	0	158	46	19	192	31	0	0	0	4099
FT2	438	42	66	14	74	6	5	230	37	13	0	19	944
Fabrictramp	4788	129	0	0	219	5	22	125	3	6	0	0	5297
Faithlessthewonderboy	3326	69	0	0	201	1	1	457	3	5	0	1	4064
Falco McCloud	0	0	0	0	1	0	0	0	0	0	0	0	1
Fang Aili	29077	83	0	0	118	52	0	253	12	0	0	0	29595
Fantasy	18	4	0	0	4	2	1	1	0	0	0	0	30
Fastfission	194	11	0	0	9	6	2	160	20	0	0	0	402
Fastily	41969	393	9	0	240	9	55	1142	16	48	0	95	43976
Father Goose	6	3	0	0	0	0	3	2	1	0	0	2	17
Fawcett5	813	8	0	0	3	2	0	58	0	0	0	0	884
FayssalF	409	8	0	0	309	52	13	1310	85	1	0	0	2187
Feco	3	0	0	0	0	0	0	0	0	0	0	0	3
FeloniousMonk	17	13	0	0	29	4	0	143	20	0	0	0	226
Femto	370	4	0	0	30	7	0	288	9	0	0	0	708
Fences and windows	366	22	12	0	23	2	5	69	6	6	0	0	511
Fennec	18	3	0	0	5	3	0	30	3	0	0	0	62
Ferkelparade	589	3	0	0	2	1	0	38	0	1	0	0	634
Feydey	7516	43	0	0	76	19	10	199	4	3	0	0	7870
Filelakeshoe	235	7	0	0	8	2	3	80	4	1	0	8	348
Filiocht	851	2	0	0	3	5	0	36	0	0	0	0	897
Finlay McWalter	355	3	0	0	20	6	2	433	19	1	0	0	839
Fir0002	21	0	0	0	0	0	0	1	0	0	0	0	22
Firsfron	1619	10	7	0	167	7	7	298	32	0	0	1	2148
Fish and karate	9158	209	0	0	372	21	20	635	375	1	0	11	10802
FisherQueen	7532	19	0	0	327	7	12	1771	49	179	0	0	9896
Fishhead64	24	1	0	0	0	0	0	27	0	0	0	0	52
Fl	522	7	2	0	2150	3	21	129	2	4	0	16	2856
Flcelloguy	855	42	0	0	775	720	0	268	40	0	0	0	2700
FloNight	487	5	29	17	63	6	3	153	18	0	0	1	782
Flockmeal	146	1	0	0	1	0	0	14	0	0	0	0	162
Floquenbeam	276	19	5	0	49	7	13	397	16	49	0	4	835
Flowerparty	1957	59	0	0	19	3	0	29	0	0	0	0	2067
Flucky	0	0	0	0	1	0	0	0	0	0	0	0	1
Flyguy649	1737	27	0	0	252	12	35	1174	38	24	0	1	3300
FlyingToaster	59	1	0	0	0	1	0	1	0	2	0	2	66
Formeruser-81	44	0	0	0	21	3	0	25	20	0	0	0	113
Formeruser-82	199	24	0	0	45	24	0	121	25	0	0	0	438
Fox	1088	43	0	0	52	7	11	156	17	6	0	8	1388
Fram	9334	198	3	0	208	6	35	431	8	6	0	0	10229
Fran Rogers	14898	118	0	0	328	26	47	3920	822	2371	0	7	22537
Franamax	10	4	0	0	4	0	0	25	3	2	0	1	49
FrancisTyers	172	5	0	0	20	7	0	67	15	0	0	0	286
Francs2000	10097	74	0	0	122	17	0	574	21	0	0	12	10917
Frank	4874	47	0	0	52	2	6	224	10	6	0	6	5227
Frazzydee	384	15	0	0	65	34	0	29	13	1	0	6	547
Freakofnurture	9841	927	0	0	551	96	5	10422	1134	0	0	0	22976
Fred Bauder	184	48	320	7	114	32	1	336	232	59	0	44	1377
Fred J	1431	16	0	0	12	7	0	36	1	0	0	0	1503
Fredrik	209	3	0	0	1	0	0	40	1	0	0	0	254
Freestylefrappe	14	0	0	0	4	1	0	48	1	0	0	0	68
FreplySpang	6790	37	0	0	35	5	0	776	47	0	0	0	7690
Fribbler	551	4	0	0	10	0	3	3	2	1	0	2	576
Friday	9893	96	0	0	55	22	3	411	40	0	0	12	10532
Fritzpoll	1121	28	1	0	44	3	7	69	11	5	0	32	1321
Fropuff	28	1	0	0	2	0	0	2	0	0	0	0	33
Fuhghettaboutit	7358	159	2	0	211	10	0	423	9	18	0	5	8195
Func	9	0	0	0	14	1	0	1215	124	0	0	0	1363
Furrykef	110	11	0	0	0	1	0	1	0	0	0	0	123
Future Perfect at Sunrise	3930	181	0	0	538	52	44	1975	307	42	0	11	7080
Fuzheado	886	21	0	0	64	13	3	576	42	0	0	0	1605
Fvasconcellos	1685	122	0	0	223	19	49	166	7	2	0	3	2276
Fvw	2867	41	0	0	28	17	0	2226	3509	31	0	0	8719
Fys	802	7	0	0	29	13	0	168	40	0	0	0	1059
G-Man	112	33	0	0	10	5	0	12	1	0	0	0	173
G.A.S	71	5	1	0	1	0	0	1	0	0	0	0	79
GDonato	3037	34	0	0	298	19	13	434	38	2	0	11	3886
GRBerry	1667	195	0	0	53	20	1	113	10	0	0	0	2059
GTBacchus	4227	316	0	0	19	13	0	178	14	0	0	0	4767
Gabbe	641	0	0	0	1	1	2	22	3	0	0	0	670
Gadfium	2121	37	0	0	76	13	5	3334	183	8	0	10	5787
Gadget850	490	32	0	0	6	1	0	1	0	0	0	0	530
Gaillimh	27	13	0	0	13	2	0	35	7	0	0	0	97
Gaius Cornelius	20	0	0	0	1	0	0	71	3	0	0	0	95
Galwhaa	235	6	0	0	2	0	0	11	3	0	0	0	257
Gamaliel	1561	112	0	0	191	73	11	1111	169	8	0	0	3236
Ganeshk	943	134	0	0	11	7	0	20	10	0	0	0	1125
Garion96	13352	335	0	0	73	11	7	227	9	3	0	7	14024
Garzo	354	4	0	0	42	5	2	444	8	0	0	0	859
Gatoclass	131	2	0	0	52	28	1	1	0	0	0	0	215
Gator1	172	15	0	0	55	3	0	183	26	0	0	0	454
Gazimoff	327	3	0	0	5	2	1	73	2	1	0	2	416
Gdr	337	10	0	0	47	45	0	5	0	0	0	0	444
Ged UK	3847	40	2	0	899	23	142	454	2	26	0	3	5438
GeeJo	714	9	0	0	64	33	0	4	0	0	0	0	824
GeneralPatton	25	0	0	0	3	3	0	13	3	0	0	0	47
Geni	10237	313	12	0	185	103	6	458	90	0	0	6	11410
Geniac	202	0	0	0	61	17	3	480	4	0	0	0	767
Gentgeen	99	6	0	0	2	0	1	35	4	0	0	0	147
Geogre	5178	12	0	0	21	2	0	221	16	1	0	0	5451
Geometry guy	256	25	0	0	2	1	3	3	0	2	0	24	316
Georgewilliamherbert	74	120	0	0	209	5	22	1231	107	27	0	1	1796
Gerald Farinas	65	0	0	0	3	4	1	4	1	0	0	0	78
Geschichte	6925	85	0	0	3	0	0	19	6	0	0	0	7038
Getluv	0	0	0	0	1	0	0	0	0	0	0	0	1
Gilliam	1040	4	0	0	131	24	17	7031	15	11	0	0	8273
Gimmetrow	948	70	0	0	275	3	109	606	30	19	0	10	2070
Ginkgo100	963	17	0	0	38	13	0	527	14	0	0	2	1574
Gladys j cortez	5	0	0	0	24	2	2	86	4	7	0	0	130
GlassCobra	2589	67	0	0	83	8	11	1464	14	11	0	9	4256
Glen	1641	83	0	0	182	17	1	4516	198	0	0	0	6638
Gnangarra	1698	34	0	0	201	19	6	247	40	1	0	2	2248
Gnasher29	0	0	0	0	1	0	0	0	0	0	0	0	1
Goatasaur	16	2	0	0	1	1	0	2	0	0	0	0	22
Gogo Dodo	36999	119	16	0	885	7	122	4738	41	163	0	1	43091
Golbez	5728	85	0	0	224	81	20	1409	166	10	0	2	7725
Goldom	1941	7	0	0	8	0	0	50	4	0	0	0	2010
GoneAwayNowAndRetired	149	4	0	0	135	4	41	89	3	12	0	2	439
Gonzo fan2007	3778	80	0	0	405	38	66	240	21	0	0	9	4637
Good Olfactory	8828	440	0	0	59	16	3	90	7	5	0	0	9448
Goodnightmush	626	1	0	0	13	1	4	105	1	0	0	0	751
Goodoldpolonius2	1	0	0	0	4	2	0	27	0	0	0	0	34
Graeme Bartlett	7988	124	10	0	93	3	13	445	1	24	0	11	8712
GraemeL	971	6	0	0	59	28	2	1177	87	3	0	0	2333
Graft	3	1	0	0	1	1	2	0	0	0	0	0	8
Graham87	7007	11743	0	0	162	7	25	234	9	7	0	4	19198
GrahamColm	56	2	1	0	13	3	3	29	4	0	0	0	111
Grandmasterka	3063	37	0	0	119	12	2	530	30	1	0	3	3797
Grant65	6	5	0	0	2	1	0	3	0	0	0	0	17
Greeves	323	5	0	0	6	2	0	26	0	0	0	7	369
GregAsche	239	1	0	0	13	17	0	152	9	0	0	0	431
GregRobson	1	0	0	0	0	0	0	0	0	0	0	0	1
Grenavitar	866	32	0	0	3	2	0	41	7	0	0	1	952
Grendelkhan	38	2	0	0	0	0	0	4	0	0	0	0	44
Grm wnr	533	6	0	0	4	2	0	38	5	0	0	0	588
Grossmünster	0	0	0	0	1	0	0	0	0	0	0	0	1
Ground Zero	64	0	0	0	29	6	4	41	0	4	0	0	148
Grue	204	103	0	0	10	18	0	25	7	0	0	0	367
Grunt	86	5	0	0	4	2	0	10	2	0	0	0	109
Grutness	2483	103	0	0	91	10	3	24	16	0	0	0	2730
Gryffindor	115	8	0	0	5	0	0	1	1	0	0	0	130
Gtrmp	403	12	0	0	3	0	0	1	0	0	0	0	419
Guanaco	513	188	0	0	40	42	0	387	257	0	0	0	1427
Guettarda	209	76	0	0	47	29	7	72	18	0	0	1	459
Guillom	4	0	0	0	0	0	0	0	0	0	0	0	4
Gurch	36411	1467	0	0	76	22	0	695	17	0	0	0	38688
Gurubrahma	309	6	0	0	144	93	0	39	2	0	0	0	593
Gutza	12	1	0	0	2	1	2	5	3	0	0	0	26
Gwalla	965	10	0	0	2	1	0	82	8	0	0	0	1068
Gwen Gale	7234	244	24	0	571	41	50	1180	164	72	0	10	9590
Gwernol	3832	26	0	0	344	45	11	4359	157	0	0	0	8774
Gyrofrog	182	14	0	0	14	2	2	283	14	3	0	0	514
H	6668	26	0	0	96	39	0	1080	129	0	0	0	8038
HJ Mitchell	2165	39	109	0	654	15	138	605	8	34	0	276	4043
Hadal	1484	0	0	0	6	7	0	316	3	0	0	0	1816
Haemo	2305	14	0	0	69	7	18	226	43	0	0	0	2682
Hajor	163	7	0	0	13	12	0	16	1	0	0	0	212
Hall Monitor	460	12	0	0	270	32	1	2964	235	0	0	0	3974
Hamster Sandwich	3	1	0	0	1	0	0	26	3	3	0	0	37
Happy-melon	2552	61	46	5	204	53	21	0	0	0	0	5	2947
HappyCamper	4332	105	0	0	121	87	0	586	458	0	0	0	5689
Happyme22	572	9	0	0	44	1	7	11	0	0	0	0	644
Harej	2798	77	0	0	145	47	8	38	21	2	0	9	3145
Harold Oxley	0	0	0	0	2	0	0	0	0	0	0	0	2
Harro5	4810	33	0	0	72	4	0	168	10	0	0	0	5097
Harryboyles	2379	2	0	0	10	1	0	4	1	0	0	0	2397
Hashar	19	0	0	0	0	0	0	0	0	0	0	0	19
Hatricide	0	0	0	0	1	0	0	0	0	0	0	0	1
Haukurth	1198	68	0	0	15	34	0	81	13	0	0	3	1412
Hawkeye7	1	0	0	0	0	0	0	0	0	0	0	0	1
Hawstom	3	0	0	0	5	1	0	6	1	0	0	0	16
Hbdragon88	675	7	0	0	7	1	2	2	0	0	0	0	694
Hcheney	20	0	0	0	0	0	0	15	0	0	0	0	35
Hdt83	25	1	0	0	9	2	0	76	2	0	0	1	116
Heah	782	14	0	0	17	6	0	92	9	0	0	0	920
Heimstern	456	19	0	0	99	8	7	934	38	7	0	0	1568
Hemanshu	447	5	0	0	0	0	0	5	0	0	0	0	457
Hemlock Martinis	821	44	0	0	28	2	5	84	8	0	0	0	992
Henrik	531	33	0	0	48	15	7	198	34	2	0	5	873
Henry Flower	126	4	0	0	18	10	0	214	8	0	0	0	380
Henrygb	1491	36	0	0	6	3	0	21	0	0	0	0	1557
Hephaestos	1	2	0	0	3	2	0	0	0	0	0	0	8
Herbythyme	3022	11	0	0	45	2	6	515	25	7	0	1	3634
HereToHelp	152	5	0	0	50	15	3	17	3	0	0	0	245
Hermione1980	501	4	0	0	4	3	1	11	2	0	0	0	526
Hernando Magallanes	0	0	0	0	4	0	0	0	0	0	0	0	4
Heron	24	2	0	0	0	0	0	54	4	0	0	0	84
Herostratus	5337	79	0	0	18	5	0	70	6	0	0	0	5515
Hersfold	3327	70	2	0	997	20	361	1324	222	156	0	57	6536
Hesperian	2300	201	0	0	98	18	4	361	55	1	0	2	3040
Hiberniantears	969	8	0	0	66	4	22	1021	24	8	0	2	2124
Hiding	1869	138	0	0	35	25	1	52	14	0	0	4	2138
Hit bull, win steak	198	8	0	0	2	0	0	33	0	1	0	0	242
Hmhur	0	0	0	0	1	0	0	0	0	0	0	0	1
Hmwith	5442	52	3	0	41	2	1	69	4	3	0	1	5618
Hoary	446	18	0	0	83	6	9	256	10	2	0	0	830
Horologium	524	4	1	0	125	4	32	83	2	6	0	1	782
HorsePunchKid	189	0	0	0	0	0	0	0	0	0	0	0	189
HowDumbAreYou	0	0	0	0	1	0	0	0	0	0	0	0	1
Howcheng	19046	261	6	3	69	101	2	77	11	0	0	1	19577
Hu12	1469	56	0	0	368	14	3	1064	37	1	0	2	3014
Humblefool	596	11	0	0	3	2	0	4	2	0	0	0	618
Humus sapiens	73	2	0	0	64	4	0	124	12	0	0	0	279
Huntster	545	41	0	0	39	5	2	32	0	1	0	0	665
Hurricanehink	220	2	0	0	0	0	0	7	0	0	0	0	229
Husnock	59	1	0	0	22	8	0	27	9	0	0	0	126
Husond	1249	11	0	0	423	39	22	1155	40	0	0	1	2940
Hut 8.5	6051	68	0	0	631	18	37	1214	17	5	0	20	8061
Hyacinth	957	14	0	0	0	1	0	6	1	0	0	0	979
IMatthew	0	0	0	0	1	0	0	0	0	0	0	0	1
Ian Dalziel	0	0	0	0	1	0	0	0	0	0	0	0	1
Ian13	1951	52	0	0	30	8	2	72	21	0	0	0	2136
IanManka	1212	236	0	0	73	11	7	225	26	2	0	0	1792
Ianblair23	132	39	0	0	1	2	0	0	0	0	0	0	174
Icairns	311	7	0	0	4	4	0	4379	69	2	0	0	4776
Ice Cold Beer	1457	11	0	0	10	3	2	321	11	6	0	0	1821
IceKarma	1743	8	0	0	2	2	0	0	1	0	0	0	1756
Icestorm815	1630	30	3	0	107	7	75	470	12	24	0	7	2365
Idont Havaname	159	5	0	0	3	2	0	48	0	0	0	0	217
Ihcoyc	306	5	0	0	25	0	0	1	0	0	0	0	337
Ike9898	304	3	0	0	5	1	1	30	3	0	0	0	347
Ikiroid	62	5	0	0	6	0	0	20	1	0	0	0	94
Ilmari Karonen	1081	641	0	0	32	2	1	212	32	0	0	1	2002
Ilyanep	153	2	0	0	6	2	0	32	7	0	15	18	235
Improv	1233	9	0	0	188	11	0	79	15	0	0	0	1535
Imran	1	0	0	0	0	0	0	1	0	0	0	0	2
Imzadi1979	0	0	0	0	0	0	0	0	0	0	0	1	1
InShaneee	3951	20	0	0	91	5	0	528	56	0	0	0	4651
Infrogmation	4702	93	0	0	142	8	4	6420	116	9	2	1	11497
Inter	649	4	0	0	6	1	0	181	10	0	0	0	851
Interiot	1319	23	0	0	14	8	0	11	1	0	0	0	1376
Ioeth	2861	54	0	0	140	32	15	1818	42	10	0	12	4984
Iridescent	3376	81	0	0	124	10	37	839	44	8	0	8	4527
Irina Spalko	0	0	0	0	1	0	0	0	0	0	0	0	1
Irishguy	11708	25	0	0	107	3	0	1413	14	0	0	0	13270
IronGargoyle	4278	287	3	0	84	22	8	210	2	2	0	0	4896
Ish ishwar	46	3	0	0	1	0	0	11	1	0	0	0	62
Islander	684	23	0	0	109	1	6	80	5	1	0	4	913
Isomorphic	213	0	0	0	1	0	0	14	1	0	0	0	229
Isotope23	2009	23	0	0	124	33	10	490	59	0	0	0	2748
It Is Me Here	232	3	0	0	13	2	0	9	3	1	0	3	266
Ixfd64	3612	98	0	0	74	318	11	1349	3741	11	0	4	9218
Izehar	148	3	0	0	18	21	0	89	20	0	0	0	299
J Di	1548	57	0	0	75	32	0	581	44	0	0	0	2337
J Greb	3793	138	1	0	144	2	22	63	3	3	0	0	4169
J Milburn	8051	172	1	0	58	7	22	86	0	0	0	12	8409
J-stan	178	7	0	0	7	3	4	76	6	0	0	24	305
J.J.	1	2	0	0	0	0	0	1	0	0	0	0	4
J.delanoy	8751	262	23	0	821	32	250	18470	261	971	0	91	29932
J.smith	1176	48	0	0	27	7	2	240	43	0	0	0	1543
J04n	111	3	2	0	3	1	0	2	0	0	0	0	122
JCarriker	122	29	0	0	9	4	0	61	13	0	0	0	238
JDoorjam	1760	47	0	0	100	18	3	121	21	0	0	0	2070
JForget	7683	107	0	0	480	506	188	1710	13	14	0	0	10701
JGHowes	306	19	0	0	34	0	5	94	1	5	0	0	464
JHunterJ	1325	117	1	0	11	2	3	20	2	0	0	0	1481
JIP	8065	82	0	0	25	4	1	150	3	0	0	0	8330
JLaTondre	14183	71	0	0	36	4	0	1295	15	0	0	0	15604
JPD	622	5	0	0	2	2	0	19	1	0	0	0	651
JPG-GR	6902	71	0	0	14	2	0	22	0	0	0	0	7011
JRM	174	9	0	0	11	17	0	15	28	0	0	0	254
JWSchmidt	43	2	0	0	13	6	0	58	1	0	0	1	124
JYolkowski	2375	20	0	0	11	27	0	139	9	1	0	0	2582
JaGa	0	0	0	0	1	0	0	0	0	0	0	0	1
Jac16888	18618	73	11	0	78	6	15	365	16	520	0	17	19719
Jacoplane	327	33	0	0	92	49	4	159	11	0	0	0	675
Jafeluv	2374	85	0	0	5	3	0	22	0	0	0	0	2489
Jake Nelson	21	1	0	0	0	0	0	1	0	0	0	0	23
Jake Wartenberg	1976	92	0	0	113	9	11	493	31	30	0	52	2807
James086	4108	26	0	0	17	1	2	343	12	0	0	1	4510
JamesBWatson	383	5	0	0	4	0	0	68	5	4	0	1	470
JamesR	1156	8	0	0	55	5	11	105	10	1	0	3	1354
JamesTeterenko	222	2	0	0	27	18	0	160	4	0	0	0	433
Jamesday	6	7	0	0	2	0	0	6	1	0	0	0	22
Jamesofur	92	18	24	0	14	4	9	68	7	9	0	14	259
JamieS93	9359	78	2	0	174	19	45	137	2	11	0	49	9876
Jaranda	17921	149	0	0	323	98	2	1208	229	0	0	0	19930
Jarry1250	711	11	0	0	13	1	2	32	1	3	0	3	777
Jasonbres	0	0	0	0	1	0	0	0	0	0	0	0	1
Jauerback	1290	8	1	0	59	8	7	998	59	12	0	5	2447
Jaxl	1604	10	0	0	3	1	0	36	0	0	0	0	1654
Jay	19	10	0	0	0	0	0	0	0	0	0	0	29
Jayjg	2362	179	3	2	451	68	2	2033	230	8	0	0	5338
Jayron32	1578	27	2	0	337	9	42	1678	218	86	0	20	3997
Jbmurray	89	8	0	0	7	6	0	18	1	0	0	0	129
Jc37	1453	101	0	0	41	9	9	60	7	1	0	1	1682
Jclemens	17066	171	2	0	212	5	4	710	5	32	0	9	18216
Jcw69	67	1	0	0	0	0	0	108	3	0	0	0	179
Jdavidb	81	0	0	0	13	2	0	48	2	0	0	0	146
Jdforrester	393	55	6	1	23	7	0	48	12	0	0	1	546
JeLuF	150	4	0	0	2	0	0	2	1	0	0	4	163
Jedi6	16	0	0	0	2	3	0	10	1	0	0	0	32
Jeepday	525	9	0	0	16	1	0	577	8	5	0	0	1141
Jeffrey O. Gustafson	14386	197	0	0	469	28	37	727	107	0	0	1	15952
Jehochman	175	26	0	0	105	14	13	519	89	11	0	1	953
Jengod	126	0	0	0	7	0	0	0	0	0	0	0	133
Jennavecia	4317	517	0	0	284	29	58	438	49	1	0	13	5706
JeremyA	2104	16	0	0	37	16	0	275	14	1	0	0	2463
Jerry	3519	201	0	0	99	14	1	73	10	0	0	3	3920
Jersey Devil	559	10	0	0	28	6	2	199	18	0	0	0	822
Jersyko	578	1	0	0	52	10	5	116	6	0	0	0	768
Jerzy	318	167	0	0	4	0	0	112	5	3	0	0	609
Jesse Viviano	1750	76	0	0	11	5	2	370	63	9	0	0	2286
JesseW	29055	129	0	0	37	8	0	78	21	0	0	1	29329
Jfdwolff	445	41	0	0	111	16	8	270	19	0	0	1	911
Jiang	380	19	0	0	17	5	0	91	3	0	0	0	515
Jimbo Wales	301	17	0	0	43	13	4	80	41	0	0	9	508
Jimfbleak	33034	140	0	0	826	38	4	1506	234	1	0	0	35783
Jimregan	3	0	0	0	0	0	0	0	0	0	0	0	3
Jimtinman3909	0	0	0	0	1	0	0	0	0	0	0	0	1
Jingiby	0	0	0	0	1	0	0	0	0	0	0	0	1
Jinian	1873	5	0	0	9	3	0	0	0	0	0	0	1890
Jitse Niesen	628	24	0	0	14	9	2	35	4	0	0	0	716
Jj137	5103	59	0	0	286	30	49	877	20	0	0	33	6457
Jkelly	3628	61	0	0	35	17	0	188	12	0	0	0	3941
Jmabel	182	34	0	0	7	7	0	132	5	0	0	0	367
Jmlk17	11140	72	0	0	942	48	79	2032	52	0	0	0	14365
Jnc	1906	158	0	0	114	34	0	46	20	0	0	0	2278
Jni	19112	26	0	0	24	4	0	199	2	0	0	0	19367
Jnothman	62	1	0	0	1	0	0	1	1	0	0	0	66
JoJan	8189	52	0	0	119	2	7	1450	9	4	0	0	9832
JoanneB	1181	48	0	0	51	22	0	816	105	0	0	0	2223
JodyB	1936	39	0	0	27	4	6	322	22	3	0	2	2361
Joe Beaudoin Jr.	544	1	0	0	17	3	0	68	2	0	0	0	635
Joelr31	661	12	0	0	9	8	0	83	1	0	0	0	774
Jogers	91	0	0	0	0	0	0	0	0	0	0	0	91
Johan Elisson	352	14	0	0	11	4	0	42	5	0	0	0	428
Johann Wolfgang	58	2	0	0	2	1	0	58	1	0	0	0	122
John	2771	22	0	0	105	4	8	1351	25	3	0	5	4294
John Carter	332	3	0	0	22	2	2	43	4	18	0	3	429
John Kenney	195	33	0	0	4	3	0	8	4	0	0	0	247
John Reaves	11925	176	0	0	420	161	44	2265	228	1	0	49	15269
John Vandenberg	931	218	107	11	94	21	24	165	36	2	0	19	1628
JohnCD	12822	180	5	0	60	2	4	1183	3	27	0	3	14289
JohnOwens	6	0	0	0	0	1	0	0	0	0	0	0	7
Johnleemk	1752	20	0	0	6	3	0	240	20	0	0	0	2041
Johntex	131	28	0	0	27	4	1	180	11	0	0	0	382
Joke137	15	0	0	0	1	1	0	29	3	0	0	0	49
Jon513	1326	20	0	0	3	0	0	43	1	0	0	2	1395
JonMoore	39	1	0	0	2	2	0	0	0	0	0	0	44
Jonathunder	146	13	0	0	11	1	1	70	3	0	0	1	246
Jondel	245	1	0	0	33	8	1	75	1	0	0	0	364
Jonny-mt	1029	40	0	0	67	5	10	217	15	0	0	8	1391
Joolz	244	3	0	0	0	1	0	0	1	0	0	0	249
Josephjames21	0	0	0	0	1	0	0	0	0	0	0	0	1
Josh Grosse	38	2	0	0	0	0	0	0	0	0	0	0	40
Joshbuddy	22	0	0	0	0	0	0	5	0	0	0	0	27
JoshuaZ	597	51	0	0	102	13	0	627	71	0	0	0	1461
Josiah Rowe	118	25	0	0	76	12	0	335	19	0	0	0	585
Jossi	760	34	0	0	356	95	28	2058	77	2	0	1	3411
Journalist	405	7	0	0	53	20	9	132	15	4	0	4	649
Joy	338	110	3	0	26	7	1	4	0	0	0	0	489
Joyous!	8435	13	0	0	133	50	0	453	18	0	0	0	9102
Jpgordon	1078	22	1	0	211	17	10	3665	320	143	0	4	5471
Jrdioko	429	0	0	0	0	0	0	18	0	0	0	0	447
Jredmond	644	12	0	0	37	4	2	208	10	19	0	1	937
Jreferee	1375	49	0	0	144	6	27	36	4	0	0	0	1641
Jtdirl	112	30	0	0	118	44	0	433	29	0	0	0	766
Jtkiefer	870	100	0	0	53	15	0	403	85	0	0	0	1526
Judas Preist is effin awsome	0	0	0	0	2	0	0	0	0	0	0	0	2
Juliancolton	17532	312	3	0	660	37	238	2912	51	36	0	425	22206
Jusjih	1457	88	0	0	9	1	1	5	0	0	0	0	1561
Justinc	520	2	0	0	0	0	0	0	0	0	0	0	522
Jwrosenzweig	40	0	0	0	1	0	0	7	0	0	0	1	49
Jyothis	2	2	0	0	0	0	0	31	0	0	0	0	35
JzG	11969	272	14	0	780	38	21	1463	91	12	0	0	14660
Jza84	346	1	0	0	69	1	6	149	6	1	0	6	585
Jéské Couriano	697	127	33	0	982	182	291	1313	135	206	0	10	3976
K1Bond007	354	8	0	0	3	3	0	37	4	0	0	0	409
KF	511	16	0	0	2	0	0	1	0	0	0	0	530
KFP	773	142	0	0	243	4	2	69	11	0	0	1	1245
Kafziel	2092	33	0	0	219	24	28	1478	60	11	0	8	3953
Kaihsu	344	27	0	0	11	6	0	128	15	0	0	0	531
Kaiser matias	26	4	0	0	5	0	0	16	0	0	0	0	51
Kaisershatner	70	0	0	0	14	3	2	482	16	0	0	0	587
Kakofonous	66	3	0	0	5	1	0	4	1	0	0	1	81
Kaldari	296	30	0	0	69	19	14	78	11	3	0	0	520
Kane5187	241	6	0	0	1	0	0	1	0	0	0	0	249
Kanonkas	615	27	2	0	86	12	57	1285	67	507	0	20	2678
Karada	628	16	0	0	48	8	1	573	23	2	0	0	1299
Karanacs	719	12	0	0	16	0	2	15	0	2	0	426	1192
Karl Dickman	2790	41	0	0	9	8	0	33	10	0	0	0	2891
Karmafist	165	35	0	0	15	5	0	160	21	0	0	0	401
Katefan0	841	20	0	0	212	128	0	351	52	0	0	0	1604
Kateshortforbob	638	3	0	0	19	2	1	44	3	1	0	2	713
Kathryn NicDhàna	59	0	0	0	11	1	0	7	1	0	0	0	79
Kbdank71	22396	57	0	0	43	2	0	357	13	7	0	1	22876
Kbh3rd	112	10	0	0	23	0	1	1162	47	12	0	0	1367
Kbthompson	151	26	0	0	25	1	1	136	2	0	0	4	346
Kcordina	1220	41	0	0	9	0	0	168	7	0	0	0	1445
Keegan	3875	157	96	159	113	21	15	274	38	6	0	24	4778
Keenan Pepper	297	1	0	0	3	0	0	11	0	0	0	0	312
Keeper76	3099	79	0	0	67	12	10	90	14	0	0	22	3393
Keilana	1635	51	0	0	72	12	9	615	19	0	0	11	2424
Keith D	1143	614	8	0	161	0	13	61	1	0	0	7	2008
Kelly Martin	736	56	0	0	27	11	0	413	60	0	0	0	1303
Kevin	4045	89	0	0	207	10	44	628	30	9	0	7	5069
Khaosworks	330	12	0	0	10	4	0	162	80	0	0	0	598
Khendon	3	0	0	0	1	2	0	0	0	0	0	0	6
Khoikhoi	1200	298	0	0	596	224	12	1776	147	3	0	1	4257
Khukri	1058	12	0	0	60	7	3	445	14	1	0	0	1600
Khym Chanur	0	0	0	0	6	0	0	0	0	0	0	0	6
Kicking222	529	1	0	0	0	0	0	0	0	0	0	0	530
KieferSkunk	762	11	0	0	3	0	3	15	3	0	0	0	797
KillerChihuahua	1241	37	0	0	109	12	12	414	30	8	0	0	1863
Killervogel5	29	0	0	0	14	0	3	22	0	0	0	0	68
Killiondude	2752	64	0	0	73	5	23	192	2	18	0	20	3149
Kilo-Lima	1207	2	0	0	36	9	0	668	69	0	0	0	1991
Kim Bruning	49	5	0	0	11	3	0	33	14	0	0	0	115
Kim Dent-Brown	284	1	0	0	17	2	0	3	1	0	0	0	308
Kimchi.sg	43510	718	0	0	542	118	21	2192	211	21	0	0	47333
KimvdLinde	898	55	0	0	66	23	1	47	7	1	0	0	1098
King of Hearts	5763	187	5	0	487	83	42	1790	551	14	0	16	8938
Kingboyk	3145	316	0	0	103	12	0	214	24	0	0	2	3816
Kingpin13	491	3	10	0	3	0	5	173	2	7	0	8	702
Kingturtle	745	26	0	0	174	14	28	338	10	7	1489	77	2908
Kinu	8135	46	0	0	481	20	9	832	63	18	0	0	9604
Kirill Lokshin	1858	51	0	0	22	2	5	161	15	0	0	1	2115
Kizor	64	253	0	0	9	8	2	26	3	0	0	0	365
Kjkolb	526	14	0	0	1	1	0	138	8	0	0	0	688
Kmccoy	201	5	0	0	23	3	4	44	9	5	0	4	298
KnightLago	1058	54	3	3	207	16	39	878	94	10	0	1	2363
Knowledge Seeker	115	32	0	0	19	19	0	110	75	0	0	0	370
KnowledgeOfSelf	1671	27	0	0	261	27	17	5512	114	0	0	0	7629
Konstable	1080	91	0	0	97	25	0	435	135	0	0	0	1863
Kosebamse	335	0	0	0	1	0	0	10	0	0	0	0	346
Kotra	27	2	0	0	2	1	0	2	0	0	0	0	34
Kpjas	121	0	0	0	2	0	0	1	0	0	0	0	124
KrakatoaKatie	3346	70	0	0	99	5	17	319	16	0	0	3	3875
Kralizec!	864	101	0	0	877	204	118	3861	43	41	0	14	6123
Ktsquare	11	0	0	0	0	0	0	0	1	0	0	0	12
Kubigula	8906	39	2	0	122	9	1	607	20	2	0	0	9708
Kukini	920	11	0	0	50	2	2	3481	4	2	0	0	4472
Kungfuadam	16119	264	0	0	186	39	0	2570	245	0	0	0	19423
Kurt Shaped Box	2127	20	0	0	139	8	34	1861	20	15	0	0	4224
Kuru	2067	6	1	0	281	10	9	4656	67	155	0	12	7264
Kurykh	6252	108	0	0	187	19	42	601	72	4	0	5	7290
Kusma	11437	101	0	0	173	36	10	957	31	7	0	8	12760
Kwamikagami	907	50	0	0	141	11	21	260	19	14	0	0	1423
Kwsn	1720	13	0	0	47	4	17	220	32	0	0	0	2053
Kww	150	6	3	0	321	1	55	182	8	8	0	1	735
Kyle Barbour	477	117	0	0	2	0	0	46	11	0	0	0	653
Kylu	1427	44	0	0	191	12	25	246	26	0	0	35	2006
Kyorosuke	1026	46	0	0	43	23	0	174	47	0	0	0	1359
Kzollman	125	34	0	0	1	0	0	2	1	0	0	0	163
L'Aquatique	667	10	0	0	21	3	13	46	8	0	0	3	771
LAX	220	3	0	0	3	4	1	95	1	0	0	4	331
LFaraone	289	7	0	0	12	2	2	8	0	0	0	2	322
La goutte de pluie	605	30	0	0	32	17	2	185	37	0	0	0	908
Lachatdelarue	237	7	0	0	0	1	0	6	1	0	0	0	252
Lacrimosus	222	3	0	0	17	1	0	44	1	0	0	0	288
LadyofShalott	1845	27	0	0	32	4	1	95	6	2	0	2	2014
Lankiveil	1236	30	0	0	22	0	6	163	5	15	0	1	1478
Lar	985	118	1	0	123	29	13	594	44	4	0	12	1923
Larry V	272	11	0	0	1	1	0	2	0	0	0	0	287
Laser brain	204	2	0	0	3	1	0	17	2	1	0	0	230
Laurascudder	849	4	0	0	3	2	0	9	1	0	0	0	868
Law	361	20	0	0	15	2	1	205	6	5	0	1	616
Lazulilasher	212	10	0	0	16	4	5	59	1	2	0	2	311
LeaveSleaves	0	0	0	0	6	0	0	0	0	0	0	0	6
Lectonar	17793	78	1	0	255	152	89	409	9	10	0	0	18796
Leebo	547	11	0	0	16	0	0	128	7	0	0	0	709
Leinad	5	0	1	0	0	0	0	0	0	0	0	0	6
Leithp	367	22	0	0	6	1	0	329	12	0	0	0	737
Lenticel	232	5	0	0	1	0	0	0	0	0	0	0	238
Leonard^Bloom	426	0	0	0	14	0	1	8	1	2	0	7	459
LessHeard vanU	603	61	36	0	316	16	42	3149	88	42	0	0	4353
Lethe	35	14	0	0	4	3	0	34	16	0	0	0	106
Lexi Marie	605	28	0	0	41	25	0	157	52	0	0	0	908
Lexicon	170	23	0	0	10	3	1	57	5	0	0	0	269
Lexor	40	0	0	0	0	0	0	0	0	0	0	0	40
Lid	2468	11	0	0	17	0	0	49	0	0	0	0	2545
Lifebaka	2856	159	0	0	44	11	10	156	12	8	0	2	3258
Lightdarkness	1528	18	0	0	5	3	0	183	19	0	0	0	1756
Ligulem	4947	12	0	0	749	660	0	150	6	0	0	0	6524
LinguistAtLarge	175	2	0	0	1	0	0	0	0	0	0	2	180
Linuxbeak	339	5	0	0	64	17	0	389	34	0	20	15	883
Lipinki	0	0	0	0	2	0	0	0	0	0	0	0	2
LiquidGhoul	27	1	0	0	1	0	0	0	0	0	0	0	29
LittleDan	34	1	0	0	1	2	0	4	0	0	0	0	42
Llywrch	166	16	0	0	20	6	1	31	8	1	0	1	250
Lommer	737	2	0	0	1	2	0	1	0	0	0	0	743
Lomn	24	0	0	0	3	2	1	12	1	0	0	0	43
Longhair	5717	10	0	0	124	38	3	1680	41	1	0	4	7618
Lord Emsworth	2	0	0	0	0	0	0	0	0	0	0	0	2
Lord Voldemort	182	1	0	0	9	26	0	4	4	0	0	0	226
LordAmeth	52	1	0	0	0	0	0	0	0	0	0	0	53
Loren36	76	1	0	0	12	4	1	302	20	0	0	0	416
Lostintherush	797	7	0	0	27	6	2	112	6	0	0	0	957
LouI	35	1	0	0	0	0	0	0	0	0	0	0	36
Lowellian	288	85	0	0	8	1	2	0	0	0	0	0	384
Lquilter	23	1	0	0	0	0	0	6	0	0	0	0	30
Lradrama	181	2	0	0	0	0	0	201	15	0	0	1	400
Lucky 6.9	27946	129	0	0	766	50	0	1919	248	0	0	0	31058
Ludraman	16	3	0	0	2	2	0	4	0	0	0	0	27
Luigi30	3280	15	0	0	52	2	0	152	5	0	0	0	3506
Luis Hernández García	0	0	0	0	2	0	0	0	0	0	0	0	2
Luk	52046	221	2	0	623	26	128	4009	350	128	0	19	57552
Luna Santin	6263	103	27	1	1827	160	123	12732	1040	139	0	16	22431
Lupin	642	1	0	0	5	3	0	126	8	0	0	0	785
Lupo	1918	16	0	0	16	0	0	401	21	0	0	0	2372
Lyrl	257	1	0	0	0	1	0	5	0	0	0	0	264
M7	0	0	0	0	0	0	0	0	0	1	0	0	1
MBK004	778	21	0	0	155	5	21	369	17	11	0	23	1400
MBisanz	60359	694	2	0	533	20	83	1558	94	23	2040	465	65871
MBoarSidwell	0	0	0	0	1	0	0	0	0	0	0	0	1
MC MasterChef	103	0	0	0	0	0	0	35	4	0	0	0	142
MCB	1166	17	0	0	33	4	3	422	17	1	0	0	1663
MECU	5336	21	0	0	2	0	1	7	0	0	0	0	5367
MER-C	0	0	0	0	15	0	0	0	0	0	0	0	15
MGodwin	3	0	0	0	0	0	0	0	0	0	0	0	3
MJCdetroit	104	6	0	0	28	3	11	5	0	0	0	0	157
MLauba	793	133	16	0	19	1	1	24	1	6	0	0	994
MONGO	3035	27	0	0	116	35	0	396	39	0	0	0	3648
MPF	441	9	0	0	7	0	0	17	0	0	0	0	474
MPUploadBot	384	7	0	0	379	0	3	0	0	0	0	0	773
MSGJ	1390	156	3	0	130	199	50	74	1	6	0	33	2042
MZMcBride	805733	586	0	0	7292	950	422	172	118	190	0	2	815465
MacGyverMagic	5629	110	0	0	195	106	3	281	33	0	0	0	6357
Mackensen	2517	108	0	0	71	7	1	1594	237	0	0	0	4535
Mackeriv	96	1	0	0	3	0	0	14	3	0	0	0	117
Madchester	518	15	0	0	116	18	4	243	10	0	0	0	924
Madman	873	61	0	0	24	5	4	140	16	3	0	0	1126
Maedin	311	253	1	0	2	2	0	9	1	1	0	14	594
Magioladitis	3466	19	0	0	30	4	5	67	4	2	0	0	3597
Magnus Manske	890	4	0	0	1	1	0	14	0	0	0	0	910
Mahanga	906	10	0	0	25	1	6	61	3	0	0	0	1012
Mailer diablo	49325	247	22	302	157	15	3	261	16	2	0	1	50351
Mairi	766	5	0	0	3	2	0	5	0	0	0	0	781
Majorly	15244	506	0	0	548	104	7	660	39	0	0	10	17118
Makemi	4809	53	0	0	79	13	0	378	25	0	0	0	5357
Malcolm	1300	63	0	0	47	17	2	274	19	0	0	0	1722
Malcolm Farmer	776	3	0	0	0	0	0	24	1	0	0	0	804
Malcolmxl5	7304	50	9	0	234	8	14	36	1	3	0	2	7661
Malik Shabazz	3804	31	5	0	19	3	5	98	5	1	0	0	3971
Malinaccier	728	4	0	0	278	20	68	672	15	9	0	267	2061
Mallanox	1860	19	0	0	2	1	0	5	0	0	0	0	1887
Malo	3712	21	0	0	114	8	1	2253	246	0	0	0	6355
Mangojuice	4269	82	0	0	108	12	8	846	343	62	0	31	5761
Manning Bartlett	1403	12	0	0	8	1	10	31	5	1	0	3	1474
Marasmusine	4600	34	0	0	43	4	0	273	4	0	0	0	4958
Mardetanha	0	0	0	0	0	0	0	2	1	0	0	0	3
Marianocecowski	242	8	0	0	0	3	0	32	0	0	0	0	285
Marine 69-71	304	5	0	0	75	28	1	122	35	0	0	1	571
Mark	454	84	0	0	121	26	8	158	37	3	0	0	891
Mark Dingemanse	293	0	0	0	1	3	0	45	3	0	0	0	345
Mark Richards	0	0	0	0	0	0	0	0	5	0	0	0	5
Mark83	368	10	0	0	1	2	0	3	0	0	0	0	384
MarkGallagher	1932	27	0	0	81	61	0	116	26	0	0	0	2243
MarkSweep	1945	23	0	0	105	5	0	1133	41	0	0	0	3252
Markles	75	8	0	0	52	4	14	1	0	0	0	0	154
Marshman	25	0	0	0	0	0	0	30	2	0	0	0	57
Marskell	40	2	0	0	32	16	3	25	0	0	0	0	118
Martijn Hoekstra	1179	14	0	0	4	1	0	122	4	1	0	2	1327
MartinHarper	14	0	0	0	0	1	0	0	0	0	0	0	15
Martinp23	1389	89	0	0	228	31	4	359	71	2	0	4	2177
Martyman	132	2	0	0	2	0	0	36	1	0	0	0	173
Marudubshinki	4852	55	0	0	28	14	0	448	30	0	0	0	5427
Marumari	0	0	0	0	0	0	1	8	0	0	0	0	9
Masamage	841	16	0	0	16	2	3	19	1	0	0	0	898
Masem	101	19	1	0	9	0	2	15	0	0	0	0	147
MastCell	5585	75	0	0	554	23	51	1023	77	3	0	1	7392
Master Jay	196	8	0	0	82	7	1	304	36	0	0	0	634
Master Thief Garrett	1145	6	0	0	7	1	0	12	2	0	0	0	1173
Master of Puppets	2544	68	0	0	279	32	56	995	35	13	0	10	4032
Materialscientist	8126	72	23	0	706	5	60	8604	20	230	0	0	17846
Matilda	221	20	0	0	33	15	1	231	10	0	0	0	531
Matt Britt	5	2	0	0	2	0	0	1	0	0	0	0	10
Matt Crypto	132	23	0	0	38	22	0	174	18	0	0	0	407
Mattbr	2571	66	0	0	4	0	0	9	0	0	0	0	2650
Mattgirling	770	0	0	0	9	3	1	81	1	5	0	0	870
MatthewUND	53	1	0	0	0	0	0	5	0	0	0	0	59
Matthewedwards	2131	89	0	0	30	8	1	26	3	0	0	2	2290
Mattinbgn	1185	39	0	0	47	3	9	81	2	0	0	0	1366
Mattyb420	0	0	0	0	2	0	0	0	0	0	0	0	2
Maunus	5	0	0	0	18	1	4	11	1	2	0	0	42
Maury Markowitz	155	22	0	0	0	0	1	47	5	0	0	0	230
Mav	514	12	0	0	128	2	1	18	7	0	0	0	682
MaxSem	4846	23	0	0	167	25	7	343	96	3	0	14	5524
Maxim	107514	930	0	0	2480	276	563	2488	137	84	0	200	114672
Maxim's JS test account	0	0	0	0	1	0	0	0	0	0	0	0	1
Maximus Rex	68	0	0	0	0	0	0	0	0	0	0	0	68
Mazca	1237	11	2	0	41	3	14	561	11	24	0	17	1921
Mbecker	0	0	0	0	1	3	0	3	1	0	0	0	8
Mdale	3	0	0	0	0	0	0	0	0	0	0	0	3
Mdd4696	2234	8	0	0	31	8	0	89	4	0	0	0	2374
MediaWiki default	1310	0	0	0	0	0	0	0	0	0	0	0	1310
Meegs	8893	33	0	0	1	0	0	97	5	0	0	0	9029
Meelar	1264	7	0	0	2	1	0	121	1	0	0	0	1396
MegaHL90	0	0	0	0	1	0	0	0	0	0	0	0	1
Mel Etitis	3126	19	0	0	160	24	0	848	57	0	0	0	4234
Melburnian	134	6	0	0	9	1	0	41	0	0	0	0	191
Melchoir	1178	9	0	0	31	1	0	95	2	1	0	0	1317
Melesse	37717	92	0	0	3	0	0	1	0	0	0	0	37813
Menchi	23	2	0	0	0	0	0	0	0	0	0	0	25
Meno25	625	35	0	0	3	1	1	7	3	1	0	18	694
Mentifisto	5700	23	0	0	43	0	10	6907	15	78	0	69	12845
Mercury	314	93	0	0	82	34	25	137	62	0	0	0	747
Merkinsmum	0	0	0	0	3	0	0	0	0	0	0	0	3
Merope	11766	60	0	0	56	6	0	834	15	0	0	0	12737
Merovingian	2020	100	0	0	33	14	0	275	21	0	0	29	2492
Merphant	1	2	0	0	0	0	0	0	0	0	0	0	3
Metalx97856	0	0	0	0	1	0	0	0	0	0	0	0	1
Metamagician3000	111	4	0	0	11	4	0	28	5	0	0	0	163
Metropolitan90	3039	26	0	0	1	0	1	6	2	0	0	0	3075
Mets501	9384	98	0	0	207	39	0	293	23	0	0	0	10044
Mfield	908	17	1	0	159	7	32	689	10	25	0	1	1849
Miborovsky	46	3	0	0	19	13	0	30	5	0	0	0	116
Michael Greiner	936	15	0	0	11	7	0	13	1	5	0	0	988
Michael Hardy	322	84	0	0	1	0	0	18	5	1	0	0	431
Michael Snow	875	106	0	0	22	164	1	54	68	1	0	0	1291
MichaelBillington	507	8	0	0	6	0	0	4567	70	0	0	2	5160
Michaelas10	363	22	0	0	80	8	1	61	8	0	0	0	543
Midom	0	0	0	0	1	0	0	1	0	0	0	0	2
Mifter	1946	11	1	0	140	11	14	444	2	32	0	56	2657
Mikaey	1317	1441	0	0	14	1	2	73	0	1	0	2	2851
Mike 7	1263	16	0	0	39	3	0	285	6	0	0	0	1612
Mike Cline	235	0	0	0	1	0	1	2	0	0	0	0	239
Mike Halterman	150	9	0	0	13	9	1	64	10	0	0	0	256
Mike Peel	3073	21	0	0	4	4	0	4	0	1	0	0	3107
Mike Rosoft	14922	415	0	0	439	47	19	2319	391	12	0	0	18564
Mike Selinker	2065	16	0	0	11	4	0	17	1	0	0	0	2114
Mike.lifeguard	3	0	0	0	0	0	0	0	1	0	0	0	4
Mikeblas	128	1	0	0	0	0	0	0	0	0	0	0	129
MilborneOne	548	4	0	0	14	5	0	24	0	0	0	0	595
Mindmatrix	2360	28	0	0	27	2	0	50	1	1	0	1	2470
Mindspillage	2299	75	0	0	53	27	2	92	46	0	0	0	2594
Minesweeper	13	2	0	0	0	0	0	1	0	0	0	0	16
Mirv	1146	28	0	0	38	37	0	40	46	0	0	1	1336
MisfitToys	79	8	0	0	0	0	0	0	0	0	0	0	87
Misza13	223401	280	0	0	284	22	2	4609	271	0	0	6	228875
Mitchazenia	131	8	0	0	4	2	0	24	2	0	0	0	171
Mjroots	145	1	0	0	32	4	16	93	5	8	0	0	304
Mkmcconn	20	0	0	0	3	3	0	0	0	0	0	0	26
Mkweise	30	2	0	0	0	1	0	1	0	0	0	0	34
Mlaffs	247	3	0	0	1	0	0	0	0	0	0	0	251
Mo0	3125	23	0	0	14	3	0	229	21	1	0	0	3416
MoRsE	61	3	0	0	0	0	0	25	1	0	0	0	90
Modemac	14	0	0	0	3	5	0	6	1	0	0	0	29
Moink	304	3	0	0	2	0	0	7	7	0	0	0	323
Molikroth	0	0	0	0	1	0	0	0	0	0	0	0	1
Moncrief	99	1	0	0	4	3	0	41	1	0	0	0	149
Moni3	49	4	0	0	92	1	24	29	1	2	0	10	212
Monotonehell	1	0	0	0	0	0	0	0	0	0	0	0	1
Montrealais	22	1	0	0	0	0	0	0	0	0	0	0	23
Moondyne	1958	55	0	0	58	14	2	299	38	0	0	0	2424
Moonriddengirl	10662	1627	18	0	283	29	20	546	29	16	0	1	13231
Moreschi	1044	26	0	0	200	11	43	900	81	10	0	20	2335
Moriori	4030	5	0	0	0	0	0	273	5	0	0	0	4313
Morven	814	26	0	0	7	1	0	224	54	1	0	0	1127
Morwen	615	14	0	0	6	1	0	84	8	0	0	0	728
Mr. Lefty	1550	10	0	0	62	6	0	614	31	1	0	0	2274
Mr.Z-man	19520	243	5	36	482	50	285	1640	182	31	0	26	22500
MrDarcy	223	5	0	0	36	7	0	143	12	0	0	0	426
MrKIA11	4983	26	0	0	0	0	0	4	1	1	0	0	5015
Mtmelendez	1042	5	0	0	11	0	0	2	0	0	0	0	1060
MuZemike	3073	133	42	0	254	17	47	2857	203	259	0	43	6928
Mufka	2627	15	0	0	76	1	12	767	1	31	0	0	3530
Mulad	44	6	0	0	0	0	0	0	0	0	0	0	50
Mushroom	21998	188	0	0	38	9	8	454	90	1	0	0	22786
Musical Linguist	324	149	0	0	109	24	0	900	71	0	0	0	1577
Mustafaa	131	1	0	0	0	3	0	10	1	0	0	0	146
MykReeve	2	0	0	0	0	0	0	0	0	0	0	0	2
Myleslong	22	29	0	0	6	3	0	28	8	0	0	0	96
Mysekurity	728	14	0	0	40	21	0	81	2	0	0	0	886
Mysid	2494	2	0	0	2	1	0	14	5	0	0	0	2518
Mzajac	148	4	0	0	8	2	1	47	4	0	0	0	214
NCurse	1624	11	0	0	1	1	0	34	0	0	0	0	1671
NJA	2658	60	4	0	230	6	45	2011	58	88	0	60	5220
NSLE	561	11	0	0	90	18	0	440	101	0	0	0	1221
Nabla	900	50	0	0	16	5	1	1	0	0	0	0	973
Nae'blis	844	53	0	0	28	2	0	15	2	0	0	0	944
Nagy	0	0	0	0	1	0	0	0	0	0	0	0	1
Nakon	35812	399	14	0	617	67	35	13041	6157	33	0	136	56311
Nancy	12953	97	2	0	393	21	15	968	14	20	0	11	14494
Nandesuka	694	29	1	0	96	16	2	383	27	1	0	0	1249
Nanfoodle	0	0	0	0	1	0	0	0	0	0	0	0	1
Nanobug	1	0	0	0	0	0	0	0	0	0	0	0	1
Nat	192	35	0	0	156	9	31	263	15	0	0	0	701
Natalie Erin	4503	23	0	0	69	3	0	988	27	0	0	0	5613
Natalya	325	13	0	0	36	7	3	109	39	0	0	0	532
NativeForeigner	191	7	8	0	6	1	4	34	5	3	0	2	261
NawlinWiki	183317	7360	4141	0	9767	27	782	17374	520	1856	0	8	225152
Necrothesp	399	13	0	0	3	0	1	107	8	0	0	0	531
Nehrams2020	4989	20	0	0	6	2	1	127	2	0	0	0	5147
Netsnipe	1165	60	0	0	606	91	10	3680	1762	14	0	1	7389
Neutrality	4008	32	0	0	48	10	0	175	58	0	0	0	4331
Nev1	319	16	0	0	43	3	21	195	3	6	0	0	606
Newyorkbrad	786	15	4	0	88	5	3	589	32	0	0	1	1523
Ngb	622	62	0	0	9	6	0	10	0	0	0	0	709
Nichalp	1191	70	0	0	50	16	4	72	9	0	979	163	2554
NicholasTurnbull	218	14	0	0	15	10	0	140	17	1	0	0	415
Nick	2939	130	0	0	246	23	20	674	67	9	0	2	4110
Nick-D	618	12	0	0	145	14	12	512	20	32	0	1	1366
Nickptar	612	13	0	0	3	1	0	116	31	0	0	0	776
Nickshanks	54	1	0	0	3	0	0	0	0	0	0	0	58
Nicman911	0	0	0	0	2	0	0	0	0	0	0	0	2
Night Gyr	492	38	0	0	10	3	1	31	2	0	0	0	577
Nightmarishnight	0	0	0	0	1	0	0	0	0	0	0	0	1
Nightscream	28	9	0	0	83	8	6	185	2	7	0	0	328
Nightstallion	1778	129	0	0	71	7	0	29	2	0	0	0	2016
Nihiltres	13132	202	4	0	123	31	28	283	17	2	0	12	13834
Nihonjoe	7315	360	6	0	359	37	11	1487	38	67	467	21	10168
Nikki311	463	2	0	0	25	1	2	48	1	0	0	1	543
Nilfanion	572	25	0	0	4	3	0	8	0	1	0	0	613
Nishkid64	7435	349	1	0	1519	641	130	7501	306	653	0	30	18565
Niteowlneils	4157	80	0	0	1	0	0	16	1	0	0	0	4255
Nixdorf	2	0	0	0	0	0	0	0	0	0	0	0	2
Nixeagle	10319	243	0	0	93	14	9	3324	84	26	0	2	14114
Nlu	1603	95	0	0	603	226	13	3542	220	0	0	0	6302
Nmajdan	220	5	0	0	9	8	4	64	2	0	0	0	312
No Guru	927	11	0	0	34	14	0	442	8	1	0	0	1437
NoSeptember	1604	48	0	0	24	25	1	122	61	0	0	45	1930
NodpiW	0	0	0	0	1	0	0	0	0	0	0	0	1
Nohat	266	38	0	0	39	33	0	62	5	0	0	0	443
Noldoaran	2	0	0	0	0	0	0	0	0	0	0	0	2
Notheruser	70	0	0	0	0	0	0	0	0	0	0	0	70
Nousernamesleft	198	7	0	0	5	2	3	2	1	0	0	3	221
NrDg	1619	123	0	0	280	19	28	846	27	44	0	4	2990
NuclearWarfare	9468	312	26	0	1143	35	265	3170	101	175	0	159	14854
Nufy8	371	1	0	0	36	2	7	336	15	1	0	0	769
Number 57	6195	77	0	0	76	2	1	53	4	0	0	0	6408
Nunh-huh	458	29	0	0	27	3	1	321	12	3	0	1	855
Nv8200p	59585	181	0	0	26	3	0	109	3	0	0	0	59907
Nyttend	15362	306	5	0	65	2	0	209	2	4	0	0	15955
Oberiko	294	3	0	0	8	2	0	162	0	0	0	0	469
Obli	1047	6	0	0	28	5	0	99	7	0	0	0	1192
Ocatecir	1340	11	0	0	106	16	1	250	9	0	0	0	1733
Ocee	196	2	0	0	3	3	10	95	5	0	0	0	314
Od Mishehu	8742	220	9	0	185	26	27	374	61	111	0	5	9760
OhanaUnited	510	35	0	0	12	3	2	139	7	0	0	8	716
Ohnoitsjamie	4870	64	1	0	320	12	28	2834	56	45	0	0	8230
Okiefromokla	195	2	0	0	21	3	3	208	7	0	0	0	439
OlEnglish	191	15	23	0	15	5	5	49	0	3	0	19	325
Olaf Davis	323	6	1	0	3	0	0	9	1	0	0	1	344
OldakQuill	325	22	0	0	6	2	0	2	1	0	0	0	358
Oldboy212	0	0	0	0	1	0	0	0	0	0	0	0	1
Oldelpaso	668	12	0	0	19	10	0	37	2	0	0	2	750
Oldwindybear	2	0	0	0	0	0	0	2	1	0	0	0	5
Oleg Alexandrov	692	57	0	0	14	8	0	35	10	0	0	1	817
Olessi	142	6	0	0	0	0	0	14	1	0	0	0	163
Oliver Pereira	2	6	0	0	0	1	0	0	0	0	0	0	9
Olivier	195	8	0	0	7	1	0	25	0	0	0	0	236
Omegatron	308	90	0	0	27	12	0	16	0	0	0	0	453
One	974	103	0	0	117	18	1	143	28	1	0	0	1385
Opabinia regalis	1410	5	0	0	15	2	0	3	0	0	0	0	1435
Orangemike	23875	158	0	0	612	27	16	6411	45	79	0	0	31223
Orderinchaos	5046	151	0	0	107	20	9	281	36	4	0	1	5655
Oren0	189	7	0	0	26	6	7	48	8	3	0	4	298
Orioane	114	1	0	0	4	2	0	11	0	0	0	0	132
Orlady	173	17	1	0	30	3	10	50	0	3	0	0	287
Orphaned image deletion bot	3686	0	0	0	0	0	0	0	0	0	0	0	3686
Orphaned talkpage deletion bot	1582	58	0	0	0	0	0	0	0	0	0	0	1640
Oscarthecat	3371	21	0	0	260	5	0	310	7	2	0	0	3976
OverlordQ	713	9	1	0	37	3	2	704	97	72	0	1	1639
Owen	254	24	0	0	15	33	0	84	23	0	0	0	433
OwenX	2324	22	0	0	189	20	1	1260	82	4	0	9	3911
Oxymoron83	11484	98	0	0	411	11	64	5453	34	52	0	0	17607
PDH	9821	82	0	0	355	197	0	243	21	0	0	0	10719
PFHLai	3504	137	0	0	854	772	1	58	1	0	0	0	5327
PMDrive1061	30197	414	0	0	1619	33	43	5675	168	704	0	11	38864
PS2pcGAMER	2303	23	0	0	25	32	0	87	18	0	0	0	2488
PZFUN	95	3	0	0	6	2	0	14	6	0	0	0	126
Pablo-flores	920	2	0	0	16	6	2	180	2	0	0	0	1128
Paginazero	3	3	0	0	0	0	0	0	0	0	0	0	6
Pagrashtak	3191	13	0	0	3	2	0	10	1	0	0	0	3220
Pakaran	164	13	0	0	22	37	12	55	6	0	48	30	387
Pamri	707	1	0	0	0	4	0	0	0	0	0	0	712
Papa November	3197	49	0	0	25	6	17	239	13	1	0	1	3548
Parsecboy	2717	113	0	0	37	7	0	407	11	3	0	6	3301
Parthian Scribe	0	0	0	0	1	0	0	0	0	0	0	0	1
Pascal.Tesson	17116	100	1	0	100	2	2	820	20	0	0	2	18163
Pastor Theo	474	0	0	0	8	0	0	59	9	1	0	1	552
Pastordavid	1312	9	0	0	8	6	0	10	1	0	0	0	1346
Patar knight	379	8	10	0	4	0	1	13	1	2	0	23	441
Pathoschild	8386	152	1	0	151	33	1	2455	706	77	0	1	11963
Patrick	139	112	0	0	9	1	1	3	1	0	0	0	266
Pats1	613	79	0	0	166	8	18	458	7	7	0	0	1356
Paul A	99	21	0	0	0	0	0	0	0	0	0	0	120
Paul August	1120	10	0	0	8	1	4	126	3	0	0	0	1272
Paul Benjamin Austin	25	4	0	0	45	9	0	65	16	0	0	0	164
Paul Erik	2173	57	0	0	25	2	1	590	7	9	0	0	2864
Pax:Vobiscum	773	46	2	0	182	6	13	39	1	1	0	0	1063
Paxse	7	0	0	0	0	0	0	4	1	0	0	0	12
Pb30	858	1	0	0	0	0	1	278	3	0	0	0	1141
Pcb21	101	43	0	0	3	6	0	1	1	0	0	0	155
PeaceNT	5087	175	0	0	105	10	8	298	9	0	0	0	5692
PedanticallySpeaking	41	8	0	0	2	0	0	0	0	0	0	0	51
Pedro	8897	43	0	0	98	14	12	811	17	10	0	298	10200
Pedro Paulo Vasconcellos	0	0	0	0	2	0	0	0	0	0	0	0	2
Pegship	191	2	0	0	1	0	0	1	0	0	0	0	195
Penader	0	0	0	0	1	0	0	0	0	0	0	0	1
Pending deletion script	1210	0	0	0	0	0	0	0	0	0	0	0	1210
Pengo	51	14	0	0	2	1	0	7	0	0	0	0	75
Penwhale	147	8	0	0	46	6	14	53	13	1	0	0	288
Pepsidrinka	993	33	0	0	34	19	0	395	34	0	0	0	1508
Perceval	29	0	0	0	5	4	0	19	0	0	0	0	57
Peripitus	9958	76	2	0	100	18	14	176	10	9	0	4	10367
Persian Poet Gal	2300	96	0	0	1001	25	39	3340	141	16	0	1	6959
Peruvianllama	624	7	0	0	18	4	0	366	6	0	0	0	1025
Peteforsyth	21	9	0	0	5	2	3	11	2	3	0	0	56
Peter	4902	66	11	0	89	23	0	944	49	15	0	3	6102
PeterSymonds	6966	233	36	0	1152	363	402	2992	148	461	0	528	13281
Pgk	3711	73	0	0	556	54	0	4060	2204	0	0	0	10658
Phaedriel	3551	55	0	0	199	30	16	308	19	0	0	0	4178
Phantomsteve	1027	16	32	0	82	8	19	64	9	14	0	10	1281
Pharos	404	71	0	0	593	153	0	41	7	1	0	0	1270
Phil Bordelon	0	0	0	0	2	1	0	0	0	0	0	0	3
Phil Boswell	532	10	0	0	79	1	3	19	4	0	0	0	648
Phil Sandifer	676	138	0	0	80	59	8	280	69	0	0	0	1310
PhilKnight	26437	453	0	0	901	52	36	5160	190	157	0	27	33413
Philip Baird Shearer	441	79	0	0	92	18	23	15	2	0	0	0	670
Philippe	4576	58	0	0	383	34	47	1539	69	5	0	11	6722
Philippe (WMF)	5	0	8	0	6	0	0	0	0	0	0	0	19
Philosopher	1204	20	0	0	28	2	5	35	2	7	0	25	1328
Phils	15	1	0	0	0	0	0	26	2	0	0	0	44
Philwelch	933	44	0	0	28	7	0	72	14	0	0	0	1098
Phuntsok2000	0	0	0	0	2	0	0	0	0	0	0	0	2
Physchim62	1115	41	0	0	34	5	0	107	17	0	0	0	1319
Piazzajordan2	0	0	0	0	1	0	0	0	0	0	0	0	1
Picaroon	4039	61	0	0	55	12	5	461	27	0	0	1	4661
PierreAbbat	0	0	0	0	0	0	0	6	0	0	0	0	6
Pigman	1026	9	0	0	15	0	1	22	4	0	0	0	1077
Pilotguy	7231	64	0	0	294	29	1	2576	685	0	0	0	10880
PinchasC	119	18	0	0	48	14	1	188	6	0	0	0	394
Pinkville	1	0	0	0	6	0	0	2	0	0	0	0	9
Piotrus	619	178	0	0	19	8	2	80	17	0	0	0	923
Pjacobi	230	6	0	0	16	3	0	100	2	0	0	0	357
Plange	123	0	0	0	3	1	0	32	0	0	0	0	159
Plasticspork	0	0	0	0	0	0	0	0	0	0	0	1	1
Plastikspork	8787	246	0	0	370	29	32	27	0	6	0	0	9497
Please try again.	0	0	0	0	1	0	0	0	0	0	0	0	1
Poeloq	22	1	0	0	0	0	0	52	2	0	0	4	81
Polargeo	730	0	0	0	5	1	0	6	0	0	0	0	742
Polaron	0	0	0	0	1	0	0	0	0	0	0	0	1
Pollinator	35	0	0	0	4	0	0	146	1	0	0	0	186
Poor Yorick	93	0	0	0	7	3	2	0	0	0	0	0	105
Postdlf	5740	85	6	0	127	5	3	769	9	3	0	0	6747
Pratyeka	1	2	0	0	0	0	0	0	0	0	0	0	3
Premeditated Chaos	1732	18	0	0	3	0	0	19	1	0	0	0	1773
PrimeHunter	88	8	0	0	4	2	0	0	0	0	0	1	103
ProcseeBot	0	0	0	0	0	0	0	149822	0	0	0	0	149822
Prodego	2332	288	10	0	155	186	105	1385	233	93	0	52	4839
ProhibitOnions	265	1	0	0	0	1	0	50	0	0	0	0	317
Prolog	1311	42	0	0	116	7	20	997	3	10	0	2	2508
Promethean	0	0	0	0	1	0	0	0	0	0	0	0	1
Proteus	118	0	0	0	2	0	0	11	10	0	0	0	141
Protonk	2731	1226	0	0	98	7	14	206	21	28	0	4	4335
ProveIt	4433	7	0	0	3	0	0	2	0	0	0	0	4445
Pschemp	2135	247	0	0	169	29	0	3327	319	0	0	0	6226
Psy guy	110	0	0	0	10	9	0	181	17	0	0	0	327
Qaz	75	0	0	0	0	0	0	0	0	0	0	0	75
Quadell	95659	302	0	0	51	16	3	120	11	1	0	0	96163
Quarl	7973	111	0	0	22	10	0	37	3	0	0	0	8156
Quell	0	0	0	0	1	0	0	0	0	0	0	0	1
Quercusrobur	15	2	0	0	3	2	0	8	0	0	0	0	30
Qwghlm	592	31	0	0	17	1	0	17	0	0	0	0	658
R'n'B	10734	278	0	0	23	14	0	11	0	0	0	0	11060
R-Con 9	0	0	0	0	1	0	0	0	0	0	0	0	1
R. Baley	8	3	0	0	26	1	11	78	6	0	0	1	134
R. fiend	2822	21	0	0	19	4	0	56	1	0	0	0	2923
R3m0t	1340	15	0	0	30	0	0	4	4	0	0	0	1393
RG2	3298	61	0	0	18	1	0	162	8	0	0	0	3548
RHaworth	48892	3057	1	0	2531	44	2	603	16	6	0	1	55153
RJFJR	35	2	0	0	0	0	0	1	0	0	0	0	38
RL0919	1055	2	0	0	6	2	0	5	0	0	0	0	1070
RN	706	132	0	0	17	15	0	28	7	0	0	0	905
Radiant!	2464	50	0	0	180	45	0	178	23	0	0	0	2940
RadicalBender	510	8	0	0	3	0	0	13	0	0	0	0	534
RadioKirk	2676	77	0	0	164	15	0	1678	74	0	0	0	4684
Ragesoss	359	43	0	0	9	1	2	6	0	0	0	1	421
Ragib	535	18	0	0	81	8	5	281	12	0	0	0	940
Raith Sienar	0	0	0	0	8	0	0	0	0	0	0	0	8
Ral315	2267	121	0	0	353	28	24	347	49	0	0	2	3191
Ram-Man	834	3	0	0	16	0	1	25	6	0	0	0	885
Rama	874	13	0	0	19	10	0	317	13	1	0	0	1247
Rama's Arrow	1202	3	0	0	46	9	0	200	25	0	0	0	1485
Ramallite	2	0	0	0	0	0	0	6	0	0	0	0	8
Rambo's Revenge	115	8	0	0	3	0	2	7	0	1	0	0	136
Ran	194	3	0	0	7	0	2	87	2	0	0	0	295
Random832	609	127	0	0	30	11	10	33	8	0	0	9	837
RandomXYZb	2778	36	0	0	242	19	24	1506	49	8	0	7	4669
Raso mk	0	0	0	0	1	0	0	0	0	0	0	0	1
RasputinAXP	2198	13	0	0	28	5	0	84	3	0	0	0	2331
Raul654	1171	105	0	0	1705	506	42	2498	226	5	148	83	6489
Raven4x4x	407	2	0	0	3	0	0	200	1	0	0	1	614
Raymolayenie	0	0	0	0	1	0	0	0	0	0	0	0	1
Raymond arritt	874	2	0	0	32	8	5	344	21	0	0	0	1286
Rbrwr	346	2	0	0	0	0	0	1	0	0	0	0	349
Rd232	2094	16	2	0	78	8	20	119	6	2	0	0	2345
Rdsmith4	3200	65	0	0	139	61	0	598	269	2	874	96	5304
Rebecca	2231	72	0	0	36	4	3	138	71	0	0	0	2555
Recurring dreams	6	0	0	0	1	0	0	21	1	0	0	0	29
RedWolf	14647	50	0	0	3	0	0	3	0	0	0	0	14703
RedWordSmith	240	11	0	0	13	20	0	20	1	0	0	0	305
RedirectCleanupBot	4377	0	0	0	0	0	0	0	0	0	0	0	4377
Redux	196	12	0	0	24	7	0	48	1	0	131	129	548
Redvers	17906	168	0	0	953	29	26	2545	201	335	0	1	22164
Redwolf24	1943	48	0	0	50	25	0	208	45	0	0	0	2319
Reedy	1137	32	0	0	42	15	13	41	11	0	0	10	1301
Refdoc	61	5	0	0	11	4	0	28	5	0	0	0	114
Reflex Reaction	511	14	0	0	1	2	0	6	0	0	0	0	534
RegentsPark	377	10	0	0	245	36	88	107	3	3	0	7	876
Remember the dot	816	11	0	0	26	2	7	18	1	0	0	13	894
Renata3	4884	39	0	0	17	2	0	62	4	0	0	0	5008
Renesis	148	0	0	0	25	1	0	19	6	0	0	0	199
Resolute	1266	23	1	0	30	2	2	81	2	0	0	0	1407
Retired username	12142	239	0	0	115	33	8	206	14	0	0	2	12759
RetiredUser2	376	88	0	0	25	15	0	12	6	0	0	0	522
Rettetast	22363	75	0	0	29	78	13	454	8	3	0	21	23044
Revolving Bugbear	102	7	0	0	5	1	0	25	11	0	0	0	151
RexNL	2299	11	0	0	153	11	9	4191	66	15	0	0	6755
ReyBrujo	952	36	0	0	101	29	5	138	2	0	0	0	1263
Rfl	364	39	0	0	0	0	0	0	0	0	0	0	403
Rhobite	719	15	0	0	67	26	0	617	47	0	0	0	1491
Rholton	277	3	0	0	8	1	0	22	3	0	0	0	314
Riana	14438	155	0	0	1058	108	108	2446	192	3	0	18	18526
Rich Farmbrough	3420	246	0	0	97	56	18	253	31	10	0	4	4135
Richardcavell	433	8	0	0	29	9	1	73	2	0	0	0	555
Richardshusr	992	38	0	0	53	24	12	16	3	0	0	0	1138
Rick Block	633	3	0	0	3	1	0	66	2	0	0	0	708
RickK	2466	14	0	0	53	5	0	651	26	0	0	0	3215
Ricky81682	4167	30	0	0	34	73	20	150	16	11	0	0	4501
Rifleman 82	412	45	0	0	39	9	5	128	9	4	0	3	654
Rigadoun	221	10	0	0	2	1	0	2	1	0	0	0	237
Risker	596	81	262	77	129	146	184	292	23	70	0	7	1867
Rjanag	987	35	5	0	82	8	10	180	19	16	0	1	1343
Rjd0060	15161	393	0	0	700	49	113	1199	134	71	0	32	17852
Rje	2080	9	0	0	93	171	0	319	5	0	0	0	2677
Rkitko	731	50	0	0	16	2	3	14	1	0	0	0	817
Rklawton	904	16	0	0	25	2	2	522	15	19	0	0	1505
Rlandmann	1284	92	0	0	23	3	0	48	3	0	0	0	1453
Rlendog	12	0	0	0	0	0	0	17	0	0	0	0	29
Rlevse	1449	64	60	0	160	21	30	2776	160	19	573	106	5418
Rlquall	4	1	0	0	0	0	0	1	1	0	0	0	7
Rmhermen	2141	16	0	0	27	7	8	56	0	0	0	0	2255
Roadrunner	0	0	0	0	0	0	0	5	0	0	0	0	5
RobH	0	0	0	0	0	0	0	0	0	0	1	0	1
RobLa	3	1	0	0	1	0	2	0	0	0	0	0	7
Robchurch	714	11	0	0	6	4	0	83	12	0	0	0	830
Robdurbar	1591	72	0	0	147	84	0	112	25	0	0	0	2031
Robert Merkel	0	1	0	0	0	0	0	5	4	0	0	0	10
RobertG	6068	23	0	0	39	5	5	410	23	1	0	1	6575
Robin Patterson	0	0	0	0	0	0	0	1	0	0	0	0	1
Robth	3830	187	0	0	5	3	0	10	0	0	0	0	4035
RobyWayne	122	0	0	0	0	0	0	14	0	0	0	0	136
RockMFR	2052	172	2	0	177	124	27	319	5	2	0	1	2881
Rockero	78	1	0	0	5	2	0	13	0	0	0	0	99
Rockpocket	476	19	0	0	30	9	4	145	17	1	0	1	702
Rocky Road	0	0	0	0	1	0	0	0	0	0	0	0	1
Rodhullandemu	1302	85	11	0	1030	35	250	3579	108	178	0	15	6593
Roger Davies	440	25	23	0	10	4	3	51	20	11	0	4	591
Rogerd	590	11	0	0	25	5	0	140	1	1	0	0	773
Ronhjones	1951	59	1	0	91	6	10	531	32	6	0	2	2689
Ronline	63	3	0	0	6	9	0	11	1	0	0	0	93
Ronnotel	19	2	0	0	45	11	7	87	25	1	0	1	198
Roozbeh	152	2	0	0	27	7	0	8	1	0	0	0	197
Rosiestep	11	5	0	0	2	2	0	0	0	0	0	2	22
Rossami	1006	467	0	0	36	9	1	230	2	0	0	0	1751
RoyBoy	137	2	0	0	37	2	1	619	13	0	0	0	811
RoySmith	350	12	0	0	30	7	0	237	10	1	0	0	647
Royalbroil	991	26	0	0	72	23	5	52	4	0	0	2	1175
Royalguard11	1825	32	0	0	267	379	28	179	19	0	0	0	2729
Royboycrashfan	6095	107	0	0	73	0	0	386	22	0	0	0	6683
Rschen7754	1148	55	0	0	348	5	21	535	52	12	0	7	2183
Rspeer	119	5	0	0	15	1	0	113	24	1	0	0	278
Ruhrfisch	316	19	2	0	52	5	4	55	4	4	0	2	463
Runcorn	72	4	0	0	5	2	0	143	79	0	0	0	305
Rune.welsh	819	5	0	0	28	7	0	33	1	0	0	0	893
Runningonbrains	180	6	12	0	9	2	2	30	2	4	0	0	247
Ruslik0	2523	24	0	0	186	16	44	196	4	10	0	36	3039
Ruud Koot	1301	82	0	0	68	16	4	315	61	1	0	1	1849
Rwiggum	0	0	0	0	1	0	0	0	0	0	0	0	1
RxS	795	3	0	0	12	3	4	480	10	2	0	0	1309
Ryan Postlethwaite	1714	101	1	0	279	56	67	1400	151	23	0	60	3852
RyanGerbil10	3623	18	0	0	46	4	2	190	11	0	0	2	3896
Ryulong	10729	212	0	0	1213	49	77	6278	615	62	0	2	19237
S@bre	81	2	0	0	2	0	2	4	0	0	0	0	91
SB Johnny	39	2	0	0	10	0	4	9	6	0	0	0	70
SCEhardt	5235	51	0	0	12	0	0	306	3	0	0	1	5608
SCZenz	447	17	0	0	17	21	5	149	26	0	0	0	682
SD6-Agent	1	0	0	0	0	0	0	0	0	0	0	0	1
SGGH	2251	39	11	0	30	7	8	984	35	35	0	2	3402
SQL	2452	47	0	0	373	10	66	262	124	0	0	34	3368
ST47	37704	4965	0	0	237	83	99	5847	2327	2	0	3	51267
SWAdair	1600	7	0	0	49	1	0	38	1	0	0	0	1696
Sabine's Sunbird	88	0	0	0	7	0	3	0	0	0	0	0	98
Sadalmelik	0	0	0	0	1	0	0	0	0	0	0	0	1
Sade	148	5	0	0	3	0	0	1	2	0	0	0	159
Salix alba	139	7	0	0	8	5	4	6	0	0	0	0	169
Sam	104	21	0	0	24	4	0	22	0	0	0	2	177
Sam Blacketer	2387	15	0	0	45	8	2	193	33	1	0	1	2685
Sam Hocevar	6	7	0	0	0	0	0	1	2	0	0	0	16
Sam Korn	1014	21	6	8	65	10	13	974	76	4	0	13	2204
Sam Vimes	42	5	0	0	0	0	0	34	0	0	0	0	81
Samir	2583	98	0	0	260	132	10	484	58	0	0	10	3635
Samotnik	0	0	0	0	2	0	0	0	0	0	0	0	2
Samsara	36	22	0	0	73	4	2	63	33	0	0	0	233
Samuel Blanning	1742	97	0	0	157	65	0	1197	170	0	0	0	3428
Samulili	2	0	0	0	0	0	0	1	0	0	0	0	3
Sanchom	233	3	0	0	4	1	0	58	8	0	0	0	307
Sandahl	8254	99	1	0	383	8	10	3533	65	10	0	2	12365
Sandstein	6660	84	3	0	425	26	20	1152	225	59	0	3	8657
Sango123	4193	11	0	0	41	3	0	1567	66	0	0	0	5881
Sannse	882	30	0	0	19	10	0	57	35	0	0	0	1033
Sarah	2678	147	0	0	148	46	4	503	109	13	0	48	3696
Saravask	406	15	0	0	27	17	10	78	13	0	0	0	566
Sardanaphalus	0	0	0	0	7	0	0	0	0	0	0	0	7
SarekOfVulcan	893	62	9	0	87	10	22	265	45	35	0	2	1430
Sasquatch	1951	25	0	0	84	25	1	680	104	0	0	1	2871
Sassygurl192	0	0	0	0	2	0	0	0	0	0	0	0	2
Satori Son	1540	52	27	0	242	11	2	592	14	8	0	1	2489
SatyrTN	2764	21	0	0	19	8	4	36	7	0	0	0	2859
Savidan	65	5	0	0	13	5	0	3	0	0	0	0	91
Saxifrage	292	2	0	0	10	4	0	13	0	0	0	0	321
Scarian	650	23	0	0	179	3	22	1014	65	4	0	5	1965
Sceptre	1628	92	0	0	81	8	0	518	89	0	0	0	2416
Schissel	11	0	0	0	1	0	0	2	2	0	0	0	16
Schneelocke	30	3	0	0	15	2	0	11	2	0	0	0	63
SchuminWeb	14278	290	12	0	140	13	6	643	6	20	0	0	15408
Schutz	838	4	0	0	3	0	0	3	0	0	0	0	848
Scientizzle	3404	64	0	0	211	19	9	1068	32	9	0	4	4820
Scimitar	192	3	0	0	9	3	0	97	4	0	0	0	308
Scipius	0	0	0	0	0	0	0	1	0	0	0	0	1
Scjessey	0	0	0	0	1	0	0	0	0	0	0	0	1
Scm83x	229	5	0	0	6	1	0	37	2	0	0	0	280
Scorpion0422	0	0	0	0	1	0	0	0	0	0	0	0	1
Scott Burley	842	1	0	0	11	1	0	33	3	0	0	0	891
Scott MacDonald	824	18	0	0	30	1	4	41	8	2	0	0	928
Scott5114	1254	9	0	0	122	5	0	30	5	0	0	1	1426
ScottDavis	301	36	0	0	9	5	0	37	4	0	0	0	392
Seabhcan	193	3	0	0	5	2	0	27	2	0	0	0	232
Sean Whitton	439	16	0	0	18	7	0	55	3	0	0	2	540
Sean William	868	45	0	0	109	8	4	414	35	0	0	2	1485
Searchme	147	0	0	0	0	0	0	11	0	0	0	0	158
Seattle Skier	287	8	0	0	12	0	1	29	1	0	0	0	338
SebastianHelm	227	20	0	0	10	2	2	7	5	0	0	0	273
Sebastiankessel	2	2	0	0	8	4	0	38	1	0	0	0	55
Secret	6060	64	0	0	144	6	9	252	19	4	0	21	6579
Secretlondon	433	6	0	0	2	0	0	436	8	0	849	24	1758
Secretmessages	2053	45	0	0	149	42	9	2344	205	0	0	0	4847
Seddon	82	3	0	0	20	1	2	76	3	10	0	6	203
Seglea	192	4	0	0	2	0	0	1	0	0	0	0	199
Seicer	1873	43	0	0	338	37	47	709	48	12	0	0	3107
Selket	1184	8	0	0	19	3	2	212	16	0	0	0	1444
Sephiroth BCR	909	17	0	0	36	6	1	323	7	0	0	0	1299
Ser Amantio di Nicolao	0	0	0	0	0	0	0	0	0	0	0	1	1
Seraphim	404	35	0	0	40	9	11	135	22	1	0	3	660
Seraphimblade	2779	17	0	0	39	9	2	711	50	2	0	3	3612
Seresin	3063	95	0	0	189	9	29	179	1	3	0	5	3573
Sesel	77	4	0	0	19	12	0	12	0	0	0	0	124
Seth Ilys	343	2	0	0	7	2	0	5	3	0	0	0	362
Sethant	1	2	0	0	0	0	0	0	0	0	0	0	3
Sfoskett	11	1	0	0	1	0	0	0	0	0	0	0	13
Sgeureka	458	20	0	0	1	0	0	3	1	1	0	0	484
Shadow1	284	13	0	0	32	4	0	170	27	0	0	0	530
ShamelessAngel	0	0	0	0	1	0	0	0	0	0	0	0	1
Shanel	4686	76	1	0	71	17	0	2598	517	0	0	0	7966
Shanes	2432	21	0	0	89	162	4	1098	24	0	0	0	3830
Shauri	44	0	0	0	0	1	0	2	0	0	0	0	47
SheffieldSteel	50	5	5	0	28	2	10	120	17	19	0	0	256
Sheldon Rampton	2	0	0	0	0	0	0	1	0	0	0	0	3
Shell Kinney	10964	307	7	1	60	7	3	682	89	5	0	3	12128
Shereth	822	34	0	0	12	4	1	485	10	0	0	1	1369
Sherool	42195	70	0	0	19	6	0	18	1	0	0	0	42309
Shii	405	40	0	0	24	12	0	71	55	0	0	2	609
Shimeru	1589	12	4	0	23	0	0	13	1	0	0	0	1642
Shimgray	1291	145	0	0	152	6	6	37	18	0	0	10	1665
Shirahadasha	171	2	0	0	10	4	3	55	8	0	0	0	253
Shirik	324	11	34	0	64	10	47	388	7	29	0	7	921
Shizhao	1	1	0	0	1	0	0	0	0	0	0	0	3
Shoeofdeath	905	4	0	0	7	1	0	117	0	1	0	0	1035
Shreshth91	2323	19	0	0	33	12	0	390	48	0	0	0	2825
Shubinator	525	22	0	0	5	0	0	0	0	0	0	1	553
Shyam	16920	56	0	0	19	2	0	57	1	0	0	1	17056
Shyamal	103	8	0	0	22	2	5	30	2	1	0	4	177
Silence	24	0	0	0	0	1	0	0	0	0	0	0	25
SilkTork	422	38	4	0	17	3	11	2	3	3	0	1	504
Silsor	523	6	0	0	35	41	0	139	137	0	0	0	881
SimonP	5312	63	0	0	13	277	0	45	2	0	0	0	5712
Singularity	7381	115	0	0	61	15	2	79	7	0	0	1	7661
Sir Lestaty de Lioncourt	0	0	0	0	0	0	0	2	2	0	0	0	4
Sir Nicholas de Mimsy-Porpington	2149	60	0	0	84	11	4	814	82	0	0	0	3204
SirFozzie	361	19	8	0	96	8	42	327	34	4	0	0	899
Siroxo	73	4	0	0	0	0	0	18	0	0	0	0	95
Sitthisoneout1	0	0	0	0	1	0	0	0	0	0	0	0	1
Sj	137	164	0	0	11	9	1	57	8	0	0	0	387
Sjakkalle	4757	380	0	0	44	29	1	844	66	3	0	0	6124
Sjc	19	1	0	0	0	0	0	3	0	0	0	0	23
Sjorford	428	34	0	0	4	5	0	3	0	0	0	0	474
Skier Dude	67755	2105	0	0	376	8	29	686	1418	11	0	7	72395
Skomorokh	1565	112	0	0	128	3	7	0	0	0	0	6	1821
Sky Harbor	3	1	0	0	0	0	0	1	0	0	0	0	5
Slakr	4254	62	0	0	277	24	87	9117	97	22	0	14	13954
Slambo	697	18	0	0	33	0	0	184	5	0	0	0	937
SlimVirgin	1253	316	2	0	1354	424	160	1217	239	8	0	1	4974
Slowking Man	1350	29	0	0	130	25	1	859	132	0	0	0	2526
Slp1	499	17	2	0	35	9	6	160	4	8	0	0	740
Slrubenstein	35	2	0	0	28	7	5	46	10	4	0	0	137
Slumgum	154	1	0	0	1	0	0	0	0	0	0	0	156
Smalljim	802	7	0	0	13	2	0	401	7	4	0	0	1236
Smashville	1708	16	0	0	66	4	1	409	24	32	0	1	2261
Smith03	126	4	0	0	5	0	1	6	68	0	0	0	210
Smith609	185	10	0	0	13	3	10	4	2	4	0	0	231
SmthManly	519	4	0	0	32	9	1	51	2	0	0	0	618
Smurrayinchester	67	3	0	0	10	6	0	17	6	0	0	0	109
Sn0wflake	406	3	0	0	15	2	0	108	2	1	0	0	537
Snowolf	1154	28	0	0	41	6	3	956	30	6	0	5	2229
Snoyes	95	0	0	0	1	0	0	40	0	0	0	0	136
SoLando	300	14	0	0	18	7	0	193	6	0	0	0	538
SoWhy	8038	112	4	0	703	57	141	284	8	12	0	11	9370
Soap	61	4	3	0	3	0	8	22	0	1	0	0	102
Solid Falcon	0	0	0	0	2	0	0	0	0	0	0	0	2
Solipsist	78	1	0	0	136	49	0	108	12	0	0	0	384
Someguy1221	1351	22	5	0	30	3	3	635	5	27	0	5	2086
Somno	866	22	0	0	14	5	2	16	0	1	0	0	926
SorryGuy	11	2	0	0	2	2	0	18	2	0	0	0	37
Sortior	1	0	0	0	0	0	0	0	0	0	0	0	1
Soumyasch	2802	55	0	0	74	10	3	670	32	0	0	6	3652
SouthernNights	2089	51	0	0	131	35	10	254	6	4	0	0	2580
SpacemanSpiff	2251	15	0	0	195	4	14	527	3	18	0	3	3030
Spangineer	262	10	0	0	16	11	0	94	8	0	0	0	401
Spartaz	3812	270	2	0	209	34	13	354	85	12	0	11	4802
Spebi	1549	31	0	0	165	9	26	493	26	0	0	10	2309
Spellcast	8060	424	0	0	637	7	39	9234	645	125	0	11	19182
Spencer	257	7	0	0	30	3	4	274	3	0	0	1	579
Spencer195	12	0	0	0	0	0	0	3	0	0	0	0	15
Spike Wilbury	2666	103	0	0	25	4	1	154	5	1	0	1	2960
Spinningspark	123	20	0	0	32	2	15	173	1	9	0	0	375
Splash	8222	320	0	0	262	759	7	414	136	0	0	1	10121
SpuriousQ	625	1	0	0	17	1	0	569	5	0	0	0	1218
Srikeit	1840	18	0	0	86	45	0	387	22	0	0	0	2398
Ssd	1699	2	0	0	7	1	0	14	0	0	0	0	1723
Staecker	1692	21	0	0	1	1	0	2	0	0	0	0	1717
Stan Shebs	2656	74	0	0	1	0	0	25	0	0	1	0	2757
Star Mississippi	2054	56	0	0	79	4	6	247	8	1	0	0	2455
Starblind	2644	13	0	0	108	1	1	265	6	1	0	0	3039
Staxringold	343	9	1	0	3	0	0	43	0	0	0	0	399
Steel	9468	74	1	0	969	333	27	1204	89	2	0	7	12174
Steinsky	34	0	0	0	7	2	0	32	1	0	0	0	76
Stemonitis	3841	142	0	0	11	14	2	49	2	0	0	0	4061
Stephan Schulz	8	1	0	0	17	1	3	105	4	2	0	1	142
Stephen	6817	83	0	0	83	3	0	1400	72	9	0	9	8476
Stephen Bain	1746	42	0	0	85	23	1	96	18	0	0	0	2011
StephenBuxton	1029	23	0	0	30	3	3	298	9	2	0	0	1397
Steve	208	5	0	0	5	2	0	2	1	0	0	0	223
Steve Smith	1338	96	14	0	115	7	23	348	36	11	0	3	1991
SteveSims	0	0	0	0	1	0	0	0	0	0	0	0	1
Steven Walling	799	3	0	0	85	1	12	63	3	0	0	0	966
Stevenfruitsmaak	95	10	0	0	10	0	0	11	0	0	0	0	126
Stevenj	34	1	0	0	23	0	0	45	1	0	0	0	104
Stevertigo	136	16	0	0	46	11	0	22	14	0	0	0	245
Stewartadcock	828	0	0	0	10	3	0	6	1	0	0	0	848
Stifle	19479	587	4	0	546	57	55	521	66	10	0	47	21372
Stormie	2445	65	0	0	46	6	3	376	11	0	0	2	2954
StuffOfInterest	173	5	0	0	29	2	0	104	2	0	0	0	315
Stuffdoing	0	0	0	0	1	0	0	0	0	0	0	0	1
Stwalkerster	2596	64	0	0	81	1	7	370	44	4	0	35	3202
Sub619	0	0	0	0	1	0	0	0	0	0	0	0	1
Sue Anne	499	9	0	0	0	0	0	1	0	0	0	0	509
Sugarfish	2	2	0	0	1	1	0	0	0	0	0	0	6
Sundar	40	13	0	0	0	0	1	6	3	0	0	0	63
Superm401	257	24	0	0	23	22	24	47	12	0	0	1	410
Sverdrup	502	4	0	0	1	2	0	2	2	0	0	0	513
Swatjester	953	30	0	0	183	16	30	377	49	0	0	5	1643
Syrthiss	3919	44	0	0	296	25	10	2329	109	83	0	9	6824
TFOWR	492	3	0	0	55	1	7	114	4	2	0	7	685
TKD	2746	150	0	0	75	17	19	315	30	3	0	3	3358
TPK	62	0	0	0	0	0	0	0	0	0	0	0	62
TSO1D	89	1	0	0	34	8	2	21	2	0	0	0	157
TShilo12	59	4	0	0	8	2	0	5	2	0	0	0	80
TUF-KAT	542	39	0	0	0	0	0	12	1	0	0	0	594
Ta bu shi da yu	1396	57	0	0	88	47	0	171	56	0	0	0	1815
Tabercil	415	35	2	0	53	8	1	178	4	1	0	0	697
Tadakuni	9	0	0	0	0	0	0	0	0	0	0	0	9
Taelus	281	34	5	0	99	6	29	32	14	11	0	0	511
Talrias	255	8	0	0	23	14	0	82	17	0	0	0	399
Tango	341	2	0	0	4	2	0	75	4	0	0	0	428
Tangotango	1509	28	0	0	23	1	1	621	17	0	0	0	2200
Tanner-Christopher	9	0	0	0	12	0	4	1	1	0	0	0	27
Tannin	57	2	0	0	1	0	0	22	1	0	0	0	83
Tanthalas39	2269	25	0	0	1048	47	168	3303	71	55	0	6	6992
Tariqabjotu	313	28	2	0	844	92	61	488	80	3	0	0	1911
Tassedethe	3152	190	1	0	8	6	2	9	0	1	0	0	3369
Taw	88	17	0	0	0	2	0	0	0	0	0	0	107
Tawker	4363	51	0	0	281	18	12	1753	349	0	0	9	6836
Taxman	246	19	1	2	15	10	0	175	12	0	34	337	851
Tbo 157	30	2	0	0	3	1	0	24	6	0	0	0	66
Tbsdy lives	2601	50	0	0	147	5	13	55	5	6	0	0	2882
Tcncv	190	4	0	0	189	4	56	343	4	13	0	3	806
TeaDrinker	1775	22	0	0	22	1	7	254	4	2	0	1	2088
Tedder	1671	19	1	0	858	59	182	594	17	53	0	3	3457
TenOfAllTrades	413	17	0	0	69	5	11	685	41	13	0	5	1259
TerriersFan	1444	63	0	0	160	12	10	250	10	2	0	0	1951
Terrillja	0	0	0	0	1	0	0	0	0	0	0	0	1
TexasAndroid	19571	500	0	0	366	41	12	643	37	1	0	1	21172
Texture	450	10	0	0	1	1	0	34	1	0	0	0	497
Tfinc	0	0	0	0	0	0	0	0	0	0	0	2	2
ThaddeusB	1578	293	0	0	14	4	4	60	5	4	0	1	1963
Thatcher	2740	118	9	96	243	59	27	3065	338	25	0	32	6752
Thatcher131	0	1	0	0	0	0	0	0	0	0	0	0	1
Thatislifeandlove	0	0	0	0	2	0	0	0	0	0	0	0	2
The Anome	3371	85	0	0	349	34	27	4488	192	85	0	2	8633
The Cunctator	7	63	0	0	5	17	0	11	6	0	0	0	109
The Earwig	1188	155	2	0	31	3	0	19	1	0	0	11	1410
The Epopt	3283	41	0	0	27	2	0	44	12	0	0	0	3409
The JPS	7868	44	0	0	208	23	13	406	14	0	0	0	8576
The Land	454	6	0	0	12	5	0	96	13	0	0	0	586
The Placebo Effect	366	12	0	0	41	8	7	27	4	0	0	2	467
The Rambling Man	3245	8	0	0	80	3	5	772	6	1	277	172	4569
The Random Editor	88	0	0	0	21	0	0	39	1	0	0	0	149
The Singing Badger	25	0	0	0	0	0	0	2	0	0	0	0	27
The Tom	146	12	0	0	41	12	0	4	0	0	0	0	215
The Transhumanist	0	0	0	0	3	0	0	0	0	0	0	0	3
The Wordsmith	408	4	3	0	11	4	2	12	3	1	0	1	449
The ed17	161	13	6	0	98	11	41	29	0	12	0	11	382
The undertow	809	10	0	0	38	9	4	112	7	0	0	4	993
The wub	6389	53	0	0	26	5	0	171	9	0	0	2	6655
The-G-Unit-Boss	1409	5	0	0	102	3	12	24	0	0	0	0	1555
TheCoffee	29330	43	0	0	20	14	0	29	3	1	0	0	29440
TheCustomOfLife	43	0	0	0	6	1	0	3	0	0	0	0	53
TheDJ	1426	50	0	0	13	2	4	1	0	0	0	0	1496
TheParanoidOne	12440	29	0	0	0	0	0	0	0	0	0	0	12469
TheProject	2205	13	0	0	21	8	0	67	3	0	0	0	2317
Thedemonhog	29	0	0	0	0	0	1	0	0	0	0	2	32
Thehelpfulone	702	23	2	0	225	8	43	135	7	15	0	26	1186
Theleftorium	69	7	1	0	1	1	0	2	1	1	0	0	83
TheoClarke	269	17	0	0	0	1	0	17	2	0	0	0	306
Therequiembellishere	0	0	0	0	1	0	0	0	0	0	0	0	1
Theresa knott	1860	55	0	0	248	59	16	1617	237	4	0	0	4096
Thespian	3	1	0	0	4	0	0	2	1	0	0	0	11
Thingg	3544	42	0	0	60	3	10	440	7	8	0	5	4119
Thogo	0	0	2	0	0	0	0	0	0	0	0	0	2
Thorpe	319	4	0	0	10	2	1	22	4	0	0	0	362
Thryduulf	853	61	0	0	75	42	2	56	18	1	0	0	1108
Thue	8064	32	0	0	29	8	0	370	37	1	0	0	8541
Thunderboltz	611	28	0	0	13	6	0	80	0	0	0	0	738
Thunderbrand	3589	9	0	0	3	2	0	39	2	0	0	0	3644
Tide rolls	49	0	0	0	3	0	1	217	0	1	0	0	271
TigerShark	1146	55	0	0	43	11	3	1039	43	0	0	0	2340
Tijuana Brass	2988	48	0	0	33	4	0	99	10	0	0	0	3182
Tikiwont	7294	716	0	0	80	16	0	522	10	13	0	0	8651
Tillwe	45	0	0	0	0	0	0	3	0	0	0	0	48
Tim Ivorson	8	4	0	0	1	0	0	0	0	0	0	0	13
Tim Song	1758	337	42	0	110	4	20	1076	37	209	0	29	3622
Tim Starling	42	11	1	0	7	3	0	15	23	0	5	0	107
Tim!	861	27	0	0	4	3	0	46	2	0	0	0	943
TimVickers	1315	43	0	0	201	16	82	900	29	11	0	5	2602
Timc	35	1	0	0	0	1	0	2	0	0	0	0	39
Timichal	1	17	0	0	0	0	0	0	0	0	0	0	18
Timrollpickering	349	2	0	0	22	3	7	7	0	0	0	0	390
Timwi	338	17	0	0	3	6	0	0	0	0	0	0	364
Tinselfairy1	0	0	0	0	2	0	0	0	0	0	0	0	2
Tinucherian	3	1	0	0	39	0	5	0	0	0	0	4	52
Tiptoety	6307	168	17	0	1190	1127	258	4713	225	459	0	245	14709
Titoxd	2944	420	0	0	106	42	3	1566	366	1	0	5	5453
Tivedshambo	2047	25	0	0	33	3	4	648	15	15	0	23	2813
Tizio	1870	51	0	0	21	31	0	21	1	0	0	0	1995
Tkinias	3	0	0	0	0	0	0	0	0	0	0	0	3
Tnxman307	10639	52	5	0	205	2	9	5533	50	90	0	16	16601
Toby Bartels	20	148	0	0	1	3	0	0	1	0	0	0	173
Toddst1	6754	100	1	0	793	49	77	7166	265	209	0	34	15448
Tom	1383	30	0	0	34	11	5	82	1	0	0	0	1546
Tom harrison	3137	161	0	0	369	114	43	1864	109	6	0	0	5803
Tom-	37	3	0	0	8	3	0	4	0	0	0	0	55
TomStar81	383	5	0	0	66	6	8	51	2	0	0	0	521
TomTheHand	97	54	0	0	0	2	0	61	8	0	0	0	222
Tompagenet	5	0	0	0	0	0	0	0	0	0	0	0	5
Tone	17678	173	0	0	54	3	10	138	0	0	0	0	18056
Tony Fox	1453	8	0	0	81	2	9	552	10	6	0	0	2121
Tony Sidaway	1039	403	0	0	359	596	0	357	124	0	0	0	2878
Tonywalton	3339	12	0	0	35	5	9	453	26	27	0	2	3908
Toon05	1386	109	1	0	59	12	5	160	7	16	0	6	1761
Topbanana	795	5	0	0	7	1	2	3	0	0	0	0	813
TorNodeBot	0	0	0	0	0	0	0	32	0	0	0	0	32
Tra	118	11	0	0	37	5	0	5	0	0	0	0	176
TravisTX	889	14	0	0	64	3	11	225	42	35	0	5	1288
Trebor	296	3	0	0	75	26	0	83	7	0	0	0	490
Tregoweth	4330	57	0	0	140	18	0	890	40	0	0	0	5475
Trevor MacInnis	2230	233	0	0	137	7	27	472	11	2	0	3	3122
Trevor Parscal	2	0	0	0	0	0	0	0	0	0	0	0	2
Trialsanderrors	662	295	0	0	52	60	0	20	2	0	0	0	1091
Triddle	5	0	0	0	3	2	0	4	0	0	0	0	14
Trilobite	514	1	0	0	3	3	0	63	6	0	0	0	590
Tristanb	5	10	0	0	0	0	0	0	0	0	0	0	15
Troy 07	0	0	0	0	1	0	0	0	0	0	0	0	1
Trusilver	757	11	0	0	62	1	4	1236	35	12	0	1	2119
Trödel	180	23	0	0	6	2	0	61	12	1	0	0	285
Turnstep	786	8	0	0	2	0	0	1	0	0	0	0	797
TwinsMetsFan	425	22	0	0	24	1	1	14	0	0	0	1	488
Typesships	0	0	0	0	1	0	0	0	0	0	0	0	1
Tyrenius	2647	63	0	0	69	12	9	271	31	1	0	7	3110
Tznkai	223	5	0	0	83	9	17	143	21	6	0	2	509
UberScienceNerd	165	2	0	0	0	0	0	69	0	0	0	0	236
Ucucha	892	55	1	0	41	4	14	37	0	4	0	6	1054
Ugen64	1038	30	0	0	33	6	1	174	22	0	0	0	1304
UkPaolo	1439	57	0	0	15	5	0	131	3	0	0	0	1650
Ultraexactzz	3286	68	0	0	92	4	4	471	58	5	0	2	3990
Uncle G	1925	220	0	0	31	0	5	161	1	1	0	0	2344
UninvitedCompany	1830	43	0	0	60	27	0	119	33	0	62	46	2220
UpstateNYer	424	1	0	0	3	0	4	4	1	0	0	80	517
Urhixidur	386	21	0	0	2	0	0	8	0	0	0	0	417
Useight	2087	23	0	0	40	3	4	342	9	0	205	10	2723
User2004	117	2	0	0	16	6	0	124	27	0	0	0	292
Utcursch	6638	156	0	0	77	4	9	2377	18	5	0	0	9284
UtherSRG	7657	133	0	0	126	10	5	762	21	3	0	0	8717
Vague Rant	26	4	0	0	0	2	0	4	1	0	0	0	37
Valley2city	641	7	2	0	23	5	8	217	2	9	0	16	930
VampWillow	388	1	0	0	30	8	0	12	3	0	0	0	442
Vancouverguy	935	0	0	0	0	0	0	0	0	0	0	0	935
Vanished user	166	16	0	0	29	8	2	105	14	0	0	0	340
Vaoverland	43	2	0	0	0	0	0	17	0	0	0	0	62
Vary	650	55	0	0	33	4	3	202	9	1	0	0	957
Vassyana	599	15	30	0	31	4	3	120	30	0	0	0	832
VegaDark	12279	292	0	0	167	150	104	804	340	1	0	0	14137
Vegaswikian	10575	52	0	0	90	5	15	39	2	3	0	0	10781
Veinor	2265	18	0	0	36	4	1	365	24	2	0	0	2715
Verrai	748	5	0	0	14	6	0	69	2	1	0	0	845
Versageek	3534	27	4	0	108	1	18	834	16	19	0	14	4575
Viajero	52	4	0	0	10	9	0	15	4	0	0	0	94
Vianello	1699	14	0	0	26	1	7	731	14	46	0	1	2539
Vicky Lee	0	0	0	0	1	0	0	0	0	0	0	0	1
Victuallers	76	5	0	0	240	3	13	15	1	1	0	0	354
Violetriga	1640	119	0	0	79	33	0	131	43	0	0	0	2045
Viridae	1042	101	0	0	86	34	26	532	88	11	0	19	1939
VirtualSteve	1822	40	0	0	404	22	37	1488	36	48	0	8	3905
Vishal	1	0	0	0	5	3	0	0	0	0	0	0	9
Visorstuff	6	1	0	0	4	1	0	0	0	0	0	0	12
Visviva	52	0	0	0	3	1	0	3	1	0	0	0	60
Voice of All	5632	83	1	0	488	2115	6	1046	107	0	0	6	9484
Vsmith	1290	4	8	0	174	11	35	5150	26	15	0	3	6716
Vulcan Hephaestus	0	0	0	0	4	0	0	0	0	0	0	0	4
WAvegetarian	270	20	0	0	8	3	0	69	6	0	0	0	376
WJBscribe	9399	221	0	0	396	497	40	2637	165	0	2704	308	16367
WODUP	2286	35	0	0	86	3	10	665	57	6	0	10	3158
Wafulz	5422	95	0	0	160	11	9	1299	44	0	0	0	7040
Waggers	894	2	0	0	50	1	2	1144	8	1	0	0	2102
Waldir	13	5	0	0	1	0	0	0	0	0	0	0	19
Walter	0	0	0	0	0	0	0	1	0	0	0	0	1
Walton One	842	19	0	0	3	3	0	25	2	0	0	0	894
Waltpohl	29	0	0	0	2	0	0	0	0	0	0	0	31
Wangi	822	45	0	0	23	21	2	387	22	0	0	0	1322
Wapcaplet	2	0	0	0	0	0	0	0	0	0	0	0	2
Warofdreams	1014	25	0	0	5	1	1	27	1	0	257	150	1481
Wassupwestcoast	224	22	0	0	14	5	2	14	2	0	0	0	283
Water Bottle	282	22	0	0	2	0	0	30	3	0	0	0	339
Wayward	1420	1	0	0	2	2	0	695	30	0	0	0	2150
Wee Jas	0	0	0	0	1	0	0	0	0	0	0	0	1
Wehwalt	355	7	0	0	31	17	18	61	11	11	0	16	527
Werdna	364	10	2	0	35	1	4	74	24	4	0	7	525
Werdna648	0	0	0	0	1	0	0	0	0	0	0	0	1
WereSpielChequers	4930	166	3	0	107	1	2	227	1	1	0	108	5546
Wernher	49	0	0	0	0	0	0	1	0	0	0	0	50
Wesley	0	1	0	0	0	0	0	2	0	0	0	0	3
Wgfinley	159	5	0	0	9	1	0	19	10	0	0	0	203
Where	412	4	0	0	0	0	0	81	11	0	0	0	508
WhisperToMe	456	167	0	0	55	10	2	29	4	0	0	0	723
Who	1298	5	0	0	15	9	0	456	98	0	0	0	1881
Whouk	511	6	0	0	1	1	0	13	0	0	0	0	532
Wickethewok	2741	44	0	0	18	0	0	63	2	0	0	0	2868
Wiglaf	48	3	0	0	4	1	0	26	6	0	0	0	88
Wiki alf	1888	18	0	0	59	27	0	1503	32	5	0	0	3532
WikiLeon	537	18	0	0	110	20	2	545	61	10	0	5	1308
Wikiacc	780	31	0	0	7	5	0	31	8	0	0	0	862
Wikibofh	246	7	0	0	42	48	0	784	37	0	0	0	1164
Wile E. Heresiarch	619	1	0	0	1	0	0	25	0	0	0	0	646
Wilfried Derksen	75	7	0	0	13	5	0	2	0	0	0	0	102
Will Beback	913	111	3	0	445	120	31	1707	109	19	0	2	3460
William M. Connolley	510	18	0	0	173	29	25	2029	223	27	0	0	3034
William Pietri	450	4	0	0	1	0	0	10	0	0	0	0	465
WilliamH	287	4	0	0	24	2	1	121	2	3	0	16	460
Willking1979	3385	66	20	0	94	2	19	2557	12	72	0	8	6235
WilyD	1661	52	0	0	27	2	8	177	15	1	0	1	1944
Wimt	622	30	0	0	59	8	2	917	21	0	0	12	1671
Winhunter	7310	71	0	0	292	52	5	1376	252	1	0	3	9362
Wissel Wall	0	0	0	0	1	0	0	0	0	0	0	0	1
Wizardman	14103	108	61	0	522	14	25	334	12	4	0	6	15189
Wknight94	16555	384	0	0	832	196	114	8787	204	54	0	5	27131
Wneedham02	0	0	0	0	1	0	0	0	0	0	0	0	1
Woggly	167	7	0	0	12	0	0	75	14	0	0	0	275
Woody	4956	70	24	0	186	12	27	212	34	11	0	8	5540
Woohookitty	7804	163	0	0	503	474	5	1257	171	0	0	2	10379
Woooooooooop	0	0	0	0	1	0	0	0	0	0	0	0	1
Worldtraveller	215	0	0	0	4	4	0	19	2	0	0	0	244
Wouterstomp	21	0	0	0	0	0	0	0	0	0	0	0	21
Wpedzich	4	0	0	0	0	0	0	0	0	0	0	0	4
Wrp103	1	0	0	0	0	0	0	111	0	0	0	0	112
Wtmitchell	32	1	0	0	3	1	0	99	3	5	0	0	144
Wwoods	156	20	0	0	93	4	10	60	0	0	0	0	343
Wwwwolf	2637	27	0	0	39	5	0	5	1	0	0	0	2714
X!	2119	52	2	0	71	18	17	242	37	15	50	32	2655
XDanielx	65	5	0	0	0	0	0	0	0	0	0	0	70
XJamRastafire	7	0	0	0	5	3	0	0	0	0	0	0	15
Xaosflux	7833	309	0	0	612	287	251	853	83	31	0	12	10271
Xavexgoem	422	26	0	0	52	12	12	119	13	6	0	4	666
Xdamr	1040	10	0	0	2	0	0	29	1	1	0	0	1083
Xeno	10278	757	22	0	353	222	483	1336	651	203	130	460	14895
Xezbeth	8056	87	0	0	56	10	0	388	6	2	0	0	8605
Xiner	210	4	0	0	10	1	0	72	4	0	0	0	301
Xnuala	62	0	0	0	0	0	0	3	1	0	0	0	66
Xoloz	7424	810	0	0	211	56	1	70	6	0	0	0	8578
Xymmax	959	70	0	0	194	17	50	102	4	6	0	5	1407
Y	2459	49	0	0	52	11	8	93	5	0	0	0	2677
Y0u	345	0	0	0	0	0	0	13	2	0	0	0	360
Yamamoto Ichiro	1129	19	0	0	222	106	192	1584	36	10	0	67	3365
Yamla	3574	27	0	0	1223	59	16	4159	980	0	0	0	10038
Yandman	304	3	0	0	16	1	2	135	8	0	0	0	469
Yanksox	2711	57	0	0	113	30	0	228	20	0	0	0	3159
Yann	2	0	0	0	0	0	0	0	0	0	0	0	2
Yannismarou	297	2	0	0	20	7	1	48	1	0	0	1	377
YellowMonkey	8855	225	1	0	929	97	76	2202	161	21	0	5	12572
Yelyos	43	0	0	0	1	1	0	8	1	0	0	0	54
Yet Another Redirect Cleanup Bot	6096	0	0	0	0	0	0	0	0	0	0	0	6096
Ynhockey	195	3	0	0	8	1	0	8	0	0	0	0	215
Yomangani	1125	9	0	0	36	8	0	31	2	0	0	0	1211
Yonatan	255	54	0	0	10	9	8	85	9	0	0	2	432
Youngamerican	1272	54	0	0	57	23	3	33	2	0	0	0	1444
Zanimum	1372	61	0	0	56	17	0	121	12	0	0	0	1639
Zedla	873	6	0	0	32	2	2	122	9	0	0	0	1046
Zemaiteska	0	0	0	0	1	0	0	0	0	0	0	0	1
Zero0000	109	4	0	0	16	6	2	47	2	1	0	0	187
ZimZalaBim	2604	19	0	0	58	8	0	139	2	0	0	0	2830
Zippy	13	8	0	0	5	2	4	35	6	0	0	0	73
Zocky	262	18	0	0	21	8	0	21	8	0	0	0	338
Zoe	5859	83	0	0	244	12	0	1240	99	0	0	0	7537
Zoicon5	33	0	0	0	0	0	0	0	0	0	0	0	33
Zoney	20	11	0	0	3	2	0	1	1	0	0	0	38
Zscout370	11829	281	0	0	318	66	27	608	95	3	0	7	13234
Zsinj	2556	13	0	0	38	2	0	442	39	0	0	0	3090
Zzuuzz	5647	215	309	0	1127	1226	603	9991	788	339	0	30	20275
Zzyzx11	9396	304	2	0	1220	564	22	378	53	6	0	2	11947
^demon	28642	182	0	0	40	7	3	76	12	1	0	1	28964
Ævar Arnfjörð Bjarmason	213	3	0	0	1	0	0	7	2	0	0	0	226
Ø	0	0	0	0	2	0	0	0	0	0	0	0	2
èªç±åå¤	0	0	0	0	1	0	0	0	0	0	0	0	1
ï¾	0	0	0	0	2	0	0	0	0	0	0	0	2
Totals	6682582	137665	8325	1511	209942	42175	21851	1121626	80279	21371	16860	16460	8360647
