User	DL	UD	RD	ES	PT	UP	PM	BL	UB	BM	UR	RM	Total
(aeropagitica)	11928	38	0	0	50	2	0	1733	42	0	0	0	13793
172	16	0	0	0	23	7	0	52	40	0	0	0	138
17Drew	317	1	0	0	2	0	0	37	1	0	0	0	358
23skidoo	539	8	0	0	33	6	0	131	13	0	0	0	730
2over0	604	25	3	0	73	2	24	99	8	1	0	2	841
52 Pickup	104	3	0	0	6	1	0	73	6	0	0	0	193
7SeriesBOT	5254	0	0	0	0	0	0	0	0	0	0	0	5254
@pple	527	51	0	0	4	1	0	66	9	0	0	0	658
A Man In Black	3052	63	0	0	164	24	1	179	34	0	0	0	3517
A Train	237	6	0	0	19	4	0	51	2	2	0	0	321
A. B.	136	590	0	0	101	2	4	244	33	6	0	0	1116
AA	830	7	0	0	2	2	1	14	2	0	0	0	858
ABCD	3138	29	0	0	432	27	0	62	41	2	0	2	3733
AGK	2098	127	5	0	251	61	60	586	83	8	0	65	3344
AKeen	11	6	0	0	13	0	3	2	0	0	0	0	35
AZT2008	0	0	0	0	1	0	0	0	0	0	0	0	1
Aarktica	207	2	0	0	1	0	0	2	1	0	0	0	213
Aaron Brenneman	1030	25	0	0	41	81	1	136	13	0	0	0	1327
Abecedare	234	14	0	0	86	2	10	183	8	12	0	2	551
Academic Challenger	19821	38	0	0	183	34	0	2674	21	5	0	0	22776
Acalamari	5881	69	0	0	2879	72	195	1290	112	14	0	921	11433
Accounting4Taste	27865	65	0	0	425	14	2	91	0	4	0	4	28470
Acetic Acid	65	3	0	0	7	2	0	66	9	0	0	0	152
Acropolis now	0	0	0	0	3	0	0	0	0	0	0	0	3
Acroterion	31398	84	2	0	590	18	26	2367	44	90	0	12	34631
Adam Bishop	3645	17	0	0	45	13	2	121	22	0	0	1	3866
Adambiswanger1	75	0	0	0	15	4	0	48	1	0	0	0	143
Adambro	1885	17	0	0	47	1	5	188	6	4	0	4	2157
Adashiel	362	51	0	0	51	33	1	369	29	0	0	0	896
Addshore	763	11	0	0	4	1	2	222	8	4	0	5	1020
AdjustShift	164	0	0	0	17	1	1	551	2	29	0	2	767
Admiral Norton	380	6	0	0	6	0	0	6	0	0	0	2	400
Admrboltz	2754	4	0	0	27	15	0	101	11	0	0	2	2914
Aecis	3805	39	0	0	91	5	0	163	3	0	0	0	4106
Aervanath	1905	303	0	0	43	5	6	51	10	2	0	0	2325
After Midnight	36941	205	0	0	32	6	0	60	6	0	0	0	37250
Agathoclea	1134	52	0	0	51	5	4	169	16	1	0	1	1433
Ahoerstemeier	13556	107	0	0	43	5	1	2017	11	2	0	0	15742
Ais523	299	16	0	0	16	3	0	8	6	0	0	0	348
Aitias	3438	68	0	0	224	18	298	1224	78	51	0	74	5473
Akhilleus	858	4	0	0	45	3	4	427	30	1	0	0	1372
Akirn	754	5	2	0	5	0	1	193	1	5	0	3	969
Akradecki	5185	53	0	0	168	3	3	304	22	31	0	0	5769
Aksi great	1926	12	0	0	26	8	1	591	30	0	0	0	2594
Al Ameer son	29	3	0	0	7	2	3	6	1	0	0	1	52
Alai	1393	17	0	0	10	3	0	42	3	0	0	0	1468
AlainV	1	0	0	0	0	0	0	0	0	0	0	0	1
Alasdair	547	3	0	0	11	1	0	226	11	1	0	0	800
Aldux	112	1	0	0	170	36	0	201	18	0	0	0	538
Ale jrb	1313	10	0	0	3	1	0	326	7	1	0	4	1665
Alex Bakharev	1740	153	0	0	496	46	50	1802	183	5	0	0	4475
Alex S	34	4	0	0	0	0	0	0	0	0	0	0	38
Alex Shih	312	3	0	0	12	5	0	41	0	0	0	0	373
Alex.muller	553	24	2	0	22	1	1	309	15	0	0	11	938
Alex756	2	0	0	0	0	0	0	0	0	0	0	0	2
AlexandrDmitri	122	0	0	0	0	0	0	76	3	2	0	0	203
Alexf	18884	114	9	0	338	11	78	5549	40	10	0	0	25033
AlexiusHoratius	144	0	0	0	548	8	152	504	0	7	0	0	1363
Alhutch	621	3	0	0	15	6	0	175	9	0	0	0	829
Alison	2566	148	196	146	1200	199	185	5203	355	56	0	73	10327
AlisonW	488	11	0	0	56	5	2	126	10	0	0	0	698
AlistairMcMillan	219	18	0	0	17	1	0	63	4	0	0	0	322
AliveFreeHappy	192	1	0	0	2	0	0	2	0	0	0	0	197
Alkivar	2396	136	0	0	252	27	9	470	41	0	0	0	3331
Allen3	11172	57	1	0	273	52	14	138	5	0	0	1	11713
AllyUnion	1975	42	0	0	100	11	1	39	11	1	0	0	2180
Alphachimp	6552	108	0	0	292	146	1	3926	118	2	0	0	11145
Altenmann	5195	267	0	0	287	65	24	1303	100	5	0	0	7246
Alteripse	2	0	0	0	3	1	0	14	1	0	0	0	21
Alvestrand	458	29	0	0	8	4	0	56	4	2	0	0	561
Amalas	1220	2	0	0	4	52	0	0	0	0	0	0	1278
Amalthea	2911	91	1	0	79	16	12	143	16	19	0	16	3304
Amberrock	549	7	0	0	19	3	0	115	9	0	0	0	702
Amcaja	54	3	0	0	0	1	0	58	2	0	0	0	118
Ameliorate!	390	6	0	0	46	3	2	127	8	1	0	2	585
AmiDaniel	2801	138	0	0	165	44	2	749	126	1	0	1	4027
Amire80	378	41	0	0	5	2	1	36	4	1	0	1	469
Amophar	0	0	0	0	1	0	0	0	0	0	0	0	1
Amorymeltzer	4180	75	5	0	39	7	4	406	8	23	0	41	4788
Ams80	12	0	0	0	0	0	0	0	0	0	0	0	12
Anas Salloum	665	5	0	0	1	0	0	351	2	0	0	0	1024
Ancheta Wis	15	2	0	0	1	0	0	5	0	0	0	0	23
AndonicO	374	28	0	0	291	30	45	1347	51	0	0	0	2166
Andre Engels	2	0	0	0	0	0	0	1	0	0	0	0	3
Andres	3	4	0	0	1	0	0	0	0	0	0	0	8
Andrevan	706	90	0	0	21	11	0	89	28	1	1209	64	2219
Andrew Levine	718	15	0	0	19	2	0	34	6	0	0	0	794
Andrew Norman	48	1	0	0	27	2	0	75	7	0	0	0	160
Andrew Yong	24	7	0	0	0	0	0	0	0	0	0	0	31
Andrew c	1434	65	3	0	36	3	1	125	8	2	0	2	1679
Andrewa	85	6	0	0	0	0	0	0	0	0	0	0	91
Andris	17	0	0	0	0	0	0	0	0	0	0	0	17
Android79	3349	27	0	0	56	13	0	260	29	0	0	0	3734
Andrwsc	7821	100	0	0	69	54	9	121	1	1	0	0	8176
AndyZ	911	12	0	0	0	0	0	113	4	0	0	0	1040
AnemoneProjectors	1361	113	5	0	148	53	9	229	2	14	0	0	1934
Anetode	9291	343	0	0	258	14	8	1261	61	0	0	8	11244
AngelOfSadness	1037	2	0	0	44	2	5	134	14	1	0	0	1239
Angela	2316	43	0	0	5	2	0	59	30	0	158	7	2620
Angelo.romano	1043	118	0	0	134	18	12	84	2	2	0	0	1413
Angr	34437	213	0	0	211	52	32	795	29	3	0	0	35772
Angusmclellan	18755	205	0	0	13	2	1	67	8	1	0	17	19069
AniMate	243	7	0	0	16	2	1	101	9	7	0	1	387
Animum	1925	276	2	0	225	29	54	1711	319	4	0	28	4573
AnonEMouse	146	26	0	0	30	4	2	122	9	0	0	0	339
Anonymous Dissident	1446	25	0	0	381	33	57	500	14	5	659	62	3182
Anonymous editor	481	1	0	0	57	16	0	431	32	0	0	0	1018
Antandrus	7479	27	2	0	430	57	38	5513	354	63	0	3	13966
Anthere	38	1	0	0	4	4	0	4	2	0	0	2	55
Anthony Appleyard	27151	4101	0	0	82	9	17	1	0	0	0	0	31361
Anthony.bradbury	15260	71	0	0	68	3	4	1662	38	30	0	2	17138
AntiAbuseBot	50	0	0	0	0	0	46	1040	2	20	0	0	1158
AntonioMartin	9	5	0	0	7	3	0	5	18	0	0	0	47
Apokryltaros	0	0	0	0	1	0	0	0	0	0	0	0	1
Appraiser	323	6	0	0	5	0	0	1	0	0	0	0	335
Aqwis	223	29	0	0	75	6	29	54	2	0	0	7	425
Aranel	1087	18	0	0	13	0	0	24	3	0	0	0	1145
Arbitrarily0	1240	170	0	0	9	0	2	0	0	0	0	113	1534
Arcadian	239	26	0	0	31	1	0	76	4	0	0	0	377
Archtransit	5	2	0	0	13	2	1	17	15	0	0	0	55
Arctic.gnome	287	67	0	0	19	4	1	25	1	0	0	2	406
Aris Katsaris	6	0	0	0	1	0	0	0	0	0	0	0	7
Arjun01	557	6	0	0	117	23	0	402	14	1	0	0	1120
Arminius	130	1	0	0	7	3	0	14	2	0	0	0	157
ArnoldReinhold	230	2	0	0	7	2	2	6	1	1	0	0	251
Art LaPella	72	2	0	0	0	0	0	0	0	0	0	0	74
Arthur Rubin	474	49	4	0	44	10	5	381	49	11	0	2	1029
Aruk Besadii Aora	0	0	0	0	2	0	0	0	0	0	0	0	2
Arvindn	17	0	0	0	1	1	0	0	0	0	0	0	19
Arwel Parry	148	8	0	0	39	8	0	667	39	1	0	0	910
Asbestos	72	2	0	0	0	0	0	25	3	0	0	0	102
Asterion	95	7	0	0	69	8	3	122	15	0	0	0	319
AstroNomer	0	0	0	0	0	0	0	1	0	0	0	0	1
Atama	1413	16	0	0	8	2	0	60	6	3	0	0	1508
Athaenara	36642	166	0	0	20	2	2	31	6	0	0	0	36869
Atlant	92	1	0	0	11	0	0	573	20	2	0	0	699
AuburnPilot	3011	223	6	0	509	68	52	1143	140	25	0	20	5197
Audacity	22	2	0	0	2	1	0	1	1	0	0	0	29
Aude	1173	39	0	0	47	11	5	516	17	0	0	2	1810
Ausir	24	2	0	0	0	0	0	1	0	0	0	0	27
Avraham	1449	149	61	206	190	41	18	1152	125	72	447	102	4012
Awiseman	19	2	0	0	15	0	0	9	0	0	0	0	45
Awolf002	13	0	0	0	0	0	0	2	0	0	0	0	15
AxelBoldt	42	6	0	0	8	1	0	0	0	0	0	0	57
AzaToth	1682	124	5	0	118	39	31	163	26	1	0	8	2197
B	14242	200	1	0	300	28	30	812	100	6	0	11	15730
BD2412	4127	2297	1	0	50	15	3	219	24	2	0	0	6738
BOZ	17	140	0	0	38	3	7	2	0	0	0	0	207
Babajobu	297	2	0	0	1	1	0	19	3	0	0	0	323
Baboon Faceless	0	0	0	0	2	0	0	0	0	0	0	0	2
Backslash Forwardslash	4355	92	0	0	89	4	12	403	6	61	0	7	5029
Balloonman	273	13	0	0	14	2	2	52	8	4	0	2	370
Banes	62	7	0	0	2	0	0	158	2	0	0	0	231
Banno	10	5	0	0	9	2	0	50	2	0	0	0	78
BanyanTree	2046	66	0	0	204	245	4	409	11	0	0	0	2985
Barek	11	1	0	0	2	0	1	16	0	0	0	0	31
Barneca	1231	47	0	0	110	11	14	1013	46	19	0	1	2492
Barneca sock 1	0	0	0	0	1	0	0	0	0	0	0	0	1
BaronLarf	211	26	0	0	26	1	1	190	1	2	0	0	458
Bastique	360	93	8	1	48	8	5	121	51	0	10	51	756
Bazonka	0	0	0	0	1	0	0	0	0	0	0	0	1
Bbatsell	391	9	0	0	18	2	0	350	18	0	0	0	788
Bcorr	131	7	0	0	9	1	0	67	10	0	2	1	228
Bdesham	26	0	0	0	3	0	0	0	0	0	0	0	29
Bduke	261	18	0	0	26	8	3	27	0	0	0	0	343
Bearcat	4715	254	0	0	124	9	6	83	8	2	0	0	5201
Bearian	1352	21	0	0	266	4	4	703	35	2	0	1	2388
Bedford	9	3	0	0	50	0	4	5	2	0	0	0	73
Beeblebrox	3186	17	7	0	529	12	62	1092	110	147	0	4	5166
Beetstra	818	87	1	0	106	20	15	507	32	13	0	1	1600
Bel123456	0	0	0	0	1	0	0	0	0	0	0	0	1
Beland	197	1	0	0	14	12	1	11	0	0	0	0	236
Bellhalla	22	2	0	0	0	0	0	0	0	0	0	0	24
Ben MacDui	498	6	0	0	3	0	0	11	1	0	0	0	519
Bencherlite	4291	117	0	0	193	5	14	579	10	11	0	12	5232
Berig	28	0	0	0	2	0	2	10	0	0	0	1	43
Betacommand	7463	46	0	0	76	379	0	3297	120	0	0	0	11381
Bettia	450	10	0	0	14	1	0	6	1	1	0	0	483
Bhadani	1302	7	0	0	95	19	1	478	10	0	0	0	1912
Bibliomaniac15	4094	26	0	0	230	33	21	1412	23	5	892	61	6797
BigHaz	3159	2	0	0	8	6	0	33	2	0	0	0	3210
BigrTex	960	10	0	0	2	0	0	1	0	0	0	0	973
Bigtimepeace	504	8	0	0	2	1	1	81	4	2	0	1	604
Bill	0	0	0	0	1	0	0	0	0	0	0	0	1
Billinghurst	1106	6	0	0	3	0	0	4	1	3	0	1	1124
BillyH	48	2	0	0	0	1	0	1	0	0	0	0	52
BirgitteSB	175	7	0	0	0	0	0	1	1	0	0	1	185
Bishonen	581	76	0	0	201	47	9	575	209	1	0	0	1699
Bishzilla	53	11	0	0	16	2	2	24	6	0	0	5	119
Bjarki S	92	0	0	0	2	1	0	41	4	0	0	0	140
Bjelleklang	642	7	0	0	4	0	3	12	2	0	0	0	670
Bkell	1296	13	0	0	1	0	0	2	0	0	0	0	1312
Bkonrad	764	117	0	0	3	0	0	148	2	0	0	0	1034
Black Falcon	5039	76	0	0	3	1	0	29	1	0	0	0	5149
Black Kite	5807	169	2	0	443	53	62	1445	108	41	0	15	8145
Blankfaze	386	1	0	0	3	2	0	7	1	0	0	0	400
Blood Red Sandman	679	6	0	0	5	0	0	283	12	7	0	1	993
Blubberboy92	0	0	0	0	1	0	0	0	0	0	0	0	1
Blueboy96	1594	26	0	0	252	5	33	3195	130	173	0	0	5408
Bluemoose	10610	47	0	0	27	10	0	93	18	0	0	0	10805
Blurpeace	209	8	3	0	1	0	0	15	1	0	0	0	237
Bmicomp	404	2	0	0	6	4	0	38	11	0	0	0	465
Bob the Wikipedian	2	0	0	0	0	0	0	0	0	0	0	0	2
Bobak	231	12	0	0	160	6	9	753	11	11	0	0	1193
Bobet	4965	181	0	0	56	18	1	224	10	0	0	0	5455
Bobo192	4961	3	0	0	2	3	0	2	0	0	0	0	4971
Bogdangiusca	3164	66	0	0	28	10	1	108	13	0	0	0	3390
Bongwarrior	9952	64	2	0	504	16	124	4383	36	132	0	2	15215
Bonkers Bobcat	0	0	0	0	1	0	0	0	0	0	0	0	1
Bookofjude	650	27	0	0	29	5	0	85	9	0	0	0	805
Bopped Kia	0	0	0	0	1	0	0	0	0	0	0	0	1
BorgHunter	598	25	0	0	54	19	1	117	28	0	0	0	842
BorgQueen	4087	50	0	0	1242	131	50	3587	168	22	0	0	9337
Borisblue	248	1	0	0	14	39	0	92	8	0	0	0	402
Bovlb	23	2	0	0	14	1	0	28	2	0	0	0	70
BozMo	290	6	0	0	19	3	3	155	18	0	0	0	494
BradBeattie	294	0	0	0	6	0	0	118	3	0	0	0	421
BradPatrick	17	0	0	0	4	0	0	5	0	0	0	0	26
Bradeos Graphon	4877	19	0	0	65	19	3	1211	79	0	0	0	6273
Bradjamesbrown	182	2	11	0	42	0	8	115	0	7	0	6	373
Brandon	3883	77	0	0	109	39	26	743	35	40	0	18	4970
Bratsche	568	16	0	0	18	46	0	145	19	0	0	0	812
Brendanconway	955	23	0	0	26	8	0	87	14	0	0	0	1113
BrendelSignature	3	0	0	0	74	5	4	105	8	0	0	0	199
Brian	6	2	0	0	3	0	1	2	1	0	0	0	15
Brian Kendig	28	3	0	0	5	6	0	2	0	0	0	0	44
Brian0918	931	79	0	0	258	47	4	2144	109	1	0	0	3573
Brianga	2305	9	0	0	1	1	1	459	7	5	0	0	2788
Briangotts	138	7	0	0	1	0	0	7	0	0	0	0	153
Brighterorange	181	12	0	0	1	0	0	21	1	0	0	0	216
Brion VIBBER	192	9	0	0	12	0	1	27	11	0	0	4	256
Brockert	189	51	0	0	3	3	0	31	30	0	0	0	307
BrokenSegue	1363	11	0	0	62	67	0	153	40	0	0	0	1696
Brookie	3998	53	0	0	212	3	0	229	4	0	0	0	4499
BrownHairedGirl	1574	123	0	0	148	7	9	134	16	2	0	0	2013
Bryan Derksen	828	324	0	0	5	7	0	10	0	0	0	2	1176
Bubba hotep	2988	70	1	0	49	3	5	949	12	22	0	4	4103
Buchanan-Hermit	514	18	0	0	28	6	0	452	20	0	0	0	1038
Bucketsofg	648	22	0	0	66	6	0	224	8	0	0	0	974
Buckshot06	343	4	0	0	8	0	1	11	0	1	0	0	368
Bumm13	843	39	0	0	6	1	0	32	4	2	0	5	932
Bunchofgrapes	738	10	0	0	62	44	0	203	37	0	0	0	1094
Burgundavia	1105	0	0	0	4	0	0	1	0	0	0	0	1110
Burstorder	0	0	0	0	2	0	0	0	0	0	0	0	2
Butseriouslyfolks	5143	83	0	0	36	3	1	137	15	0	0	0	5418
Bwilkins	3732	11	0	0	51	1	3	63	46	49	0	3	3959
C-3PO	0	0	0	0	3	0	0	0	0	0	0	0	3
C.Fred	9546	80	0	0	238	6	8	1747	34	27	0	0	11686
C12H22O11	1351	5	0	0	49	8	0	47	7	0	0	0	1467
CALR	29	0	0	0	0	0	0	1	0	0	0	0	30
CAT:TEMP deletion bot	2120	0	0	0	0	0	0	0	0	0	0	0	2120
CBDunkerson	3500	64	0	0	683	49	0	30	22	0	0	1	4349
CBM	4376	143	0	0	243	96	23	66	27	2	0	3	4979
CIreland	1522	42	10	0	199	14	26	425	18	14	0	1	2271
CJ	1928	79	0	0	112	22	3	277	18	0	0	2	2441
CJCurrie	401	19	0	0	126	8	2	127	13	0	0	0	696
CJLL Wright	1867	30	0	0	59	3	7	253	4	0	0	0	2223
CLW	13919	54	0	0	3	0	0	26	0	0	0	0	14002
CMBJ	0	0	0	0	1	0	0	0	0	0	0	0	1
COGDEN	60	16	0	0	2	0	0	4	0	1	0	0	83
CRGreathouse	11	0	0	0	0	0	0	1	1	1	0	0	14
CSTAR	58	5	0	0	6	3	0	93	3	0	0	0	168
CYD	1	0	0	0	1	0	0	0	0	0	0	0	2
Cactus.man	592	17	0	0	61	34	0	178	10	0	0	0	892
CactusWriter	1512	115	0	0	21	2	0	51	4	6	0	4	1715
Cacycle	187	11	0	0	26	2	1	13	1	0	0	1	242
Cailil	119	3	0	0	33	0	2	60	12	0	0	0	229
Caknuck	2127	9	0	0	287	39	53	802	12	9	0	0	3338
Calliopejen1	3003	90	0	0	12	3	0	7	0	0	0	0	3115
Calmer Waters	9604	2	3	0	38	0	0	189	3	5	0	1	9845
Caltrop	58	22	0	0	0	0	0	7	3	0	0	0	90
Camaron	853	329	5	0	350	67	94	330	32	33	0	22	2115
CambridgeBayWeather	15623	277	1	0	232	19	142	1066	24	8	0	0	17392
Camembert	12	2	0	0	0	1	0	0	0	0	0	0	15
Camw	463	15	4	0	11	0	1	181	0	8	0	0	683
Can't sleep, clown will eat me	9514	230	0	0	3000	125	133	32088	586	0	0	0	45676
Canadian Paul	1041	34	0	0	18	5	1	24	3	0	0	0	1126
Canadian-Bacon	426	2	0	0	16	3	0	232	5	0	0	0	684
CanadianCaesar	3505	62	0	0	53	14	0	1084	85	0	0	0	4803
Canderson7	1183	11	0	0	18	13	1	220	2	0	0	0	1448
Canley	894	11	0	0	1	1	0	4	0	0	0	0	911
Canterbury Tail	1839	7	0	0	89	8	10	430	23	12	0	0	2418
Cantthinkofagoodname	2	0	0	0	0	0	0	2	0	0	0	0	4
CapitalR	923	12	0	0	17	7	0	49	1	1	0	1	1011
Capitalistroadster	620	1	0	0	3	0	0	23	3	0	0	0	650
Carabinieri	433	7	0	0	4	3	0	3	2	0	0	0	452
Carbonite	188	3	0	0	28	10	0	226	22	0	0	0	477
Carcharoth	38	77	0	0	2	3	1	1	2	0	0	0	124
Caribbean H.Q.	366	15	0	0	73	10	8	256	20	0	0	0	748
Carioca	2735	12	0	0	6	1	1	9	0	0	0	0	2764
Carlosguitar	2924	20	0	0	30	1	3	166	11	0	0	0	3155
Carlossuarez46	10576	129	0	0	27	2	0	66	6	1	0	0	10807
Carnildo	2391	98	0	0	94	18	2	62	21	0	0	3	2689
Cary Bass	4	3	14	17	5	1	1	1	2	0	2	0	50
Casliber	106	90	12	0	193	11	34	113	6	0	0	2	567
Catbar	28	0	0	0	2	1	0	11	0	0	0	0	42
CatherineMunro	69	13	0	0	0	0	0	3	3	0	0	0	88
Catrope	0	0	0	0	0	0	0	0	0	0	0	1	1
CattleGirl	908	12	0	0	19	3	1	42	7	0	0	0	992
Caulde	2522	84	0	0	423	28	54	892	36	0	0	78	4117
Causa sui	1715	40	0	0	91	53	20	258	17	3	0	1	2198
Cbl62	17	1	0	0	6	0	0	0	0	0	0	0	24
Cbrown1023	3423	77	0	0	404	73	7	206	32	0	0	8	4230
Cburnett	48	18	0	0	6	2	0	14	5	0	0	0	93
Cdc	2188	10	0	0	10	9	0	21	2	0	0	0	2240
Cecropia	39	3	0	0	36	5	0	6	6	0	215	334	644
Cedrus-Libani	101	4	0	0	1	0	0	0	0	0	0	0	106
Celestianpower	735	9	0	0	19	3	0	170	70	0	0	0	1006
Cenarium	1797	80	1	0	367	141	184	135	4	6	0	33	2748
Centrx	17225	405	0	0	1005	947	13	1334	212	0	0	0	21141
Ceranthor	32	2	0	0	0	0	0	1	0	0	0	0	35
CesarB	3606	141	0	0	123	49	0	942	212	0	0	0	5073
Ceyockey	1779	48	0	0	4	0	0	15	2	0	0	0	1848
Chadloder	0	0	0	0	0	0	0	6	0	0	0	0	6
Chairboy	5162	13	0	0	69	8	0	188	14	0	0	0	5454
Chamal N	149	4	0	0	81	5	23	82	2	2	0	5	353
Chancemill	0	0	0	0	1	1	0	2	0	0	0	0	4
Charles Matthews	1948	36	0	0	5	1	0	132	20	0	0	0	2142
Chase me ladies, I'm the Cavalry	2904	69	2	0	463	27	52	893	37	16	0	1	4464
Chaser	2276	106	2	0	319	45	39	866	120	11	0	10	3794
Ched Davis	118	9	0	0	4	0	0	11	4	0	0	4	150
Chell and the cake	0	0	0	0	2	0	0	0	0	0	0	0	2
Chessnotator1967	0	0	0	0	1	0	0	0	0	0	0	0	1
Chick Bowen	4711	213	0	0	80	15	5	140	30	0	0	1	5195
Chillum	1494	27	0	0	61	12	7	740	52	76	0	10	2479
Chmod007	13	2	0	0	2	0	0	1	1	0	0	0	19
Chochopk	27	37	0	0	1	0	0	2	1	0	0	0	68
Choess	12	8	0	0	0	0	0	0	0	0	0	0	20
Cholmes75	4621	10	0	0	26	0	0	112	3	0	0	0	4772
Chris 73	1934	15	0	0	63	8	1	714	30	3	0	0	2768
Chris G	6911	172	0	0	252	15	38	2941	70	231	0	11	10641
Chris Roy	3	0	0	0	0	0	0	1	0	0	0	0	4
ChrisGriswold	1126	16	0	0	51	8	0	210	21	0	0	0	1432
ChrisO	2405	22	0	0	337	63	35	757	39	3	0	1	3662
ChrisTheDude	750	19	0	0	6	1	0	20	2	0	0	0	798
Chrislk02	4106	61	0	0	134	21	8	1632	91	12	0	5	6070
Christopher Mahan	38	5	0	0	0	0	0	0	0	0	0	0	43
Christopher Parham	747	10	0	0	4	2	0	24	1	0	0	0	788
Christopher Sundita	62	39	0	0	9	4	0	17	2	0	0	0	133
Chuck SMITH	0	1	0	0	0	0	0	0	0	0	0	0	1
Chunky Rice	342	1	0	0	4	3	0	31	2	0	0	0	383
Chuq	217	19	0	0	13	2	1	93	6	0	0	0	351
CieloEstrellado	0	0	0	0	1	0	0	0	0	0	0	0	1
Cimon Avaro	235	10	0	0	2	5	1	4	0	0	6	5	268
Circeus	1747	8	0	0	50	27	0	155	13	0	0	0	2000
Cirt	16001	138	0	0	841	20	157	5751	38	26	0	2	22974
Citicat	719	19	0	0	24	1	0	36	4	0	0	0	803
Ck lostsword	308	4	0	0	13	1	5	308	16	0	0	0	655
Ckatz	1434	66	71	0	203	6	47	963	18	28	0	1	2837
Clarkk	23	0	0	0	0	1	0	0	0	0	0	0	24
Cleared as filed	1346	19	0	0	0	0	0	53	2	0	0	0	1420
Climie.ca	0	0	0	0	2	1	0	13	1	1	0	1	19
ClockworkLunch	20	4	0	0	11	1	0	4	0	0	0	0	40
ClockworkSoul	759	46	0	0	39	7	4	220	19	4	0	0	1098
Closedmouth	23148	168	0	0	103	4	14	1751	43	78	0	43	25352
CloudNine	424	15	0	0	24	1	2	32	2	0	0	0	500
ClueBot	0	0	0	0	1	0	0	0	0	0	0	0	1
Cnwb	661	11	0	0	0	0	0	23	2	0	0	0	697
Cobaltbluetony	7277	93	0	0	447	24	9	468	22	5	0	0	8345
Cobi	51	0	0	0	2	0	0	4	1	0	0	1	59
Coelacan	1194	30	0	0	85	10	1	845	53	0	0	0	2218
Coffee	1414	180	1	0	180	10	119	410	15	90	0	11	2430
Coffeedrinker87	0	0	0	0	1	0	0	0	0	0	0	0	1
Cohesion	6799	46	0	0	2	18	1	3	0	0	0	0	6869
Colds7ream	138	9	0	0	2	1	0	2	0	0	0	2	154
Commander Keane	4782	229	0	0	41	22	0	150	29	0	0	1	5254
Conscious	13449	65	0	0	2	2	0	56	0	0	0	0	13574
Consumed Crustacean	735	23	0	0	46	3	1	354	36	1	0	0	1199
Conti	464	45	0	0	12	38	3	73	3	0	0	1	639
Cool Hand Luke	940	573	0	0	65	12	20	86	17	0	0	0	1713
Cool3	35	0	0	0	3	2	0	22	1	2	0	3	68
Coralmizu	168	2	0	0	23	1	2	47	2	1	0	0	246
Coredesat	11148	136	0	0	235	25	11	494	60	0	0	0	12109
Coren	865	23	41	1	56	7	7	200	39	6	0	1	1246
Cowman109	433	36	0	0	101	43	4	360	44	0	0	0	1021
Craigy144	3099	11	0	0	8	3	1	38	0	0	0	1	3161
Crazycomputers	444	8	0	0	54	15	6	717	42	2	0	3	1291
Crazytales	162	15	0	0	19	1	2	117	18	0	0	0	334
Cremepuff222	176	6	0	0	3	2	1	98	5	0	0	0	291
Croat Canuck	83	3	0	0	1	1	0	5	1	0	0	0	94
Crum375	187	18	1	0	96	7	23	287	13	1	0	0	633
Cryptic	9383	238	0	0	136	15	1	322	21	0	0	0	10116
CryptoDerk	1091	1	0	0	67	9	0	1014	45	0	0	0	2227
Crzrussian	5139	133	0	0	156	28	0	150	13	0	0	0	5619
Cuchullain	376	75	0	0	14	1	3	40	0	0	0	0	509
Curps	5148	166	0	0	461	101	0	26558	1065	0	0	0	33499
Cutler	69	0	0	0	0	0	0	7	0	0	0	0	76
CyborgTosser	2	0	0	0	0	0	0	0	0	0	0	0	2
Cyde	19101	111	0	0	258	32	2	830	168	0	0	0	20502
Cydebot	21772	0	0	0	0	0	0	0	0	0	0	0	21772
Cyp	3	0	0	0	0	0	0	0	0	0	0	0	3
Cyrius	1637	102	0	0	29	13	0	72	8	0	0	0	1861
D. Recorder	172	18	0	0	2	0	0	34	2	0	0	0	228
DDima	540	9	0	0	1	0	0	1	0	0	0	0	551
DESiegel	1562	194	0	0	11	2	0	44	30	1	0	1	1845
DGG	10910	252	0	0	302	8	12	120	10	7	0	1	11622
DJ Clayworth	6701	35	0	0	40	11	2	367	18	6	0	0	7180
DMacks	6060	63	5	0	339	13	63	1092	12	104	0	1	7752
DO11.10	417	28	0	0	2	0	0	5	1	0	0	2	455
DVD R W	6129	53	0	0	54	17	7	962	21	0	0	3	7246
DYKUpdateBot	257	0	0	0	0	0	0	0	0	0	0	0	257
DaGizza	1095	1	0	0	8	4	1	54	3	0	0	0	1166
Dale Arnett	69	1	0	0	2	0	0	4	0	0	0	0	76
Dan100	294	16	0	0	18	12	0	186	44	0	0	0	570
DanKeshet	104	1	0	0	6	0	0	2	0	0	0	0	113
DanMS	65	0	0	0	2	1	0	0	0	0	0	0	68
Danaman5	287	4	0	0	6	0	0	4	4	0	0	2	307
Daniel	4961	268	3	0	635	42	66	570	76	4	0	13	6638
Daniel Case	2504	35	29	169	318	16	8	5722	182	43	0	17	9043
Daniel J. Leivick	775	7	0	0	19	1	0	86	5	2	0	0	895
Daniel Olsen	711	1	0	0	10	0	0	84	2	0	0	0	808
Daniel Quinlan	54	3	0	0	0	2	0	2	0	0	0	0	61
DanielCD	243	1	0	0	15	11	0	37	2	0	0	0	309
Dank	11711	94	0	0	139	7	1	3294	13	18	0	1	15278
Danny	1076	126	0	0	26	9	0	105	29	0	4	7	1382
Dannyisme	5	0	0	0	4	0	0	2	2	0	0	0	13
Dante Alighieri	683	18	0	0	20	17	3	180	29	0	0	0	950
DarkFalls	2751	147	0	0	310	38	81	878	48	15	0	7	4275
Darkoneko	3	0	3	0	0	0	0	1	0	0	1	0	8
Darthgriz98	250	4	0	0	5	0	0	115	2	0	0	0	376
Darwinek	2318	14	0	0	77	6	1	199	6	0	0	0	2621
Dave souza	79	3	0	0	14	2	0	571	20	5	0	0	694
Davemeistermoab	5	0	0	0	1	0	1	5	1	0	0	1	14
Davewild	3090	40	0	0	3	3	0	387	1	0	0	0	3524
Daveydweeb	134	1	0	0	2	0	0	4	1	0	0	0	142
David D.	26	4	0	0	12	1	5	11	2	1	0	0	62
David Eppstein	2428	39	0	0	38	7	2	56	3	3	0	0	2576
David Fuchs	1051	35	2	0	77	6	13	94	8	0	0	0	1286
David Gerard	527	43	1	0	71	7	1	1478	358	0	0	3	2489
David Kernow	635	5	0	0	45	0	0	0	0	0	0	0	685
David Levy	984	128	0	0	244	58	3	149	10	5	0	7	1588
David Newton	54	3	0	0	4	0	0	12	12	0	0	0	85
David.Monniaux	523	60	0	0	100	13	0	222	30	3	0	0	951
DavidLevinson	35	52	0	0	9	0	0	9	0	0	0	0	105
DavidWBrooks	1204	1	0	0	14	2	2	95	0	0	0	0	1318
Davidcannon	155	57	0	0	31	4	0	137	26	1	0	0	411
Davidgothberg	110	61	0	0	214	8	49	28	7	2	0	3	482
Davidruben	35	0	0	0	7	1	1	80	2	0	0	0	126
Davodd	192	29	0	0	3	3	1	25	1	0	0	0	254
Dbachmann	452	32	2	0	144	41	22	208	20	1	0	0	922
Dbenbenn	6085	109	0	0	260	583	0	26	7	0	0	0	7070
Dcoetzee	349	46	0	0	10	4	0	51	11	0	0	1	472
Ddstretch	13	0	0	0	20	5	6	207	20	6	0	0	277
Deacon of Pndapetzim	625	23	0	0	31	3	3	172	13	13	0	34	917
DeadEyeArrow	934	14	0	0	26	5	0	199	6	0	0	0	1184
Deathphoenix	1168	49	0	0	17	5	0	420	80	0	0	0	1739
Deb	13785	62	0	0	27	2	0	336	4	1	0	0	14217
Deckiller	1228	35	0	0	80	14	2	300	46	0	0	0	1705
Decltype	1893	61	3	0	9	2	2	183	5	12	0	19	2189
Decumanus	42	0	0	0	3	0	0	12	0	0	0	0	57
Deiz	955	16	0	0	163	8	3	392	20	0	0	0	1557
Dekimasu	1154	63	0	0	16	1	0	20	6	7	0	1	1268
Delirium	3470	23	0	0	20	11	0	306	18	0	0	0	3848
Delldot	1935	27	0	0	16	6	1	608	9	0	0	0	2602
Deltabeignet	836	1	0	0	5	6	0	130	2	0	0	0	980
Demi	151	32	0	0	2	1	0	51	17	0	0	0	254
Denelson83	1137	18	0	0	58	12	11	39	6	0	0	0	1281
Denni	2324	30	0	0	23	3	0	5	0	0	0	0	2385
Department of Redundancy Department	195	5	3	0	22	0	4	342	3	22	0	2	598
DerHexer	134630	44	1	0	95	3	9	5848	39	4	0	21	140694
Derek Ross	523	11	0	0	15	4	3	2	0	0	0	0	558
Deryck Chan	1	1	0	0	0	2	0	1	0	0	0	0	5
Deskana	1426	86	73	0	218	79	21	1180	115	52	337	190	3777
Deville	1015	6	0	0	16	1	0	205	4	3	0	0	1250
Dfrg.msc	35	1	0	0	0	0	0	7	0	0	0	0	43
Dgies	575	29	0	0	27	4	3	223	18	0	0	2	881
Dgrant	0	0	0	0	1	0	0	0	0	0	0	0	1
Diberri	128	3	0	0	3	1	0	5	0	0	0	0	140
Dieter Simon	3	0	0	0	40	0	3	0	0	0	0	0	46
Dijxtra	135	6	0	0	13	6	0	36	4	0	0	0	200
Dina	3371	18	0	0	49	1	0	273	5	0	0	0	3717
Dino	24	0	0	0	0	0	0	0	0	0	0	0	24
Dinoguy1000	116	5	0	0	45	1	4	7	1	0	0	1	180
Discospinster	17432	385	6	0	152	10	12	1223	6	7	0	0	19233
Djsasso	1126	209	4	0	50	7	5	366	10	1	0	8	1786
Dlohcierekim	5999	143	0	0	181	10	19	559	40	20	0	1	6972
Dmn	35	1	0	0	10	4	0	12	15	0	0	0	77
Doc glasgow	4087	123	0	0	370	42	11	1060	83	0	0	42	5818
Docu	1173	61	0	0	123	2	9	11	5	0	0	2	1386
Doczilla	73	5	0	0	9	6	0	90	8	0	0	0	191
Dominic	13284	64	47	202	82	186	2	3402	637	32	0	35	17973
DonCalo	0	0	0	0	1	0	0	0	0	0	0	0	1
Donald Albury	1157	3	0	0	7	2	2	118	4	0	0	0	1293
DoomsDay349	222	4	0	0	2	0	0	0	0	0	0	0	228
Dori	11	0	0	0	0	0	0	2	2	0	0	0	15
Doug	421	50	0	0	20	135	8	24	3	11	0	6	678
Doug Bell	2427	36	0	0	29	12	0	25	3	0	0	0	2532
Dougweller	379	8	0	0	226	16	41	1331	22	40	0	1	2064
Dpbsmith	133	4	0	0	3	2	0	17	0	0	0	0	159
Dppowell	5	1	0	0	6	1	0	115	6	0	0	0	134
DrBob	17	1	0	0	0	0	0	7	0	0	0	0	25
DrKiernan	1433	35	2	0	48	5	6	156	10	0	0	0	1695
DragonflySixtyseven	30488	388	8	0	366	37	11	4643	189	198	0	197	36525
Dragons flight	616	66	0	0	115	35	2	117	28	0	0	1	980
Dravecky	940	11	0	0	105	5	1	10	0	0	0	0	1072
Dreadstar	1005	79	0	0	260	12	16	1932	96	3	0	0	3403
Drilnoth	15939	57	0	0	53	2	13	0	0	0	0	6	16070
Drini	9606	93	0	0	179	38	1	4463	234	1	0	8	14623
DropDeadGorgias	340	3	0	0	24	1	0	90	5	0	0	0	463
Dsmdgold	819	11	0	0	3	0	0	3	0	0	0	0	836
Duja	875	136	0	0	20	9	2	72	9	0	0	0	1123
Duk	3834	30	0	0	61	15	2	129	25	0	0	1	4097
Dumelow	27	2	0	0	24	1	0	0	0	0	0	0	54
Duncharris	986	57	0	0	47	10	0	92	20	0	0	0	1212
Durin	2448	7	0	0	28	13	0	168	15	0	0	0	2679
Durova	24	1	0	0	211	37	11	388	66	0	0	0	738
Dustimagic	216	2	0	0	4	2	0	50	8	1	0	0	283
Dvyost	56	0	0	0	0	0	0	11	1	0	0	0	68
Dweller	1689	31	3	0	117	2	5	305	10	0	325	11	2498
Dysprosia	154	6	0	0	3	1	0	97	11	0	0	0	272
ERcheck	2944	9	0	0	66	10	0	1002	29	1	0	0	4061
ESkog	11331	76	2	0	125	22	4	901	108	3	0	0	12572
EVula	2371	95	9	24	155	20	13	929	28	1	481	43	4169
EWS23	643	3	0	0	7	2	0	136	11	0	0	0	802
Earl Andrew	113	36	0	0	29	6	0	72	12	0	0	0	268
Earle Martin	284	11	0	0	9	2	1	33	2	0	0	0	342
East718	226057	1912	0	0	5654	1632	290	3532	1007	16	0	32	240132
Ed Poor	73	13	0	0	35	32	0	71	28	0	10	16	278
Ed g2s	3050	69	0	0	30	27	2	50	5	0	0	0	3233
EdJohnston	932	29	0	0	607	29	68	877	54	22	0	4	2622
Edcolins	32	5	0	0	2	2	0	2	0	0	0	0	43
Edgar181	44168	267	156	0	555	20	19	17270	186	221	0	24	62886
Edison	889	26	0	0	4	1	1	193	3	3	0	0	1120
Edokter	1372	36	0	0	33	14	22	46	5	1	0	1	1530
Edward	372	0	0	0	1	0	0	21	3	0	0	0	397
Edward Z. Yang	12	0	0	0	3	0	0	8	1	0	0	0	24
EdwinHJ	572	4	0	0	14	4	1	23	7	0	0	0	625
Efe	1618	5	0	0	11	1	3	164	0	2	0	1	1805
Egil	61	0	0	0	1	0	0	214	3	0	0	0	279
Either way	5498	37	0	0	161	10	9	887	43	9	0	7	6661
El C	1717	52	0	0	637	58	24	2996	116	0	0	3	5603
Eleassar	162	32	0	0	6	0	0	3	0	0	0	0	203
Electionworld	1285	33	0	0	1	0	0	0	0	0	0	0	1319
Elf	138	14	0	0	0	0	0	0	0	0	0	0	152
Elf-friend	465	1	0	0	17	0	0	15	0	0	0	0	498
ElinorD	7274	69	0	0	60	1	5	254	15	0	0	0	7678
Eliz81	960	48	0	0	93	0	19	229	4	0	0	1	1354
Elkman	5946	12	0	0	45	5	4	404	29	0	0	0	6445
Ellsworth	18	0	0	0	0	0	0	1	0	0	0	0	19
Elockid	73	7	12	0	132	4	35	1216	4	88	0	0	1571
Elonka	1306	21	0	0	47	13	2	533	26	8	0	0	1956
Eloquence	126	5	0	0	8	5	0	29	10	0	0	1	184
Eluchil404	1029	76	0	0	6	1	1	13	0	0	0	0	1126
Emperor	55	40	0	0	3	0	0	1	1	0	0	0	100
EncMstr	612	56	0	0	247	115	34	1140	22	21	0	1	2248
Encephalon	92	22	0	0	27	6	0	28	36	0	0	0	211
Enchanter	14	0	0	0	1	3	0	2	0	0	0	0	20
EncycloPetey	129	16	0	0	70	0	3	33	2	0	0	0	253
Enigmaman	908	13	0	0	465	7	123	1159	15	226	0	2	2918
Enochlau	17605	26	0	0	72	20	1	56	4	0	0	0	17784
Epbr123	2647	8	0	0	9	0	1	635	7	3	0	1	3311
Erdem Tüzün	0	0	0	0	2	0	0	0	0	0	0	0	2
Ericorbit	204	7	0	0	223	5	11	344	0	6	0	0	800
Esanchez7587	2525	3	0	0	70	4	7	265	1	2	0	0	2877
Espresso Addict	316	8	0	0	5	1	0	2	0	0	0	0	332
Esprit15d	389	9	0	0	9	2	0	1	0	0	0	0	410
Essexmutant	19	0	0	0	1	0	0	7	1	0	0	0	28
Essjay	1806	171	0	0	218	23	0	1236	248	0	715	102	4519
Esteffect	791	24	0	0	17	6	0	96	21	0	0	0	955
Eugene van der Pijll	971	54	0	0	9	3	0	8	1	0	0	0	1046
EurekaLott	763	69	0	0	18	1	0	39	0	0	0	0	890
Euryalus	1083	9	0	0	57	2	10	353	8	16	0	3	1541
Eustress	263	0	0	0	0	1	0	0	0	1	0	0	265
Ev	162	20	0	0	6	0	0	2	0	0	0	0	190
EvanProdromou	0	0	0	0	0	0	0	1	0	0	0	0	1
Eventtable	0	0	0	0	1	0	0	0	0	0	0	0	1
Evercat	350	6	0	0	32	25	1	261	35	0	0	0	710
Everyking	1309	4	0	0	8	12	0	28	12	0	0	0	1373
Evil Monkey	1894	13	0	0	28	12	0	284	23	0	0	0	2254
Evil saltine	1439	41	0	0	23	9	2	590	23	19	0	3	2149
Evilphoenix	835	60	0	0	79	5	0	143	16	0	0	0	1138
Excirial	979	10	0	0	28	3	8	364	12	20	0	6	1430
Explicit	19607	65	0	0	177	4	31	236	2	7	0	0	20129
Exploding Boy	1442	6	0	0	7	3	1	404	21	7	0	0	1891
Extraordinary Machine	343	142	0	0	14	5	0	178	28	0	0	0	710
Extreme Unction	543	22	0	0	26	2	0	26	4	0	0	0	623
Eye of the Mind	16	2	0	0	9	2	1	9	0	0	0	0	39
EyeEightDestroyerBot	2149	0	0	0	0	0	0	0	0	0	0	0	2149
EyeSerene	310	22	0	0	80	2	20	531	29	16	0	0	1010
Eyrian	633	23	0	0	33	3	0	40	1	0	0	0	733
Ezeu	914	30	0	0	38	35	4	125	9	0	0	0	1155
Ezhiki	1174	378	0	0	45	14	6	67	23	0	0	3	1710
FCYTravis	3479	174	0	0	158	46	19	192	31	0	0	0	4099
FT2	430	40	63	14	74	6	5	230	37	13	0	17	929
Fabrictramp	4774	129	0	0	219	5	22	124	3	6	0	0	5282
Faithlessthewonderboy	3326	69	0	0	201	1	1	457	3	5	0	1	4064
Falco McCloud	0	0	0	0	1	0	0	0	0	0	0	0	1
Fang Aili	29077	83	0	0	118	52	0	253	12	0	0	0	29595
Fantasy	18	4	0	0	4	2	1	1	0	0	0	0	30
Fastfission	194	11	0	0	9	6	2	160	20	0	0	0	402
Fastily	34864	334	0	0	201	6	39	1020	11	43	0	57	36575
Father Goose	6	3	0	0	0	0	3	2	1	0	0	2	17
Fawcett5	813	8	0	0	3	2	0	58	0	0	0	0	884
FayssalF	409	8	0	0	309	52	13	1310	85	1	0	0	2187
Feco	3	0	0	0	0	0	0	0	0	0	0	0	3
FeloniousMonk	17	13	0	0	29	4	0	143	20	0	0	0	226
Femto	370	4	0	0	30	7	0	288	9	0	0	0	708
Fences and windows	329	12	0	0	18	0	3	60	2	5	0	0	429
Fennec	18	3	0	0	5	3	0	30	3	0	0	0	62
Ferkelparade	589	3	0	0	2	1	0	38	0	1	0	0	634
Feydey	7445	43	0	0	73	19	10	195	4	3	0	0	7792
Filelakeshoe	228	7	0	0	8	1	3	77	4	1	0	8	337
Filiocht	851	2	0	0	3	5	0	36	0	0	0	0	897
Finlay McWalter	355	3	0	0	20	6	2	432	19	1	0	0	838
Fir0002	21	0	0	0	0	0	0	1	0	0	0	0	22
Firsfron	1600	10	6	0	166	7	7	295	32	0	0	1	2124
Fish and karate	9155	209	0	0	372	21	20	634	375	1	0	11	10798
FisherQueen	7512	19	0	0	324	7	12	1761	49	177	0	0	9861
Fishhead64	24	1	0	0	0	0	0	27	0	0	0	0	52
Fl	522	7	2	0	2150	3	21	129	2	4	0	16	2856
Flcelloguy	855	42	0	0	775	720	0	268	40	0	0	0	2700
FloNight	483	5	29	17	61	6	3	153	18	0	0	1	776
Flockmeal	146	1	0	0	1	0	0	14	0	0	0	0	162
Floquenbeam	248	14	3	0	44	7	12	367	9	43	0	4	751
Flowerparty	1957	59	0	0	19	3	0	29	0	0	0	0	2067
Flucky	0	0	0	0	1	0	0	0	0	0	0	0	1
Flyguy649	1737	27	0	0	252	12	35	1174	38	24	0	1	3300
FlyingToaster	59	1	0	0	0	1	0	1	0	2	0	2	66
Formeruser-81	44	0	0	0	21	3	0	25	20	0	0	0	113
Formeruser-82	199	24	0	0	45	24	0	121	25	0	0	0	438
Fox	1088	43	0	0	52	7	11	156	17	6	0	8	1388
Fram	9272	191	3	0	206	6	35	425	8	6	0	0	10152
Fran Rogers	14898	118	0	0	328	26	47	3920	822	2371	0	7	22537
Franamax	10	4	0	0	4	0	0	25	3	2	0	1	49
FrancisTyers	172	5	0	0	20	7	0	67	15	0	0	0	286
Francs2000	10097	74	0	0	122	17	0	574	21	0	0	12	10917
Frank	4874	47	0	0	52	2	6	224	10	6	0	6	5227
Frazzydee	384	15	0	0	65	34	0	29	13	1	0	6	547
Freakofnurture	9841	927	0	0	551	96	5	10422	1134	0	0	0	22976
Fred Bauder	184	48	320	7	114	32	1	336	232	58	0	44	1376
Fred J	1431	16	0	0	12	7	0	36	1	0	0	0	1503
Fredrik	209	3	0	0	1	0	0	40	1	0	0	0	254
Freestylefrappe	14	0	0	0	4	1	0	48	1	0	0	0	68
FreplySpang	6790	37	0	0	35	5	0	776	47	0	0	0	7690
Fribbler	550	4	0	0	10	0	3	3	2	1	0	2	575
Friday	9893	96	0	0	55	22	3	411	40	0	0	12	10532
Fritzpoll	1121	28	1	0	44	3	7	69	11	5	0	32	1321
Fropuff	28	1	0	0	2	0	0	2	0	0	0	0	33
Fuhghettaboutit	7324	157	0	0	210	10	0	412	9	16	0	4	8142
Func	9	0	0	0	14	1	0	1215	124	0	0	0	1363
Furrykef	110	11	0	0	0	1	0	1	0	0	0	0	123
Future Perfect at Sunrise	3919	181	0	0	535	52	44	1955	299	39	0	11	7035
Fuzheado	886	21	0	0	63	13	3	576	42	0	0	0	1604
Fvasconcellos	1685	122	0	0	223	19	49	166	7	2	0	3	2276
Fvw	2867	41	0	0	28	17	0	2226	3509	31	0	0	8719
Fys	802	7	0	0	29	13	0	168	40	0	0	0	1059
G-Man	112	33	0	0	10	5	0	12	1	0	0	0	173
G.A.S	69	4	0	0	1	0	0	0	0	0	0	0	74
GDonato	3037	34	0	0	298	19	13	434	38	2	0	11	3886
GRBerry	1667	195	0	0	53	20	1	113	10	0	0	0	2059
GTBacchus	4182	316	0	0	19	13	0	177	14	0	0	0	4721
Gabbe	639	0	0	0	1	1	2	22	3	0	0	0	668
Gadfium	2112	37	0	0	74	13	5	3269	183	7	0	10	5710
Gadget850	482	32	0	0	5	1	0	1	0	0	0	0	521
Gaillimh	27	13	0	0	13	2	0	35	7	0	0	0	97
Gaius Cornelius	20	0	0	0	1	0	0	71	3	0	0	0	95
Galwhaa	235	6	0	0	2	0	0	11	3	0	0	0	257
Gamaliel	1561	112	0	0	190	73	11	1111	168	8	0	0	3234
Ganeshk	939	134	0	0	11	7	0	20	10	0	0	0	1121
Garion96	13349	335	0	0	72	11	7	223	9	3	0	7	14016
Garzo	351	4	0	0	40	5	2	444	8	0	0	0	854
Gatoclass	131	2	0	0	52	28	1	1	0	0	0	0	215
Gator1	172	15	0	0	55	3	0	183	26	0	0	0	454
Gazimoff	327	3	0	0	5	2	1	73	2	1	0	2	416
Gdr	337	10	0	0	47	45	0	5	0	0	0	0	444
Ged UK	3842	40	2	0	892	20	134	451	2	26	0	3	5412
GeeJo	714	9	0	0	64	33	0	4	0	0	0	0	824
GeneralPatton	25	0	0	0	3	3	0	13	3	0	0	0	47
Geni	10236	312	0	0	185	103	4	458	90	0	0	6	11394
Geniac	199	0	0	0	60	17	3	475	4	0	0	0	758
Gentgeen	99	6	0	0	2	0	1	35	4	0	0	0	147
Geogre	5178	12	0	0	21	2	0	221	16	1	0	0	5451
Geometry guy	256	25	0	0	2	1	3	3	0	2	0	3	295
Georgewilliamherbert	74	120	0	0	204	5	20	1209	106	27	0	1	1766
Gerald Farinas	65	0	0	0	3	4	1	4	1	0	0	0	78
Geschichte	6905	85	0	0	3	0	0	19	6	0	0	0	7018
Getluv	0	0	0	0	1	0	0	0	0	0	0	0	1
Gilliam	1029	4	0	0	131	24	17	7026	15	11	0	0	8257
Gimmetrow	948	70	0	0	275	3	109	606	30	19	0	10	2070
Ginkgo100	963	17	0	0	38	13	0	527	14	0	0	2	1574
Gladys j cortez	5	0	0	0	24	2	2	86	4	7	0	0	130
GlassCobra	2574	67	0	0	83	8	10	1456	14	11	0	9	4232
Glen	1641	83	0	0	182	17	1	4516	198	0	0	0	6638
Gnangarra	1697	34	0	0	200	18	6	246	40	1	0	2	2244
Gnasher29	0	0	0	0	1	0	0	0	0	0	0	0	1
Goatasaur	16	2	0	0	1	1	0	2	0	0	0	0	22
Gogo Dodo	36401	119	0	0	869	7	119	4668	41	156	0	1	42381
Golbez	5727	85	0	0	224	81	20	1400	166	10	0	2	7715
Goldom	1940	7	0	0	8	0	0	50	4	0	0	0	2009
GoneAwayNowAndRetired	149	4	0	0	135	4	41	89	3	12	0	2	439
Gonzo fan2007	3778	80	0	0	405	38	66	240	21	0	0	9	4637
Good Olfactory	8611	428	0	0	59	16	3	90	7	5	0	0	9219
Goodnightmush	626	1	0	0	13	1	4	105	1	0	0	0	751
Goodoldpolonius2	1	0	0	0	4	2	0	27	0	0	0	0	34
Graeme Bartlett	7448	119	0	0	90	3	12	441	1	24	0	10	8148
GraemeL	971	6	0	0	59	28	2	1177	87	3	0	0	2333
Graft	3	1	0	0	1	1	2	0	0	0	0	0	8
Graham87	6700	11314	0	0	159	7	25	232	9	7	0	4	18457
GrahamColm	55	2	0	0	13	3	3	29	4	0	0	0	109
Grandmasterka	3058	35	0	0	119	12	2	529	30	1	0	3	3789
Grant65	6	5	0	0	2	1	0	3	0	0	0	0	17
Greeves	323	5	0	0	6	2	0	26	0	0	0	7	369
GregAsche	239	1	0	0	13	17	0	152	9	0	0	0	431
GregRobson	1	0	0	0	0	0	0	0	0	0	0	0	1
Grenavitar	866	32	0	0	3	2	0	41	7	0	0	1	952
Grendelkhan	38	2	0	0	0	0	0	4	0	0	0	0	44
Grm wnr	533	6	0	0	4	2	0	38	5	0	0	0	588
Grossmünster	0	0	0	0	1	0	0	0	0	0	0	0	1
Ground Zero	64	0	0	0	29	6	4	38	0	3	0	0	144
Grue	202	103	0	0	10	18	0	25	7	0	0	0	365
Grunt	86	5	0	0	4	2	0	10	2	0	0	0	109
Grutness	2479	103	0	0	91	10	3	24	16	0	0	0	2726
Gryffindor	115	8	0	0	5	0	0	1	1	0	0	0	130
Gtrmp	403	12	0	0	3	0	0	1	0	0	0	0	419
Guanaco	513	188	0	0	40	42	0	387	257	0	0	0	1427
Guettarda	207	74	0	0	47	29	7	72	18	0	0	0	454
Guillom	4	0	0	0	0	0	0	0	0	0	0	0	4
Gurch	36411	1467	0	0	76	22	0	695	17	0	0	0	38688
Gurubrahma	309	6	0	0	144	93	0	39	2	0	0	0	593
Gutza	12	1	0	0	2	1	2	5	3	0	0	0	26
Gwalla	965	10	0	0	2	1	0	82	8	0	0	0	1068
Gwen Gale	7218	244	14	0	561	41	47	1164	160	70	0	10	9529
Gwernol	3832	26	0	0	344	45	11	4359	157	0	0	0	8774
Gyrofrog	176	11	0	0	14	2	2	282	14	3	0	0	504
H	6668	26	0	0	96	39	0	1080	129	0	0	0	8038
HJ Mitchell	739	17	41	0	406	10	74	361	3	20	0	42	1713
Hadal	1484	0	0	0	6	7	0	316	3	0	0	0	1816
Haemo	2305	14	0	0	69	7	18	226	43	0	0	0	2682
Hajor	163	7	0	0	13	12	0	16	1	0	0	0	212
Hall Monitor	460	12	0	0	270	32	1	2964	235	0	0	0	3974
Hamster Sandwich	3	1	0	0	1	0	0	26	3	3	0	0	37
Happy-melon	2552	61	39	5	204	53	20	0	0	0	0	5	2939
HappyCamper	4332	105	0	0	121	87	0	586	458	0	0	0	5689
Happyme22	572	9	0	0	44	1	7	11	0	0	0	0	644
Harej	2798	77	0	0	145	47	8	38	21	2	0	9	3145
Harold Oxley	0	0	0	0	2	0	0	0	0	0	0	0	2
Harro5	4810	33	0	0	72	4	0	168	10	0	0	0	5097
Harryboyles	2379	2	0	0	10	1	0	4	1	0	0	0	2397
Hashar	19	0	0	0	0	0	0	0	0	0	0	0	19
Hatricide	0	0	0	0	1	0	0	0	0	0	0	0	1
Haukurth	1198	68	0	0	15	34	0	81	13	0	0	3	1412
Hawkeye7	1	0	0	0	0	0	0	0	0	0	0	0	1
Hawstom	3	0	0	0	5	1	0	6	1	0	0	0	16
Hbdragon88	675	7	0	0	7	1	2	2	0	0	0	0	694
Hcheney	20	0	0	0	0	0	0	15	0	0	0	0	35
Hdt83	25	1	0	0	9	2	0	76	2	0	0	1	116
Heah	782	14	0	0	17	6	0	92	9	0	0	0	920
Heimstern	455	19	0	0	99	8	7	933	38	7	0	0	1566
Hemanshu	447	5	0	0	0	0	0	5	0	0	0	0	457
Hemlock Martinis	819	44	0	0	28	2	5	84	8	0	0	0	990
Henrik	531	33	0	0	48	15	7	198	34	2	0	5	873
Henry Flower	126	4	0	0	18	10	0	213	8	0	0	0	379
Henrygb	1491	36	0	0	6	3	0	21	0	0	0	0	1557
Hephaestos	1	2	0	0	3	2	0	0	0	0	0	0	8
Herbythyme	3022	11	0	0	45	2	6	515	25	7	0	1	3634
HereToHelp	151	5	0	0	48	11	3	17	3	0	0	0	238
Hermione1980	501	4	0	0	4	3	1	11	2	0	0	0	526
Hernando Magallanes	0	0	0	0	4	0	0	0	0	0	0	0	4
Heron	24	2	0	0	0	0	0	54	4	0	0	0	84
Herostratus	5293	78	0	0	15	5	0	67	6	0	0	0	5464
Hersfold	3327	70	2	0	997	20	361	1324	222	156	0	57	6536
Hesperian	2300	201	0	0	98	18	4	361	55	1	0	2	3040
Hiberniantears	969	8	0	0	66	4	22	1021	24	8	0	2	2124
Hiding	1869	138	0	0	35	25	1	52	14	0	0	4	2138
Hit bull, win steak	198	8	0	0	2	0	0	33	0	1	0	0	242
Hmhur	0	0	0	0	1	0	0	0	0	0	0	0	1
Hmwith	5442	52	3	0	41	2	1	69	4	3	0	1	5618
Hoary	445	17	0	0	83	6	9	254	10	2	0	0	826
Horologium	519	4	0	0	125	4	31	83	2	6	0	1	775
HorsePunchKid	189	0	0	0	0	0	0	0	0	0	0	0	189
HowDumbAreYou	0	0	0	0	1	0	0	0	0	0	0	0	1
Howcheng	19044	215	6	3	69	101	2	76	11	0	0	1	19528
Hu12	1469	56	0	0	367	14	3	1064	37	1	0	2	3013
Humblefool	596	11	0	0	3	2	0	4	2	0	0	0	618
Humus sapiens	73	2	0	0	64	4	0	124	12	0	0	0	279
Huntster	534	38	0	0	39	5	2	32	0	1	0	0	651
Hurricanehink	220	2	0	0	0	0	0	7	0	0	0	0	229
Husnock	59	1	0	0	22	8	0	27	9	0	0	0	126
Husond	1248	11	0	0	423	39	22	1155	40	0	0	1	2939
Hut 8.5	5858	68	0	0	630	17	37	1193	17	5	0	20	7845
Hyacinth	895	14	0	0	0	1	0	6	1	0	0	0	917
IMatthew	0	0	0	0	1	0	0	0	0	0	0	0	1
Ian Dalziel	0	0	0	0	1	0	0	0	0	0	0	0	1
Ian13	1951	52	0	0	30	8	2	72	21	0	0	0	2136
IanManka	1212	236	0	0	73	11	7	225	26	2	0	0	1792
Ianblair23	132	39	0	0	1	2	0	0	0	0	0	0	174
Icairns	311	7	0	0	4	4	0	4378	69	2	0	0	4775
Ice Cold Beer	1457	11	0	0	10	3	2	321	11	6	0	0	1821
IceKarma	1743	8	0	0	2	2	0	0	1	0	0	0	1756
Icestorm815	1599	29	2	0	98	7	24	422	11	21	0	6	2219
Idont Havaname	159	5	0	0	3	2	0	48	0	0	0	0	217
Ihcoyc	305	5	0	0	25	0	0	1	0	0	0	0	336
Ike9898	304	3	0	0	5	1	1	30	3	0	0	0	347
Ikiroid	62	5	0	0	6	0	0	20	1	0	0	0	94
Ilmari Karonen	1081	641	0	0	32	2	1	212	32	0	0	1	2002
Ilyanep	153	2	0	0	6	2	0	32	7	0	15	18	235
Improv	1233	9	0	0	188	11	0	79	15	0	0	0	1535
Imran	1	0	0	0	0	0	0	1	0	0	0	0	2
InShaneee	3951	20	0	0	91	5	0	528	56	0	0	0	4651
Infrogmation	4700	87	0	0	142	8	4	6401	116	9	2	1	11470
Inter	649	4	0	0	6	1	0	181	10	0	0	0	851
Interiot	1319	23	0	0	14	8	0	11	1	0	0	0	1376
Ioeth	2861	54	0	0	140	32	15	1818	42	10	0	12	4984
Iridescent	3376	81	0	0	124	10	37	839	44	8	0	8	4527
Irina Spalko	0	0	0	0	1	0	0	0	0	0	0	0	1
Irishguy	11708	25	0	0	107	3	0	1413	14	0	0	0	13270
IronGargoyle	4068	248	0	0	65	21	6	135	2	0	0	0	4545
Ish ishwar	46	3	0	0	1	0	0	11	1	0	0	0	62
Islander	684	23	0	0	109	1	6	80	5	1	0	4	913
Isomorphic	213	0	0	0	1	0	0	14	1	0	0	0	229
Isotope23	2009	23	0	0	124	33	10	490	59	0	0	0	2748
It Is Me Here	230	3	0	0	13	2	0	9	3	1	0	3	264
Ixfd64	3612	98	0	0	74	318	11	1349	3741	11	0	4	9218
Izehar	148	3	0	0	18	21	0	89	20	0	0	0	299
J Di	1548	57	0	0	75	32	0	581	44	0	0	0	2337
J Greb	3713	128	0	0	137	2	20	55	3	3	0	0	4061
J Milburn	8048	172	0	0	58	7	22	86	0	0	0	12	8405
J-stan	178	7	0	0	7	3	4	76	6	0	0	24	305
J.J.	1	2	0	0	0	0	0	1	0	0	0	0	4
J.delanoy	8668	261	7	0	812	32	246	18031	259	912	0	90	29318
J.smith	1176	48	0	0	27	7	2	240	42	0	0	0	1542
J04n	95	3	2	0	2	1	0	2	0	0	0	0	105
JCarriker	122	29	0	0	9	4	0	61	13	0	0	0	238
JDoorjam	1760	47	0	0	100	18	3	121	21	0	0	0	2070
JForget	7537	103	0	0	477	506	187	1691	13	13	0	0	10527
JGHowes	305	19	0	0	34	0	5	94	1	5	0	0	463
JHunterJ	1278	112	0	0	11	2	3	20	2	0	0	0	1428
JIP	7978	81	0	0	25	4	1	150	3	0	0	0	8242
JLaTondre	14092	70	0	0	36	4	0	1294	15	0	0	0	15511
JPD	622	5	0	0	2	2	0	19	1	0	0	0	651
JPG-GR	6880	71	0	0	14	2	0	20	0	0	0	0	6987
JRM	174	9	0	0	11	17	0	15	28	0	0	0	254
JWSchmidt	43	2	0	0	13	5	0	58	1	0	0	1	123
JYolkowski	2375	20	0	0	11	27	0	139	9	1	0	0	2582
JaGa	0	0	0	0	1	0	0	0	0	0	0	0	1
Jac16888	18472	73	11	0	77	6	15	364	16	519	0	17	19570
Jacoplane	327	33	0	0	92	49	4	159	11	0	0	0	675
Jafeluv	2330	85	0	0	4	3	0	19	0	0	0	0	2441
Jake Nelson	21	1	0	0	0	0	0	1	0	0	0	0	23
Jake Wartenberg	1976	92	0	0	113	9	11	493	31	30	0	52	2807
James086	4107	26	0	0	17	1	2	343	12	0	0	1	4509
JamesR	1156	8	0	0	55	5	11	105	10	1	0	3	1354
JamesTeterenko	222	2	0	0	27	18	0	160	4	0	0	0	433
Jamesday	6	7	0	0	2	0	0	6	1	0	0	0	22
Jamesofur	68	10	2	0	4	0	0	51	6	8	0	10	159
JamieS93	9341	78	2	0	173	19	45	136	2	9	0	47	9852
Jaranda	17921	149	0	0	323	98	2	1208	229	0	0	0	19930
Jarry1250	705	11	0	0	11	1	2	31	1	3	0	3	768
Jasonbres	0	0	0	0	1	0	0	0	0	0	0	0	1
Jauerback	1288	8	1	0	59	8	7	987	59	12	0	5	2434
Jaxl	1604	10	0	0	3	1	0	36	0	0	0	0	1654
Jay	19	10	0	0	0	0	0	0	0	0	0	0	29
Jayjg	2224	172	3	2	451	68	2	2023	230	8	0	0	5183
Jayron32	1573	26	0	0	337	9	42	1673	218	85	0	20	3983
Jbmurray	89	8	0	0	7	6	0	18	1	0	0	0	129
Jc37	1453	101	0	0	41	9	9	60	7	1	0	1	1682
Jclemens	16909	165	1	0	211	3	2	705	5	32	0	9	18042
Jcw69	67	1	0	0	0	0	0	108	3	0	0	0	179
Jdavidb	81	0	0	0	13	2	0	48	2	0	0	0	146
Jdforrester	393	53	5	1	23	7	0	48	12	0	0	0	542
JeLuF	150	4	0	0	2	0	0	2	1	0	0	4	163
Jedi6	16	0	0	0	2	3	0	10	1	0	0	0	32
Jeepday	525	9	0	0	16	1	0	575	8	5	0	0	1139
Jeffrey O. Gustafson	14386	197	0	0	469	28	37	727	107	0	0	1	15952
Jehochman	175	26	0	0	104	14	13	518	88	11	0	1	950
Jengod	126	0	0	0	7	0	0	0	0	0	0	0	133
Jennavecia	4317	517	0	0	284	29	58	438	49	1	0	13	5706
JeremyA	2104	16	0	0	37	16	0	275	14	1	0	0	2463
Jerry	3519	201	0	0	99	14	1	73	10	0	0	3	3920
Jersey Devil	559	10	0	0	28	6	2	199	18	0	0	0	822
Jersyko	578	1	0	0	52	10	5	116	6	0	0	0	768
Jerzy	318	166	0	0	4	0	0	112	5	3	0	0	608
Jesse Viviano	1729	72	0	0	11	5	2	370	63	9	0	0	2261
JesseW	29055	129	0	0	37	8	0	78	21	0	0	1	29329
Jfdwolff	445	41	0	0	110	16	8	270	19	0	0	1	910
Jiang	380	19	0	0	17	5	0	91	3	0	0	0	515
Jimbo Wales	300	16	0	0	43	13	4	80	41	0	0	9	506
Jimfbleak	32524	137	0	0	803	38	4	1498	234	1	0	0	35239
Jimregan	3	0	0	0	0	0	0	0	0	0	0	0	3
Jimtinman3909	0	0	0	0	1	0	0	0	0	0	0	0	1
Jingiby	0	0	0	0	1	0	0	0	0	0	0	0	1
Jinian	1873	5	0	0	9	3	0	0	0	0	0	0	1890
Jitse Niesen	628	24	0	0	14	9	2	35	4	0	0	0	716
Jj137	5102	59	0	0	286	30	49	877	20	0	0	33	6456
Jkelly	3628	61	0	0	35	17	0	188	12	0	0	0	3941
Jmabel	180	34	0	0	7	7	0	131	5	0	0	0	364
Jmlk17	11140	72	0	0	942	48	79	2032	52	0	0	0	14365
Jnc	1906	158	0	0	114	34	0	46	20	0	0	0	2278
Jni	19112	26	0	0	24	4	0	199	2	0	0	0	19367
Jnothman	62	1	0	0	1	0	0	1	1	0	0	0	66
JoJan	8169	48	0	0	118	2	7	1448	9	4	0	0	9805
JoanneB	1181	48	0	0	51	22	0	816	105	0	0	0	2223
JodyB	1936	39	0	0	27	4	6	322	22	3	0	2	2361
Joe Beaudoin Jr.	544	1	0	0	17	3	0	68	2	0	0	0	635
Joelr31	661	12	0	0	9	8	0	83	1	0	0	0	774
Jogers	91	0	0	0	0	0	0	0	0	0	0	0	91
Johan Elisson	352	14	0	0	11	4	0	42	5	0	0	0	428
Johann Wolfgang	58	2	0	0	2	1	0	58	1	0	0	0	122
John	2770	22	0	0	105	4	8	1341	25	3	0	1	4279
John Carter	332	3	0	0	22	2	2	43	4	18	0	3	429
John Kenney	194	33	0	0	4	3	0	8	4	0	0	0	246
John Reaves	11925	176	0	0	418	161	42	2262	228	1	0	49	15262
John Vandenberg	926	218	106	11	94	18	24	161	36	2	0	19	1615
JohnCD	12149	168	0	0	52	2	4	1086	2	26	0	2	13491
JohnOwens	6	0	0	0	0	1	0	0	0	0	0	0	7
Johnleemk	1752	20	0	0	6	3	0	240	20	0	0	0	2041
Johntex	131	28	0	0	27	4	1	180	11	0	0	0	382
Joke137	15	0	0	0	1	1	0	29	3	0	0	0	49
Jon513	1326	20	0	0	3	0	0	43	1	0	0	2	1395
JonMoore	39	1	0	0	2	2	0	0	0	0	0	0	44
Jonathunder	143	13	0	0	11	1	1	69	3	0	0	0	241
Jondel	245	1	0	0	33	8	1	75	1	0	0	0	364
Jonny-mt	1027	40	0	0	67	5	10	217	15	0	0	8	1389
Joolz	244	3	0	0	0	1	0	0	1	0	0	0	249
Josephjames21	0	0	0	0	1	0	0	0	0	0	0	0	1
Josh Grosse	38	2	0	0	0	0	0	0	0	0	0	0	40
Joshbuddy	22	0	0	0	0	0	0	5	0	0	0	0	27
JoshuaZ	597	51	0	0	102	13	0	627	71	0	0	0	1461
Josiah Rowe	118	25	0	0	76	10	0	335	19	0	0	0	583
Jossi	760	34	0	0	356	95	28	2058	77	2	0	1	3411
Journalist	405	7	0	0	53	20	9	132	15	4	0	4	649
Joy	331	110	1	0	25	7	0	4	0	0	0	0	478
Joyous!	8435	13	0	0	133	50	0	453	18	0	0	0	9102
Jpgordon	1073	22	1	0	210	17	10	3585	314	138	0	4	5374
Jrdioko	429	0	0	0	0	0	0	18	0	0	0	0	447
Jredmond	634	12	0	0	37	4	2	208	10	19	0	1	927
Jreferee	1375	49	0	0	144	6	27	36	4	0	0	0	1641
Jtdirl	112	30	0	0	118	44	0	433	29	0	0	0	766
Jtkiefer	870	100	0	0	53	15	0	403	85	0	0	0	1526
Judas Preist is effin awsome	0	0	0	0	2	0	0	0	0	0	0	0	2
Juliancolton	17519	310	2	0	657	37	236	2912	51	36	0	419	22179
Jusjih	1453	88	0	0	9	1	1	5	0	0	0	0	1557
Justinc	520	2	0	0	0	0	0	0	0	0	0	0	522
Jwrosenzweig	40	0	0	0	1	0	0	7	0	0	0	1	49
Jyothis	0	0	0	0	0	0	0	27	0	0	0	0	27
JzG	11344	270	1	0	763	38	21	1452	91	12	0	0	13992
Jza84	346	1	0	0	69	1	6	149	6	1	0	6	585
Jéské Couriano	693	127	23	0	981	182	285	1282	134	195	0	10	3912
K1Bond007	354	8	0	0	3	3	0	37	4	0	0	0	409
KF	511	16	0	0	2	0	0	1	0	0	0	0	530
KFP	770	141	0	0	243	4	2	68	10	0	0	1	1239
Kafziel	2092	33	0	0	218	24	27	1478	60	11	0	8	3951
Kaihsu	342	27	0	0	11	6	0	128	15	0	0	0	529
Kaiser matias	26	4	0	0	5	0	0	16	0	0	0	0	51
Kaisershatner	70	0	0	0	14	3	2	482	16	0	0	0	587
Kakofonous	66	3	0	0	5	1	0	4	1	0	0	1	81
Kaldari	276	28	0	0	69	19	12	78	11	3	0	0	496
Kane5187	241	6	0	0	1	0	0	1	0	0	0	0	249
Kanonkas	615	27	2	0	86	12	57	1285	67	507	0	20	2678
Karada	627	16	0	0	48	8	1	566	23	1	0	0	1290
Karanacs	712	12	0	0	15	0	2	15	0	2	0	5	763
Karl Dickman	2790	41	0	0	9	8	0	33	10	0	0	0	2891
Karmafist	165	35	0	0	15	5	0	160	21	0	0	0	401
Katefan0	841	20	0	0	212	128	0	351	52	0	0	0	1604
Kateshortforbob	611	3	0	0	18	2	1	43	3	1	0	2	684
Kathryn NicDhàna	59	0	0	0	11	1	0	7	1	0	0	0	79
Kbdank71	22396	57	0	0	43	2	0	357	13	7	0	1	22876
Kbh3rd	112	10	0	0	23	0	1	1162	47	12	0	0	1367
Kbthompson	151	26	0	0	25	1	1	136	2	0	0	4	346
Kcordina	1220	41	0	0	9	0	0	168	7	0	0	0	1445
Keegan	3871	156	95	159	110	20	15	274	38	6	0	23	4767
Keenan Pepper	297	1	0	0	3	0	0	11	0	0	0	0	312
Keeper76	3099	79	0	0	67	12	10	90	14	0	0	22	3393
Keilana	1635	51	0	0	72	12	9	615	19	0	0	11	2424
Keith D	1131	604	1	0	159	0	13	60	1	0	0	1	1970
Kelly Martin	736	56	0	0	27	11	0	413	60	0	0	0	1303
Kevin	4045	89	0	0	207	10	44	628	30	9	0	7	5069
Khaosworks	330	12	0	0	10	4	0	162	80	0	0	0	598
Khendon	3	0	0	0	1	2	0	0	0	0	0	0	6
Khoikhoi	1200	298	0	0	596	223	12	1773	146	3	0	1	4252
Khukri	1058	12	0	0	60	7	3	445	14	1	0	0	1600
Khym Chanur	0	0	0	0	6	0	0	0	0	0	0	0	6
Kicking222	529	1	0	0	0	0	0	0	0	0	0	0	530
KieferSkunk	762	11	0	0	3	0	3	15	3	0	0	0	797
KillerChihuahua	1241	37	0	0	109	12	12	414	30	8	0	0	1863
Killervogel5	27	0	0	0	14	0	3	21	0	0	0	0	65
Killiondude	2752	64	0	0	73	5	23	192	2	18	0	20	3149
Kilo-Lima	1207	2	0	0	36	9	0	668	69	0	0	0	1991
Kim Bruning	49	5	0	0	11	3	0	33	14	0	0	0	115
Kim Dent-Brown	284	1	0	0	17	2	0	3	1	0	0	0	308
Kimchi.sg	43510	718	0	0	542	118	21	2192	211	21	0	0	47333
KimvdLinde	898	55	0	0	66	23	1	47	7	1	0	0	1098
King of Hearts	5752	186	5	0	483	83	41	1787	551	14	0	16	8918
Kingboyk	3145	316	0	0	103	12	0	214	24	0	0	2	3816
Kingpin13	445	3	10	0	3	0	5	164	2	7	0	6	645
Kingturtle	745	26	0	0	174	14	28	338	10	7	1489	77	2908
Kinu	8134	46	0	0	481	20	9	830	63	18	0	0	9601
Kirill Lokshin	1850	50	0	0	22	2	5	161	15	0	0	1	2106
Kizor	64	253	0	0	9	8	2	26	3	0	0	0	365
Kjkolb	522	14	0	0	1	1	0	138	8	0	0	0	684
Kmccoy	201	5	0	0	23	3	4	44	9	5	0	4	298
KnightLago	1055	54	3	3	207	16	39	872	94	9	0	1	2353
Knowledge Seeker	115	32	0	0	19	19	0	110	75	0	0	0	370
KnowledgeOfSelf	1671	27	0	0	261	27	17	5512	114	0	0	0	7629
Konstable	1080	91	0	0	97	25	0	435	135	0	0	0	1863
Kosebamse	335	0	0	0	1	0	0	10	0	0	0	0	346
Kotra	27	2	0	0	2	1	0	2	0	0	0	0	34
Kpjas	121	0	0	0	2	0	0	1	0	0	0	0	124
KrakatoaKatie	3346	70	0	0	99	5	17	319	16	0	0	3	3875
Kralizec!	864	101	0	0	853	204	117	3853	43	41	0	14	6090
Ktsquare	11	0	0	0	0	0	0	0	1	0	0	0	12
Kubigula	8864	39	2	0	121	9	1	603	20	2	0	0	9661
Kukini	920	11	0	0	50	2	2	3481	4	2	0	0	4472
Kungfuadam	16119	264	0	0	186	39	0	2570	245	0	0	0	19423
Kurt Shaped Box	2126	20	0	0	137	8	34	1849	20	15	0	0	4209
Kuru	2054	6	0	0	279	10	9	4584	67	140	0	12	7161
Kurykh	6249	108	0	0	187	19	42	601	72	4	0	4	7286
Kusma	11437	101	0	0	173	36	10	956	31	7	0	8	12759
Kwamikagami	815	45	0	0	138	10	21	255	19	13	0	0	1316
Kwsn	1720	13	0	0	47	4	17	220	32	0	0	0	2053
Kww	122	3	1	0	191	1	18	126	5	5	0	0	472
Kyle Barbour	477	117	0	0	2	0	0	46	11	0	0	0	653
Kylu	1427	44	0	0	191	12	25	246	26	0	0	35	2006
Kyorosuke	1026	46	0	0	43	23	0	174	47	0	0	0	1359
Kzollman	125	34	0	0	1	0	0	2	1	0	0	0	163
L'Aquatique	667	10	0	0	21	3	13	46	8	0	0	3	771
LAX	220	3	0	0	3	4	1	95	1	0	0	4	331
LFaraone	289	7	0	0	12	2	2	8	0	0	0	2	322
La goutte de pluie	605	30	0	0	32	17	2	185	37	0	0	0	908
Lachatdelarue	237	7	0	0	0	1	0	6	1	0	0	0	252
Lacrimosus	222	3	0	0	17	1	0	44	1	0	0	0	288
LadyofShalott	1836	27	0	0	30	4	1	93	6	1	0	2	2000
Lankiveil	1183	30	0	0	22	0	6	162	5	14	0	1	1423
Lar	985	117	1	0	123	29	13	593	44	4	0	12	1921
Larry V	272	11	0	0	1	1	0	2	0	0	0	0	287
Laser brain	204	2	0	0	3	1	0	17	2	1	0	0	230
Laurascudder	849	4	0	0	3	2	0	9	1	0	0	0	868
Law	361	20	0	0	15	2	1	205	6	5	0	1	616
Lazulilasher	212	10	0	0	16	4	5	59	1	2	0	2	311
LeaveSleaves	0	0	0	0	6	0	0	0	0	0	0	0	6
Lectonar	17756	78	0	0	253	152	89	409	9	10	0	0	18756
Leebo	547	11	0	0	16	0	0	128	7	0	0	0	709
Leinad	5	0	1	0	0	0	0	0	0	0	0	0	6
Leithp	367	22	0	0	6	1	0	329	12	0	0	0	737
Lenticel	229	5	0	0	1	0	0	0	0	0	0	0	235
Leonard^Bloom	422	0	0	0	14	0	1	8	1	2	0	7	455
LessHeard vanU	595	61	26	0	313	16	38	3109	86	41	0	0	4285
Lethe	35	14	0	0	3	2	0	34	16	0	0	0	104
Lexi Marie	605	28	0	0	41	25	0	157	52	0	0	0	908
Lexicon	170	23	0	0	10	3	1	57	5	0	0	0	269
Lexor	40	0	0	0	0	0	0	0	0	0	0	0	40
Lid	2465	11	0	0	17	0	0	49	0	0	0	0	2542
Lifebaka	2796	159	0	0	44	11	10	156	12	8	0	2	3198
Lightdarkness	1528	18	0	0	5	3	0	183	19	0	0	0	1756
Ligulem	4947	12	0	0	749	660	0	150	6	0	0	0	6524
LinguistAtLarge	175	2	0	0	1	0	0	0	0	0	0	2	180
Linuxbeak	339	5	0	0	64	17	0	389	34	0	20	15	883
Lipinki	0	0	0	0	2	0	0	0	0	0	0	0	2
LiquidGhoul	27	1	0	0	1	0	0	0	0	0	0	0	29
LittleDan	34	1	0	0	1	2	0	4	0	0	0	0	42
Llywrch	166	16	0	0	20	6	1	30	8	1	0	0	248
Lommer	737	2	0	0	1	2	0	1	0	0	0	0	743
Lomn	24	0	0	0	2	2	1	11	0	0	0	0	40
Longhair	5717	10	0	0	124	38	3	1680	41	1	0	4	7618
Lord Emsworth	2	0	0	0	0	0	0	0	0	0	0	0	2
Lord Voldemort	182	1	0	0	9	26	0	4	4	0	0	0	226
LordAmeth	52	1	0	0	0	0	0	0	0	0	0	0	53
Loren36	76	1	0	0	12	4	1	302	20	0	0	0	416
Lostintherush	797	7	0	0	27	6	2	112	6	0	0	0	957
LouI	35	1	0	0	0	0	0	0	0	0	0	0	36
Lowellian	286	84	0	0	8	1	2	0	0	0	0	0	381
Lquilter	22	1	0	0	0	0	0	6	0	0	0	0	29
Lradrama	181	2	0	0	0	0	0	201	15	0	0	1	400
Lucky 6.9	27946	129	0	0	766	50	0	1919	248	0	0	0	31058
Ludraman	16	3	0	0	2	2	0	4	0	0	0	0	27
Luigi30	3280	15	0	0	52	2	0	152	5	0	0	0	3506
Luis Hernández García	0	0	0	0	2	0	0	0	0	0	0	0	2
Luk	52045	221	2	0	623	26	127	4003	346	128	0	19	57540
Luna Santin	6263	103	27	1	1827	160	123	12732	1040	139	0	16	22431
Lupin	642	1	0	0	5	3	0	126	8	0	0	0	785
Lupo	1918	16	0	0	16	0	0	401	21	0	0	0	2372
Lyrl	257	1	0	0	0	1	0	5	0	0	0	0	264
M7	0	0	0	0	0	0	0	0	0	1	0	0	1
MBK004	771	19	0	0	154	5	21	368	17	11	0	21	1387
MBisanz	60347	688	2	0	532	20	83	1528	93	23	1982	408	65706
MBoarSidwell	0	0	0	0	1	0	0	0	0	0	0	0	1
MC MasterChef	103	0	0	0	0	0	0	35	4	0	0	0	142
MCB	1166	17	0	0	33	4	3	422	17	1	0	0	1663
MECU	5336	21	0	0	2	0	1	7	0	0	0	0	5367
MER-C	0	0	0	0	15	0	0	0	0	0	0	0	15
MGodwin	3	0	0	0	0	0	0	0	0	0	0	0	3
MJCdetroit	104	6	0	0	28	3	11	5	0	0	0	0	157
MLauba	777	131	9	0	19	1	1	21	1	6	0	0	966
MONGO	3035	27	0	0	116	35	0	396	39	0	0	0	3648
MPF	441	9	0	0	7	0	0	17	0	0	0	0	474
MPUploadBot	253	7	0	0	250	0	3	0	0	0	0	0	513
MSGJ	1370	155	1	0	123	86	44	74	1	6	0	28	1888
MZMcBride	805733	586	0	0	7292	950	422	172	118	190	0	2	815465
MacGyverMagic	5629	110	0	0	195	106	3	281	33	0	0	0	6357
Mackensen	2517	108	0	0	71	7	1	1594	237	0	0	0	4535
Mackeriv	96	1	0	0	3	0	0	14	3	0	0	0	117
Madchester	518	15	0	0	114	18	4	243	10	0	0	0	922
Madman	873	61	0	0	24	5	4	140	16	3	0	0	1126
Maedin	303	244	0	0	2	2	0	9	1	1	0	4	566
Magioladitis	3364	19	0	0	28	4	5	65	4	2	0	0	3491
Magnus Manske	889	4	0	0	1	1	0	14	0	0	0	0	909
Mahanga	905	10	0	0	15	1	4	61	3	0	0	0	999
Mailer diablo	49325	247	22	302	157	15	3	261	16	2	0	1	50351
Mairi	766	5	0	0	3	2	0	5	0	0	0	0	781
Majorly	15244	506	0	0	548	104	7	660	39	0	0	10	17118
Makemi	4809	53	0	0	79	13	0	378	25	0	0	0	5357
Malcolm	1300	63	0	0	47	17	2	274	19	0	0	0	1722
Malcolm Farmer	776	3	0	0	0	0	0	24	1	0	0	0	804
Malcolmxl5	7025	48	6	0	229	8	13	36	1	3	0	2	7371
Malik Shabazz	3519	29	2	0	18	3	5	89	5	1	0	0	3671
Malinaccier	728	4	0	0	277	20	68	672	15	9	0	267	2060
Mallanox	1860	19	0	0	2	1	0	5	0	0	0	0	1887
Malo	3711	21	0	0	114	8	1	2253	246	0	0	0	6354
Mangojuice	4269	82	0	0	108	12	8	846	343	62	0	31	5761
Manning Bartlett	1403	12	0	0	8	1	10	31	5	1	0	3	1474
Marasmusine	4597	34	0	0	43	4	0	273	4	0	0	0	4955
Mardetanha	0	0	0	0	0	0	0	2	1	0	0	0	3
Marianocecowski	242	8	0	0	0	3	0	32	0	0	0	0	285
Marine 69-71	302	5	0	0	73	28	1	122	35	0	0	1	567
Mark	454	84	0	0	121	26	8	158	37	3	0	0	891
Mark Dingemanse	293	0	0	0	1	3	0	45	3	0	0	0	345
Mark Richards	0	0	0	0	0	0	0	0	5	0	0	0	5
Mark83	368	10	0	0	1	2	0	3	0	0	0	0	384
MarkGallagher	1932	27	0	0	81	61	0	116	26	0	0	0	2243
MarkSweep	1945	23	0	0	105	5	0	1133	41	0	0	0	3252
Markles	74	8	0	0	52	4	14	1	0	0	0	0	153
Marshman	25	0	0	0	0	0	0	30	2	0	0	0	57
Marskell	40	2	0	0	32	16	3	25	0	0	0	0	118
Martijn Hoekstra	1179	14	0	0	4	1	0	122	4	1	0	2	1327
MartinHarper	14	0	0	0	0	1	0	0	0	0	0	0	15
Martinp23	1389	89	0	0	228	31	4	359	71	2	0	4	2177
Martyman	132	2	0	0	2	0	0	36	1	0	0	0	173
Marudubshinki	4852	55	0	0	28	14	0	448	30	0	0	0	5427
Marumari	0	0	0	0	0	0	1	8	0	0	0	0	9
Masamage	841	16	0	0	16	2	3	19	1	0	0	0	898
Masem	100	19	0	0	9	0	2	15	0	0	0	0	145
MastCell	5585	75	0	0	552	23	51	1017	77	3	0	1	7384
Master Jay	196	8	0	0	82	7	1	304	36	0	0	0	634
Master Thief Garrett	1145	6	0	0	7	1	0	12	2	0	0	0	1173
Master of Puppets	2544	68	0	0	279	32	55	995	35	13	0	10	4031
Materialscientist	7997	71	6	0	659	4	54	7870	18	222	0	0	16901
Matilda	221	20	0	0	33	15	1	231	10	0	0	0	531
Matt Britt	5	2	0	0	2	0	0	1	0	0	0	0	10
Matt Crypto	132	23	0	0	38	22	0	174	18	0	0	0	407
Mattbr	2571	66	0	0	4	0	0	9	0	0	0	0	2650
Mattgirling	739	0	0	0	6	2	1	72	1	4	0	0	825
MatthewUND	53	1	0	0	0	0	0	5	0	0	0	0	59
Matthewedwards	2129	89	0	0	30	8	1	26	3	0	0	0	2286
Mattinbgn	1122	39	0	0	43	3	9	81	2	0	0	0	1299
Mattyb420	0	0	0	0	2	0	0	0	0	0	0	0	2
Maunus	5	0	0	0	18	1	4	8	1	2	0	0	39
Maury Markowitz	155	22	0	0	0	0	1	47	5	0	0	0	230
Mav	514	12	0	0	128	2	1	18	7	0	0	0	682
MaxSem	4846	23	0	0	167	25	7	343	96	3	0	14	5524
Maxim	106852	930	0	0	2479	276	563	2488	137	84	0	200	114009
Maxim's JS test account	0	0	0	0	1	0	0	0	0	0	0	0	1
Maximus Rex	68	0	0	0	0	0	0	0	0	0	0	0	68
Mazca	1231	11	1	0	39	3	14	540	11	24	0	8	1882
Mbecker	0	0	0	0	1	3	0	3	1	0	0	0	8
Mdale	3	0	0	0	0	0	0	0	0	0	0	0	3
Mdd4696	2234	8	0	0	31	8	0	89	4	0	0	0	2374
MediaWiki default	1310	0	0	0	0	0	0	0	0	0	0	0	1310
Meegs	8893	33	0	0	1	0	0	97	5	0	0	0	9029
Meelar	1264	7	0	0	2	1	0	121	1	0	0	0	1396
MegaHL90	0	0	0	0	1	0	0	0	0	0	0	0	1
Mel Etitis	3126	19	0	0	160	24	0	848	57	0	0	0	4234
Melburnian	134	6	0	0	9	1	0	39	0	0	0	0	189
Melchoir	1178	9	0	0	31	1	0	95	2	1	0	0	1317
Melesse	35653	84	0	0	3	0	0	1	0	0	0	0	35741
Menchi	23	2	0	0	0	0	0	0	0	0	0	0	25
Meno25	625	35	0	0	3	1	1	7	3	1	0	18	694
Mentifisto	5681	22	0	0	43	0	10	6891	15	78	0	68	12808
Mercury	314	93	0	0	82	34	25	137	62	0	0	0	747
Merkinsmum	0	0	0	0	3	0	0	0	0	0	0	0	3
Merope	11766	60	0	0	56	6	0	834	15	0	0	0	12737
Merovingian	2019	100	0	0	33	14	0	275	21	0	0	29	2491
Merphant	1	2	0	0	0	0	0	0	0	0	0	0	3
Metalx97856	0	0	0	0	1	0	0	0	0	0	0	0	1
Metamagician3000	111	4	0	0	11	4	0	28	5	0	0	0	163
Metropolitan90	2937	25	0	0	1	0	1	6	2	0	0	0	2972
Mets501	9384	98	0	0	207	39	0	293	23	0	0	0	10044
Mfield	908	17	0	0	159	7	32	688	10	25	0	1	1847
Miborovsky	46	3	0	0	19	13	0	30	5	0	0	0	116
Michael Greiner	912	15	0	0	10	7	0	13	1	5	0	0	963
Michael Hardy	319	84	0	0	1	0	0	18	5	1	0	0	428
Michael Snow	875	106	0	0	22	164	1	54	68	1	0	0	1291
MichaelBillington	507	8	0	0	6	0	0	4567	70	0	0	2	5160
Michaelas10	363	22	0	0	80	8	1	61	8	0	0	0	543
Midom	0	0	0	0	1	0	0	1	0	0	0	0	2
Mifter	1778	11	1	0	131	4	14	432	2	32	0	38	2443
Mikaey	1317	1441	0	0	14	1	2	73	0	1	0	2	2851
Mike 7	1263	16	0	0	39	3	0	285	6	0	0	0	1612
Mike Cline	234	0	0	0	1	0	1	2	0	0	0	0	238
Mike Halterman	150	9	0	0	13	9	1	64	10	0	0	0	256
Mike Peel	3036	21	0	0	4	4	0	4	0	1	0	0	3070
Mike Rosoft	14815	413	0	0	436	47	19	2313	391	12	0	0	18446
Mike Selinker	2030	15	0	0	11	4	0	17	1	0	0	0	2078
Mike.lifeguard	3	0	0	0	0	0	0	0	1	0	0	0	4
Mikeblas	128	1	0	0	0	0	0	0	0	0	0	0	129
MilborneOne	507	4	0	0	12	4	0	24	0	0	0	0	551
Mindmatrix	2359	28	0	0	26	2	0	48	1	1	0	1	2466
Mindspillage	2299	75	0	0	53	27	2	92	46	0	0	0	2594
Minesweeper	13	2	0	0	0	0	0	1	0	0	0	0	16
Mirv	1146	28	0	0	38	37	0	40	46	0	0	1	1336
MisfitToys	79	8	0	0	0	0	0	0	0	0	0	0	87
Misza13	223401	280	0	0	284	22	2	4609	271	0	0	6	228875
Mitchazenia	131	8	0	0	4	2	0	24	2	0	0	0	171
Mjroots	109	1	0	0	30	4	12	87	5	8	0	0	256
Mkmcconn	20	0	0	0	3	3	0	0	0	0	0	0	26
Mkweise	30	2	0	0	0	1	0	1	0	0	0	0	34
Mlaffs	247	3	0	0	1	0	0	0	0	0	0	0	251
Mo0	3125	23	0	0	14	3	0	229	21	1	0	0	3416
MoRsE	61	3	0	0	0	0	0	25	1	0	0	0	90
Modemac	14	0	0	0	3	5	0	6	1	0	0	0	29
Moink	304	3	0	0	2	0	0	7	7	0	0	0	323
Molikroth	0	0	0	0	1	0	0	0	0	0	0	0	1
Moncrief	99	1	0	0	4	3	0	41	1	0	0	0	149
Moni3	49	4	0	0	88	1	23	29	1	2	0	0	197
Monotonehell	1	0	0	0	0	0	0	0	0	0	0	0	1
Montrealais	22	1	0	0	0	0	0	0	0	0	0	0	23
Moondyne	1958	55	0	0	58	14	2	299	38	0	0	0	2424
Moonriddengirl	10436	1579	2	0	268	29	19	523	28	16	0	1	12901
Moreschi	1044	26	0	0	200	11	43	900	81	10	0	20	2335
Moriori	3593	3	0	0	0	0	0	265	5	0	0	0	3866
Morven	814	26	0	0	7	1	0	224	54	1	0	0	1127
Morwen	615	14	0	0	6	1	0	84	8	0	0	0	728
Mr. Lefty	1550	10	0	0	62	6	0	614	31	1	0	0	2274
Mr.Z-man	19519	243	5	36	482	50	285	1640	182	31	0	26	22499
MrDarcy	223	5	0	0	36	7	0	143	12	0	0	0	426
MrKIA11	4983	26	0	0	0	0	0	4	1	1	0	0	5015
Mtmelendez	1042	5	0	0	11	0	0	2	0	0	0	0	1060
MuZemike	2798	113	15	0	232	12	35	2593	191	241	0	18	6248
Mufka	2547	11	0	0	74	1	11	753	1	31	0	0	3429
Mulad	44	6	0	0	0	0	0	0	0	0	0	0	50
Mushroom	21998	188	0	0	38	9	8	454	90	1	0	0	22786
Musical Linguist	324	149	0	0	109	24	0	900	71	0	0	0	1577
Mustafaa	131	1	0	0	0	3	0	10	1	0	0	0	146
MykReeve	2	0	0	0	0	0	0	0	0	0	0	0	2
Myleslong	22	29	0	0	6	3	0	28	8	0	0	0	96
Mysekurity	728	14	0	0	40	21	0	81	2	0	0	0	886
Mysid	2494	2	0	0	2	1	0	14	5	0	0	0	2518
Mzajac	148	4	0	0	8	2	1	47	4	0	0	0	214
NCurse	1624	11	0	0	1	1	0	34	0	0	0	0	1671
NJA	2651	60	0	0	230	6	44	1968	57	86	0	56	5158
NSLE	561	11	0	0	90	18	0	440	101	0	0	0	1221
Nabla	900	50	0	0	16	5	1	1	0	0	0	0	973
Nae'blis	844	53	0	0	28	2	0	15	2	0	0	0	944
Nagy	0	0	0	0	1	0	0	0	0	0	0	0	1
Nakon	35659	396	0	0	614	67	33	12989	6157	28	0	111	56054
Nancy	12945	97	2	0	392	21	15	957	14	20	0	9	14472
Nandesuka	694	29	0	0	96	16	2	383	27	1	0	0	1248
Nanfoodle	0	0	0	0	1	0	0	0	0	0	0	0	1
Nanobug	1	0	0	0	0	0	0	0	0	0	0	0	1
Nat	192	35	0	0	156	9	31	263	15	0	0	0	701
Natalie Erin	4503	23	0	0	69	3	0	988	27	0	0	0	5613
Natalya	325	13	0	0	36	7	3	109	39	0	0	0	532
NawlinWiki	182675	7356	2464	0	9760	27	781	17318	518	1855	0	8	222762
Necrothesp	385	13	0	0	3	0	1	107	8	0	0	0	517
Nehrams2020	4985	20	0	0	6	2	1	127	2	0	0	0	5143
Netsnipe	1165	60	0	0	606	91	10	3680	1761	13	0	1	7387
Neutrality	4007	32	0	0	48	10	0	175	58	0	0	0	4330
Nev1	319	16	0	0	43	3	21	195	3	6	0	0	606
Newyorkbrad	786	15	4	0	88	5	3	565	32	0	0	1	1499
Ngb	622	62	0	0	9	6	0	10	0	0	0	0	709
Nichalp	1191	70	0	0	50	16	4	72	9	0	979	163	2554
NicholasTurnbull	218	14	0	0	15	10	0	140	17	1	0	0	415
Nick	2938	130	0	0	246	23	20	674	67	9	0	2	4109
Nick-D	590	12	0	0	140	14	12	494	19	31	0	1	1313
Nickptar	612	13	0	0	3	1	0	116	31	0	0	0	776
Nickshanks	54	1	0	0	3	0	0	0	0	0	0	0	58
Nicman911	0	0	0	0	2	0	0	0	0	0	0	0	2
Night Gyr	492	38	0	0	10	3	1	31	2	0	0	0	577
Nightmarishnight	0	0	0	0	1	0	0	0	0	0	0	0	1
Nightscream	28	9	0	0	80	8	6	178	2	7	0	0	318
Nightstallion	1775	129	0	0	71	7	0	29	2	0	0	0	2013
Nihiltres	13086	200	3	0	121	31	28	283	17	2	0	12	13783
Nihonjoe	7244	346	3	0	355	37	10	1443	38	66	426	11	9979
Nikki311	458	2	0	0	25	1	2	47	1	0	0	1	537
Nilfanion	571	25	0	0	4	3	0	8	0	1	0	0	612
Nishkid64	7435	349	1	0	1519	641	130	7501	306	653	0	29	18564
Niteowlneils	4157	80	0	0	1	0	0	16	1	0	0	0	4255
Nixdorf	2	0	0	0	0	0	0	0	0	0	0	0	2
Nixeagle	10319	243	0	0	93	14	9	3324	84	26	0	2	14114
Nlu	1602	95	0	0	603	226	13	3542	220	0	0	0	6301
Nmajdan	220	5	0	0	9	8	4	64	2	0	0	0	312
No Guru	927	11	0	0	34	14	0	442	8	1	0	0	1437
NoSeptember	1604	48	0	0	24	25	1	122	61	0	0	45	1930
NodpiW	0	0	0	0	1	0	0	0	0	0	0	0	1
Nohat	266	38	0	0	39	33	0	62	5	0	0	0	443
Noldoaran	2	0	0	0	0	0	0	0	0	0	0	0	2
Notheruser	70	0	0	0	0	0	0	0	0	0	0	0	70
Nousernamesleft	198	7	0	0	5	2	3	2	1	0	0	3	221
NrDg	1619	123	0	0	280	19	28	846	27	44	0	4	2990
NuclearWarfare	9415	308	13	0	1130	34	261	3088	94	172	0	129	14644
Nufy8	371	1	0	0	36	2	7	336	15	1	0	0	769
Number 57	6156	73	0	0	76	2	1	53	4	0	0	0	6365
Nunh-huh	458	29	0	0	27	3	1	321	12	3	0	1	855
Nv8200p	59585	181	0	0	26	3	0	108	3	0	0	0	59906
Nyttend	13317	282	2	0	59	1	0	189	2	4	0	0	13856
Oberiko	294	3	0	0	8	2	0	162	0	0	0	0	469
Obli	1047	6	0	0	28	5	0	99	7	0	0	0	1192
Ocatecir	1340	11	0	0	106	16	1	250	9	0	0	0	1733
Ocee	196	2	0	0	3	3	10	95	5	0	0	0	314
Od Mishehu	8473	207	0	0	185	26	27	370	60	111	0	5	9464
OhanaUnited	509	35	0	0	11	3	1	139	7	0	0	8	713
Ohnoitsjamie	4824	64	1	0	313	12	27	2787	54	40	0	0	8122
Okiefromokla	195	2	0	0	21	3	3	208	7	0	0	0	439
OlEnglish	159	13	6	0	10	3	2	46	0	1	0	4	244
Olaf Davis	316	6	1	0	3	0	0	9	1	0	0	1	337
OldakQuill	325	22	0	0	6	2	0	2	1	0	0	0	358
Oldboy212	0	0	0	0	1	0	0	0	0	0	0	0	1
Oldelpaso	667	12	0	0	19	10	0	36	1	0	0	2	747
Oldwindybear	2	0	0	0	0	0	0	2	1	0	0	0	5
Oleg Alexandrov	692	57	0	0	14	8	0	35	10	0	0	1	817
Olessi	142	6	0	0	0	0	0	14	1	0	0	0	163
Oliver Pereira	2	6	0	0	0	1	0	0	0	0	0	0	9
Olivier	194	8	0	0	7	1	0	25	0	0	0	0	235
Omegatron	308	90	0	0	27	12	0	16	0	0	0	0	453
One	974	103	0	0	117	18	1	143	28	1	0	0	1385
Opabinia regalis	1410	5	0	0	15	2	0	3	0	0	0	0	1435
Orangemike	23576	154	0	0	607	27	16	6091	45	68	0	0	30584
Orderinchaos	5045	151	0	0	107	20	9	280	36	4	0	1	5653
Oren0	189	7	0	0	26	6	7	48	8	3	0	4	298
Orioane	114	1	0	0	4	2	0	11	0	0	0	0	132
Orlady	166	17	0	0	28	3	7	49	0	3	0	0	273
Orphaned image deletion bot	2536	0	0	0	0	0	0	0	0	0	0	0	2536
Orphaned talkpage deletion bot	1461	58	0	0	0	0	0	0	0	0	0	0	1519
Oscarthecat	3370	21	0	0	260	5	0	310	7	2	0	0	3975
OverlordQ	708	9	1	0	37	3	2	690	97	70	0	0	1617
Owen	254	24	0	0	15	33	0	84	23	0	0	0	433
OwenX	2324	22	0	0	189	20	1	1260	82	4	0	9	3911
Oxymoron83	11484	98	0	0	411	11	64	5453	34	52	0	0	17607
PDH	9821	82	0	0	355	197	0	243	21	0	0	0	10719
PFHLai	3504	137	0	0	854	772	1	58	1	0	0	0	5327
PMDrive1061	29856	408	0	0	1602	33	42	5263	161	678	0	11	38054
PS2pcGAMER	2303	23	0	0	25	32	0	87	18	0	0	0	2488
PZFUN	95	3	0	0	6	2	0	14	6	0	0	0	126
Pablo-flores	920	2	0	0	16	6	2	180	2	0	0	0	1128
Paginazero	3	3	0	0	0	0	0	0	0	0	0	0	6
Pagrashtak	3191	13	0	0	3	2	0	10	1	0	0	0	3220
Pakaran	164	13	0	0	22	37	12	55	6	0	48	30	387
Pamri	707	1	0	0	0	4	0	0	0	0	0	0	712
Papa November	3191	49	0	0	25	6	15	239	13	1	0	1	3540
Parsecboy	2691	113	0	0	37	7	0	406	11	2	0	5	3272
Parthian Scribe	0	0	0	0	1	0	0	0	0	0	0	0	1
Pascal.Tesson	17052	99	0	0	100	2	2	819	20	0	0	2	18096
Pastor Theo	474	0	0	0	8	0	0	59	9	1	0	1	552
Pastordavid	1312	9	0	0	8	6	0	10	1	0	0	0	1346
Patar knight	333	7	2	0	3	0	0	8	1	2	0	0	356
Pathoschild	8385	152	1	0	151	33	1	2453	706	77	0	1	11960
Patrick	136	112	0	0	9	1	1	3	1	0	0	0	263
Pats1	599	76	0	0	164	8	18	454	7	7	0	0	1333
Paul A	95	21	0	0	0	0	0	0	0	0	0	0	116
Paul August	1119	10	0	0	8	1	4	126	3	0	0	0	1271
Paul Benjamin Austin	25	4	0	0	45	9	0	65	16	0	0	0	164
Paul Erik	2144	57	0	0	22	2	0	561	7	8	0	0	2801
Pax:Vobiscum	773	46	0	0	182	6	13	39	1	1	0	0	1061
Paxse	7	0	0	0	0	0	0	4	1	0	0	0	12
Pb30	858	1	0	0	0	0	1	278	3	0	0	0	1141
Pcb21	101	43	0	0	3	6	0	1	1	0	0	0	155
PeaceNT	5087	175	0	0	105	10	8	298	9	0	0	0	5692
PedanticallySpeaking	41	8	0	0	2	0	0	0	0	0	0	0	51
Pedro	8890	43	0	0	98	14	11	808	17	10	0	292	10183
Pedro Paulo Vasconcellos	0	0	0	0	2	0	0	0	0	0	0	0	2
Pegship	191	2	0	0	1	0	0	1	0	0	0	0	195
Penader	0	0	0	0	1	0	0	0	0	0	0	0	1
Pending deletion script	1210	0	0	0	0	0	0	0	0	0	0	0	1210
Pengo	51	14	0	0	2	1	0	7	0	0	0	0	75
Penwhale	147	8	0	0	46	6	14	52	13	1	0	0	287
Pepsidrinka	993	33	0	0	34	19	0	395	34	0	0	0	1508
Perceval	29	0	0	0	5	4	0	19	0	0	0	0	57
Peripitus	9906	74	2	0	99	18	14	169	10	9	0	4	10305
Persian Poet Gal	2300	96	0	0	1001	25	39	3340	141	16	0	1	6959
Peruvianllama	624	7	0	0	18	4	0	366	6	0	0	0	1025
Peteforsyth	21	9	0	0	5	2	3	11	2	3	0	0	56
Peter	4391	64	6	0	84	23	0	854	45	10	0	2	5479
PeterSymonds	6963	233	35	0	1152	363	402	2988	148	460	0	527	13271
Pgk	3711	73	0	0	556	54	0	4060	2204	0	0	0	10658
Phaedriel	3551	55	0	0	199	30	16	308	19	0	0	0	4178
Phantomsteve	911	15	7	0	81	6	16	59	9	14	0	8	1126
Pharos	404	71	0	0	593	153	0	41	7	1	0	0	1270
Phil Bordelon	0	0	0	0	2	1	0	0	0	0	0	0	3
Phil Boswell	532	10	0	0	79	1	3	19	4	0	0	0	648
Phil Sandifer	676	138	0	0	80	59	8	280	69	0	0	0	1310
PhilKnight	26286	451	0	0	893	52	36	5076	190	154	0	27	33165
Philip Baird Shearer	430	78	0	0	90	17	22	15	2	0	0	0	654
Philippe	4576	58	0	0	383	34	47	1539	68	5	0	8	6718
Philippe (WMF)	3	0	7	0	6	0	0	0	0	0	0	0	16
Philosopher	1204	20	0	0	28	2	5	35	2	7	0	25	1328
Phils	15	1	0	0	0	0	0	26	2	0	0	0	44
Philwelch	933	44	0	0	28	7	0	72	14	0	0	0	1098
Phuntsok2000	0	0	0	0	2	0	0	0	0	0	0	0	2
Physchim62	1115	41	0	0	34	5	0	107	17	0	0	0	1319
Piazzajordan2	0	0	0	0	1	0	0	0	0	0	0	0	1
Picaroon	4039	61	0	0	55	12	5	461	27	0	0	1	4661
PierreAbbat	0	0	0	0	0	0	0	6	0	0	0	0	6
Pigman	1025	9	0	0	15	0	1	22	4	0	0	0	1076
Pilotguy	7231	64	0	0	294	29	1	2576	685	0	0	0	10880
PinchasC	119	18	0	0	48	14	1	188	6	0	0	0	394
Pinkville	1	0	0	0	6	0	0	2	0	0	0	0	9
Piotrus	619	178	0	0	19	8	2	80	17	0	0	0	923
Pjacobi	230	6	0	0	16	3	0	100	2	0	0	0	357
Plange	123	0	0	0	3	1	0	32	0	0	0	0	159
Plastikspork	7912	226	0	0	338	29	32	27	0	6	0	0	8570
Please try again.	0	0	0	0	1	0	0	0	0	0	0	0	1
Poeloq	22	1	0	0	0	0	0	52	2	0	0	4	81
Polargeo	628	0	0	0	4	1	0	6	0	0	0	0	639
Polaron	0	0	0	0	1	0	0	0	0	0	0	0	1
Pollinator	35	0	0	0	4	0	0	146	1	0	0	0	186
Poor Yorick	93	0	0	0	7	3	2	0	0	0	0	0	105
Postdlf	5736	85	5	0	125	5	3	769	9	3	0	0	6740
Pratyeka	1	2	0	0	0	0	0	0	0	0	0	0	3
Premeditated Chaos	1732	18	0	0	3	0	0	19	1	0	0	0	1773
PrimeHunter	87	8	0	0	4	2	0	0	0	0	0	1	102
ProcseeBot	0	0	0	0	0	0	0	143814	0	0	0	0	143814
Prodego	2309	281	5	0	151	114	75	1356	232	90	0	50	4663
ProhibitOnions	264	1	0	0	0	1	0	50	0	0	0	0	316
Prolog	1306	42	0	0	106	7	19	936	3	9	0	2	2430
Promethean	0	0	0	0	1	0	0	0	0	0	0	0	1
Proteus	118	0	0	0	2	0	0	11	10	0	0	0	141
Protonk	2731	1226	0	0	97	7	14	206	21	28	0	4	4334
ProveIt	4433	7	0	0	3	0	0	2	0	0	0	0	4445
Pschemp	2135	247	0	0	169	29	0	3327	319	0	0	0	6226
Psy guy	110	0	0	0	10	9	0	181	17	0	0	0	327
Qaz	75	0	0	0	0	0	0	0	0	0	0	0	75
Quadell	95659	301	0	0	51	16	3	120	11	1	0	0	96162
Quarl	7973	111	0	0	22	10	0	37	3	0	0	0	8156
Quell	0	0	0	0	1	0	0	0	0	0	0	0	1
Quercusrobur	15	2	0	0	3	2	0	8	0	0	0	0	30
Qwghlm	592	31	0	0	17	1	0	17	0	0	0	0	658
R'n'B	10052	259	0	0	23	13	0	11	0	0	0	0	10358
R-Con 9	0	0	0	0	1	0	0	0	0	0	0	0	1
R. Baley	8	3	0	0	26	1	11	78	6	0	0	1	134
R. fiend	2822	21	0	0	19	4	0	56	1	0	0	0	2923
R3m0t	1340	15	0	0	30	0	0	4	4	0	0	0	1393
RG2	3298	61	0	0	18	1	0	162	8	0	0	0	3548
RHaworth	47303	3001	0	0	2459	44	2	573	16	6	0	1	53405
RJFJR	35	2	0	0	0	0	0	1	0	0	0	0	38
RL0919	1015	2	0	0	2	2	0	5	0	0	0	0	1026
RN	706	132	0	0	17	15	0	28	7	0	0	0	905
Radiant!	2464	50	0	0	180	45	0	178	23	0	0	0	2940
RadicalBender	510	8	0	0	3	0	0	13	0	0	0	0	534
RadioKirk	2676	77	0	0	164	15	0	1678	74	0	0	0	4684
Ragesoss	359	43	0	0	9	1	2	6	0	0	0	0	420
Ragib	514	18	0	0	57	8	3	272	12	0	0	0	884
Raith Sienar	0	0	0	0	8	0	0	0	0	0	0	0	8
Ral315	2267	121	0	0	353	28	24	347	49	0	0	2	3191
Ram-Man	834	3	0	0	16	0	1	25	6	0	0	0	885
Rama	873	13	0	0	19	10	0	317	13	1	0	0	1246
Rama's Arrow	1202	3	0	0	46	9	0	200	25	0	0	0	1485
Ramallite	2	0	0	0	0	0	0	6	0	0	0	0	8
Rambo's Revenge	110	8	0	0	3	0	2	7	0	1	0	0	131
Ran	194	3	0	0	7	0	2	87	2	0	0	0	295
Random832	609	127	0	0	30	11	10	33	8	0	0	9	837
RandomXYZb	2778	36	0	0	242	19	24	1506	49	8	0	7	4669
Raso mk	0	0	0	0	1	0	0	0	0	0	0	0	1
RasputinAXP	2198	13	0	0	28	5	0	84	3	0	0	0	2331
Raul654	1169	105	0	0	1705	506	42	2498	226	5	148	83	6487
Raven4x4x	407	2	0	0	3	0	0	200	1	0	0	1	614
Raymolayenie	0	0	0	0	1	0	0	0	0	0	0	0	1
Raymond arritt	874	2	0	0	32	8	5	344	21	0	0	0	1286
Rbrwr	346	2	0	0	0	0	0	1	0	0	0	0	349
Rd232	2094	16	2	0	78	8	20	119	6	2	0	0	2345
Rdsmith4	3200	65	0	0	139	61	0	598	269	2	874	96	5304
Rebecca	2224	72	0	0	36	4	3	138	71	0	0	0	2548
Recurring dreams	6	0	0	0	1	0	0	21	1	0	0	0	29
RedWolf	14646	50	0	0	2	0	0	3	0	0	0	0	14701
RedWordSmith	240	11	0	0	13	20	0	20	1	0	0	0	305
RedirectCleanupBot	4377	0	0	0	0	0	0	0	0	0	0	0	4377
Redux	196	12	0	0	24	7	0	48	1	0	131	129	548
Redvers	17825	167	0	0	944	28	26	2484	201	330	0	1	22006
Redwolf24	1943	48	0	0	50	25	0	208	45	0	0	0	2319
Reedy	1133	32	0	0	42	15	13	41	11	0	0	10	1297
Refdoc	61	5	0	0	11	4	0	28	5	0	0	0	114
Reflex Reaction	511	14	0	0	1	2	0	6	0	0	0	0	534
RegentsPark	374	10	0	0	236	34	87	107	3	3	0	0	854
Remember the dot	816	11	0	0	26	2	7	18	1	0	0	13	894
Renata3	4882	38	0	0	16	2	0	61	4	0	0	0	5003
Renesis	148	0	0	0	25	1	0	19	6	0	0	0	199
Resolute	1248	21	0	0	27	2	2	76	2	0	0	0	1378
Retired username	12142	239	0	0	115	33	8	206	14	0	0	2	12759
RetiredUser2	376	88	0	0	25	15	0	12	6	0	0	0	522
Rettetast	22360	75	0	0	29	78	13	451	6	1	0	21	23034
Revolving Bugbear	102	7	0	0	5	1	0	25	11	0	0	0	151
RexNL	2299	11	0	0	153	11	9	4191	66	15	0	0	6755
ReyBrujo	952	36	0	0	101	29	5	138	2	0	0	0	1263
Rfl	364	39	0	0	0	0	0	0	0	0	0	0	403
Rhobite	719	15	0	0	67	26	0	617	47	0	0	0	1491
Rholton	277	3	0	0	8	1	0	22	3	0	0	0	314
Riana	14438	155	0	0	1058	108	108	2446	192	3	0	18	18526
Rich Farmbrough	3187	246	0	0	96	33	17	250	31	10	0	3	3873
Richardcavell	433	8	0	0	29	9	1	73	2	0	0	0	555
Richardshusr	992	38	0	0	53	24	12	16	3	0	0	0	1138
Rick Block	633	3	0	0	3	1	0	66	2	0	0	0	708
RickK	2466	14	0	0	53	5	0	651	26	0	0	0	3215
Ricky81682	4118	29	0	0	34	73	20	149	16	11	0	0	4450
Rifleman 82	405	45	0	0	36	9	5	125	9	4	0	3	641
Rigadoun	220	10	0	0	2	1	0	2	1	0	0	0	236
Risker	590	79	247	77	126	31	83	277	22	37	0	6	1575
Rjanag	985	35	5	0	82	8	10	172	18	16	0	1	1332
Rjd0060	15161	393	0	0	700	49	113	1199	134	71	0	32	17852
Rje	2080	9	0	0	93	171	0	319	5	0	0	0	2677
Rkitko	720	50	0	0	16	2	3	12	1	0	0	0	804
Rklawton	904	14	0	0	25	2	2	518	15	17	0	0	1497
Rlandmann	1284	92	0	0	23	3	0	48	3	0	0	0	1453
Rlendog	12	0	0	0	0	0	0	17	0	0	0	0	29
Rlevse	1435	63	47	0	157	20	30	2758	159	19	566	103	5357
Rlquall	4	1	0	0	0	0	0	1	1	0	0	0	7
Rmhermen	2098	16	0	0	27	7	7	56	0	0	0	0	2211
Roadrunner	0	0	0	0	0	0	0	5	0	0	0	0	5
RobH	0	0	0	0	0	0	0	0	0	0	1	0	1
RobLa	2	1	0	0	0	0	0	0	0	0	0	0	3
Robchurch	714	11	0	0	6	4	0	83	12	0	0	0	830
Robdurbar	1591	72	0	0	147	84	0	112	25	0	0	0	2031
Robert Merkel	0	1	0	0	0	0	0	5	4	0	0	0	10
RobertG	6068	23	0	0	39	5	5	410	23	1	0	1	6575
Robin Patterson	0	0	0	0	0	0	0	1	0	0	0	0	1
Robth	3830	187	0	0	5	3	0	10	0	0	0	0	4035
RobyWayne	122	0	0	0	0	0	0	14	0	0	0	0	136
RockMFR	2050	172	0	0	176	124	26	319	5	2	0	1	2875
Rockero	78	1	0	0	5	2	0	13	0	0	0	0	99
Rockpocket	474	18	0	0	30	9	4	145	17	1	0	1	699
Rocky Road	0	0	0	0	1	0	0	0	0	0	0	0	1
Rodhullandemu	1185	84	0	0	986	35	236	3459	107	162	0	15	6269
Roger Davies	440	25	23	0	10	4	3	51	20	11	0	4	591
Rogerd	590	11	0	0	24	5	0	139	1	0	0	0	770
Ronhjones	1776	53	0	0	79	4	9	501	26	6	0	1	2455
Ronline	62	3	0	0	6	9	0	11	1	0	0	0	92
Ronnotel	19	2	0	0	45	11	6	87	25	1	0	1	197
Roozbeh	152	2	0	0	27	7	0	8	1	0	0	0	197
Rosiestep	11	5	0	0	2	2	0	0	0	0	0	2	22
Rossami	1006	467	0	0	36	9	1	230	2	0	0	0	1751
RoyBoy	132	2	0	0	37	2	1	617	13	0	0	0	804
RoySmith	350	12	0	0	30	7	0	237	10	1	0	0	647
Royalbroil	991	25	0	0	72	23	5	52	4	0	0	1	1173
Royalguard11	1825	32	0	0	267	379	28	179	19	0	0	0	2729
Royboycrashfan	6095	107	0	0	73	0	0	386	22	0	0	0	6683
Rschen7754	1147	54	0	0	348	5	21	535	52	12	0	7	2181
Rspeer	119	5	0	0	15	1	0	112	24	1	0	0	277
Ruhrfisch	314	19	0	0	52	5	4	54	4	4	0	2	458
Runcorn	72	4	0	0	5	2	0	143	79	0	0	0	305
Rune.welsh	819	5	0	0	28	7	0	33	1	0	0	0	893
Runningonbrains	178	6	0	0	9	2	2	30	2	4	0	0	233
Ruslik0	2479	24	0	0	186	16	44	196	4	10	0	36	2995
Ruud Koot	1301	82	0	0	68	16	4	315	61	1	0	1	1849
Rwiggum	0	0	0	0	1	0	0	0	0	0	0	0	1
RxS	795	3	0	0	12	3	4	480	10	2	0	0	1309
Ryan Postlethwaite	1714	101	1	0	279	56	67	1400	151	23	0	60	3852
RyanGerbil10	3623	18	0	0	46	4	2	190	11	0	0	2	3896
Ryulong	10729	212	0	0	1213	49	77	6278	615	62	0	2	19237
S@bre	80	2	0	0	2	0	2	4	0	0	0	0	90
SB Johnny	39	2	0	0	10	0	4	9	6	0	0	0	70
SCEhardt	5235	51	0	0	12	0	0	306	3	0	0	1	5608
SCZenz	447	17	0	0	17	21	5	149	26	0	0	0	682
SD6-Agent	1	0	0	0	0	0	0	0	0	0	0	0	1
SGGH	2217	38	1	0	26	6	4	938	34	25	0	2	3291
SQL	2452	46	0	0	373	10	66	262	124	0	0	34	3367
ST47	37704	4965	0	0	237	83	99	5847	2327	2	0	3	51267
SWAdair	1600	7	0	0	49	1	0	38	1	0	0	0	1696
Sabine's Sunbird	88	0	0	0	7	0	3	0	0	0	0	0	98
Sadalmelik	0	0	0	0	1	0	0	0	0	0	0	0	1
Sade	148	5	0	0	3	0	0	1	2	0	0	0	159
Salix alba	139	7	0	0	8	5	4	6	0	0	0	0	169
Sam	104	21	0	0	24	4	0	22	0	0	0	2	177
Sam Blacketer	2387	15	0	0	45	8	2	193	33	1	0	1	2685
Sam Hocevar	6	7	0	0	0	0	0	1	2	0	0	0	16
Sam Korn	1014	21	6	8	65	10	13	974	76	4	0	13	2204
Sam Vimes	42	5	0	0	0	0	0	34	0	0	0	0	81
Samir	2583	98	0	0	260	132	10	484	58	0	0	10	3635
Samotnik	0	0	0	0	2	0	0	0	0	0	0	0	2
Samsara	36	21	0	0	73	4	2	63	33	0	0	0	232
Samuel Blanning	1742	97	0	0	157	65	0	1197	170	0	0	0	3428
Samulili	2	0	0	0	0	0	0	1	0	0	0	0	3
Sanchom	233	3	0	0	4	1	0	58	8	0	0	0	307
Sandahl	8194	97	0	0	378	8	9	3522	65	10	0	2	12285
Sandstein	6650	84	1	0	424	26	19	1136	219	57	0	3	8619
Sango123	4193	11	0	0	41	3	0	1567	66	0	0	0	5881
Sannse	882	30	0	0	19	10	0	57	35	0	0	0	1033
Sarah	2644	146	0	0	142	43	4	494	109	11	0	43	3636
Saravask	406	15	0	0	27	17	10	78	13	0	0	0	566
Sardanaphalus	0	0	0	0	7	0	0	0	0	0	0	0	7
SarekOfVulcan	882	61	0	0	83	9	21	233	40	33	0	0	1362
Sasquatch	1951	25	0	0	83	25	1	679	104	0	0	1	2869
Sassygurl192	0	0	0	0	2	0	0	0	0	0	0	0	2
Satori Son	1519	52	6	0	206	11	2	558	14	7	0	1	2376
SatyrTN	2764	21	0	0	19	8	4	36	7	0	0	0	2859
Savidan	65	5	0	0	13	5	0	3	0	0	0	0	91
Saxifrage	292	2	0	0	10	4	0	13	0	0	0	0	321
Scarian	650	23	0	0	179	3	22	1014	65	4	0	5	1965
Sceptre	1628	92	0	0	81	8	0	518	89	0	0	0	2416
Schissel	11	0	0	0	1	0	0	2	2	0	0	0	16
Schneelocke	30	3	0	0	15	2	0	11	2	0	0	0	63
SchuminWeb	13306	288	6	0	137	13	6	549	6	19	0	0	14330
Schutz	838	4	0	0	3	0	0	3	0	0	0	0	848
Scientizzle	3337	64	0	0	209	19	9	1057	32	9	0	4	4740
Scimitar	192	3	0	0	9	3	0	97	4	0	0	0	308
Scipius	0	0	0	0	0	0	0	1	0	0	0	0	1
Scjessey	0	0	0	0	1	0	0	0	0	0	0	0	1
Scm83x	229	5	0	0	6	1	0	37	2	0	0	0	280
Scorpion0422	0	0	0	0	1	0	0	0	0	0	0	0	1
Scott Burley	842	1	0	0	11	1	0	33	3	0	0	0	891
Scott MacDonald	823	18	0	0	30	1	4	40	8	2	0	0	926
Scott5114	1250	9	0	0	121	5	0	30	5	0	0	1	1421
ScottDavis	301	36	0	0	9	5	0	37	4	0	0	0	392
Seabhcan	193	3	0	0	5	2	0	27	2	0	0	0	232
Sean Whitton	439	16	0	0	18	7	0	55	3	0	0	2	540
Sean William	868	45	0	0	109	8	4	414	35	0	0	2	1485
Searchme	147	0	0	0	0	0	0	11	0	0	0	0	158
Seattle Skier	287	8	0	0	12	0	1	29	1	0	0	0	338
SebastianHelm	227	20	0	0	10	2	2	6	5	0	0	0	272
Sebastiankessel	2	2	0	0	8	4	0	38	1	0	0	0	55
Secret	6060	64	0	0	144	6	9	252	19	4	0	21	6579
Secretlondon	429	6	0	0	2	0	0	428	8	0	849	24	1746
Secretmessages	2053	45	0	0	149	42	9	2344	205	0	0	0	4847
Seddon	82	3	0	0	20	1	2	76	3	10	0	6	203
Seglea	192	4	0	0	2	0	0	1	0	0	0	0	199
Seicer	1873	43	0	0	338	37	47	709	48	12	0	0	3107
Selket	1184	8	0	0	19	3	2	212	16	0	0	0	1444
Sephiroth BCR	909	17	0	0	36	6	1	323	7	0	0	0	1299
Seraphim	404	35	0	0	40	9	11	135	22	1	0	3	660
Seraphimblade	2735	17	0	0	39	9	2	709	50	2	0	3	3566
Seresin	3029	91	0	0	189	8	29	175	1	3	0	5	3530
Sesel	76	4	0	0	19	12	0	12	0	0	0	0	123
Seth Ilys	343	2	0	0	7	2	0	5	3	0	0	0	362
Sethant	1	2	0	0	0	0	0	0	0	0	0	0	3
Sfoskett	11	1	0	0	1	0	0	0	0	0	0	0	13
Sgeureka	453	20	0	0	1	0	0	3	1	1	0	0	479
Shadow1	284	13	0	0	32	4	0	170	27	0	0	0	530
ShamelessAngel	0	0	0	0	1	0	0	0	0	0	0	0	1
Shanel	4686	76	1	0	71	17	0	2598	517	0	0	0	7966
Shanes	2432	21	0	0	89	162	4	1098	24	0	0	0	3830
Shauri	44	0	0	0	0	1	0	2	0	0	0	0	47
SheffieldSteel	48	5	4	0	28	2	10	118	17	17	0	0	249
Sheldon Rampton	2	0	0	0	0	0	0	1	0	0	0	0	3
Shell Kinney	10964	307	7	1	60	7	3	682	89	5	0	3	12128
Shereth	822	34	0	0	12	4	1	485	10	0	0	1	1369
Sherool	42191	70	0	0	19	6	0	18	1	0	0	0	42305
Shii	405	40	0	0	24	12	0	71	55	0	0	2	609
Shimeru	1404	9	0	0	16	0	0	10	0	0	0	0	1439
Shimgray	1289	141	0	0	152	6	6	37	18	0	0	10	1659
Shirahadasha	171	2	0	0	10	4	3	55	8	0	0	0	253
Shirik	249	10	12	0	27	2	16	313	6	24	0	5	664
Shizhao	1	1	0	0	1	0	0	0	0	0	0	0	3
Shoeofdeath	905	4	0	0	7	1	0	117	0	1	0	0	1035
Shreshth91	2323	19	0	0	33	12	0	390	48	0	0	0	2825
Shubinator	523	22	0	0	5	0	0	0	0	0	0	1	551
Shyam	16920	56	0	0	19	2	0	57	1	0	0	1	17056
Shyamal	88	7	0	0	22	2	5	30	2	1	0	4	161
Silence	24	0	0	0	0	1	0	0	0	0	0	0	25
SilkTork	401	35	0	0	17	2	9	2	3	3	0	1	473
Silsor	523	6	0	0	35	41	0	139	137	0	0	0	881
SimonP	5312	63	0	0	13	277	0	45	2	0	0	0	5712
Singularity	7381	115	0	0	61	15	2	79	7	0	0	1	7661
Sir Lestaty de Lioncourt	0	0	0	0	0	0	0	2	2	0	0	0	4
Sir Nicholas de Mimsy-Porpington	2149	60	0	0	84	11	4	814	82	0	0	0	3204
SirFozzie	358	19	8	0	95	8	41	325	34	4	0	0	892
Siroxo	73	4	0	0	0	0	0	18	0	0	0	0	95
Sitthisoneout1	0	0	0	0	1	0	0	0	0	0	0	0	1
Sj	136	164	0	0	11	9	1	57	8	0	0	0	386
Sjakkalle	4754	380	0	0	44	29	1	843	66	3	0	0	6120
Sjc	19	1	0	0	0	0	0	3	0	0	0	0	23
Sjorford	428	34	0	0	4	5	0	3	0	0	0	0	474
Skier Dude	67755	2105	0	0	376	8	29	686	1418	11	0	7	72395
Skomorokh	1565	112	0	0	128	3	7	0	0	0	0	6	1821
Sky Harbor	1	1	0	0	0	0	0	1	0	0	0	0	3
Slakr	4232	62	0	0	277	24	87	9115	97	22	0	14	13930
Slambo	697	18	0	0	33	0	0	184	5	0	0	0	937
SlimVirgin	1228	310	0	0	1045	410	93	1157	229	5	0	1	4478
Slowking Man	1350	29	0	0	130	25	1	859	132	0	0	0	2526
Slp1	496	17	2	0	35	9	6	158	4	7	0	0	734
Slrubenstein	35	2	0	0	28	7	3	45	10	4	0	0	134
Slumgum	154	1	0	0	1	0	0	0	0	0	0	0	156
Smalljim	802	7	0	0	13	2	0	401	7	4	0	0	1236
Smashville	1700	16	0	0	66	4	1	407	21	31	0	1	2247
Smith03	124	4	0	0	5	0	1	6	68	0	0	0	208
Smith609	176	6	0	0	9	3	8	4	2	4	0	0	212
SmthManly	519	4	0	0	32	9	1	51	2	0	0	0	618
Smurrayinchester	67	3	0	0	10	6	0	17	6	0	0	0	109
Sn0wflake	406	3	0	0	15	2	0	108	2	1	0	0	537
Snowolf	1154	28	0	0	41	6	3	956	30	6	0	5	2229
Snoyes	95	0	0	0	1	0	0	40	0	0	0	0	136
SoLando	300	14	0	0	18	7	0	193	6	0	0	0	538
SoWhy	7994	109	0	0	703	57	140	280	8	12	0	10	9313
Solid Falcon	0	0	0	0	2	0	0	0	0	0	0	0	2
Solipsist	78	1	0	0	136	49	0	108	12	0	0	0	384
Someguy1221	1337	22	5	0	30	3	3	618	5	27	0	5	2055
Somno	866	22	0	0	14	5	2	16	0	1	0	0	926
SorryGuy	11	2	0	0	2	2	0	18	2	0	0	0	37
Sortior	1	0	0	0	0	0	0	0	0	0	0	0	1
Soumyasch	2802	55	0	0	74	10	3	670	32	0	0	6	3652
SouthernNights	2089	51	0	0	131	35	10	254	6	4	0	0	2580
SpacemanSpiff	2245	15	0	0	191	4	14	526	3	18	0	3	3019
Spangineer	262	10	0	0	16	11	0	94	8	0	0	0	401
Spartaz	3701	264	2	0	203	34	12	351	85	10	0	11	4673
Spebi	1549	31	0	0	165	9	26	493	26	0	0	10	2309
Spellcast	8057	424	0	0	637	7	39	9230	645	125	0	11	19175
Spencer	221	3	0	0	29	3	4	266	3	0	0	1	530
Spencer195	12	0	0	0	0	0	0	3	0	0	0	0	15
Spike Wilbury	2663	103	0	0	25	4	1	153	4	1	0	1	2955
Spinningspark	122	19	0	0	29	2	14	160	1	9	0	0	356
Splash	8222	320	0	0	262	758	7	414	136	0	0	1	10120
SpuriousQ	625	1	0	0	17	1	0	569	5	0	0	0	1218
Srikeit	1840	18	0	0	86	45	0	387	22	0	0	0	2398
Ssd	1699	2	0	0	7	1	0	14	0	0	0	0	1723
Staecker	1692	21	0	0	1	1	0	2	0	0	0	0	1717
Stan Shebs	2655	74	0	0	1	0	0	25	0	0	1	0	2756
Star Mississippi	2054	56	0	0	79	4	6	247	8	1	0	0	2455
Starblind	2636	13	0	0	107	1	1	264	6	1	0	0	3029
Staxringold	342	9	1	0	3	0	0	43	0	0	0	0	398
Steel	9468	74	1	0	969	333	27	1203	89	2	0	7	12173
Steinsky	34	0	0	0	7	2	0	32	1	0	0	0	76
Stemonitis	3799	139	0	0	11	14	2	48	2	0	0	0	4015
Stephan Schulz	8	1	0	0	17	1	3	104	3	1	0	1	139
Stephen	6813	83	0	0	83	3	0	1400	72	9	0	9	8472
Stephen Bain	1746	42	0	0	85	23	1	96	18	0	0	0	2011
StephenBuxton	895	20	0	0	30	3	3	282	9	0	0	0	1242
Steve	207	5	0	0	5	1	0	1	1	0	0	0	220
Steve Smith	1338	96	14	0	115	7	23	346	35	11	0	3	1988
SteveSims	0	0	0	0	1	0	0	0	0	0	0	0	1
Steven Walling	747	3	0	0	85	1	12	63	3	0	0	0	914
Stevenfruitsmaak	95	10	0	0	10	0	0	11	0	0	0	0	126
Stevenj	34	1	0	0	23	0	0	44	1	0	0	0	103
Stevertigo	136	16	0	0	46	11	0	22	14	0	0	0	245
Stewartadcock	828	0	0	0	10	3	0	6	1	0	0	0	848
Stifle	19034	584	4	0	543	57	53	515	66	10	0	45	20911
Stormie	2443	63	0	0	46	6	3	376	11	0	0	2	2950
StuffOfInterest	173	5	0	0	29	2	0	104	2	0	0	0	315
Stuffdoing	0	0	0	0	1	0	0	0	0	0	0	0	1
Stwalkerster	2565	64	0	0	80	1	7	370	44	3	0	33	3167
Sub619	0	0	0	0	1	0	0	0	0	0	0	0	1
Sue Anne	499	9	0	0	0	0	0	1	0	0	0	0	509
Sugarfish	2	2	0	0	1	1	0	0	0	0	0	0	6
Sundar	39	13	0	0	0	0	1	6	3	0	0	0	62
Superm401	257	24	0	0	22	22	24	47	12	0	0	1	409
Sverdrup	502	4	0	0	1	2	0	2	2	0	0	0	513
Swatjester	953	30	0	0	183	16	30	375	49	0	0	5	1641
Syrthiss	3696	44	0	0	252	24	8	2222	105	77	0	9	6437
TFOWR	0	0	0	0	2	0	0	0	0	0	0	0	2
TKD	2746	150	0	0	75	17	19	315	30	3	0	3	3358
TPK	62	0	0	0	0	0	0	0	0	0	0	0	62
TSO1D	89	1	0	0	34	8	2	21	2	0	0	0	157
TShilo12	59	4	0	0	8	2	0	5	2	0	0	0	80
TUF-KAT	542	39	0	0	0	0	0	12	1	0	0	0	594
Ta bu shi da yu	1396	57	0	0	88	47	0	171	56	0	0	0	1815
Tabercil	415	34	1	0	53	8	1	178	4	1	0	0	695
Tadakuni	9	0	0	0	0	0	0	0	0	0	0	0	9
Taelus	256	32	0	0	90	6	25	29	11	10	0	0	459
Talrias	255	8	0	0	23	14	0	82	17	0	0	0	399
Tango	341	2	0	0	4	2	0	75	4	0	0	0	428
Tangotango	1509	28	0	0	23	1	1	621	17	0	0	0	2200
Tanner-Christopher	9	0	0	0	12	0	4	1	1	0	0	0	27
Tannin	57	2	0	0	1	0	0	22	1	0	0	0	83
Tanthalas39	2269	25	0	0	1048	47	168	3303	71	55	0	6	6992
Tariqabjotu	312	28	1	0	841	91	59	467	76	2	0	0	1877
Tassedethe	2896	175	0	0	8	6	2	9	0	1	0	0	3097
Taw	88	17	0	0	0	2	0	0	0	0	0	0	107
Tawker	4363	51	0	0	281	18	12	1753	349	0	0	9	6836
Taxman	246	19	1	2	15	10	0	175	12	0	34	337	851
Tbo 157	30	2	0	0	3	1	0	24	6	0	0	0	66
Tbsdy lives	2601	50	0	0	147	5	13	55	5	6	0	0	2882
Tcncv	190	4	0	0	164	4	44	293	4	12	0	3	718
TeaDrinker	1775	21	0	0	22	1	7	254	4	2	0	1	2087
Tedder	1664	18	0	0	857	58	182	585	17	53	0	3	3437
TenOfAllTrades	413	17	0	0	69	5	9	660	41	11	0	4	1229
TerriersFan	1435	63	0	0	160	12	10	249	10	2	0	0	1941
Terrillja	0	0	0	0	1	0	0	0	0	0	0	0	1
TexasAndroid	19142	485	0	0	358	41	12	642	37	1	0	1	20719
Texture	450	10	0	0	1	1	0	34	1	0	0	0	497
Tfinc	0	0	0	0	0	0	0	0	0	0	0	2	2
ThaddeusB	1578	293	0	0	14	4	4	60	5	4	0	1	1963
Thatcher	2740	118	9	96	243	59	27	3065	338	25	0	32	6752
Thatcher131	0	1	0	0	0	0	0	0	0	0	0	0	1
Thatislifeandlove	0	0	0	0	2	0	0	0	0	0	0	0	2
The Anome	3366	85	0	0	349	34	27	4477	192	84	0	2	8616
The Cunctator	7	63	0	0	5	17	0	11	6	0	0	0	109
The Earwig	1132	155	0	0	30	3	0	19	1	0	0	10	1350
The Epopt	3283	41	0	0	27	2	0	44	12	0	0	0	3409
The JPS	7863	44	0	0	208	23	13	406	14	0	0	0	8571
The Land	454	6	0	0	12	5	0	96	13	0	0	0	586
The Placebo Effect	366	12	0	0	41	8	7	27	4	0	0	2	467
The Rambling Man	3239	8	0	0	79	3	4	759	6	0	271	27	4396
The Random Editor	88	0	0	0	21	0	0	39	1	0	0	0	149
The Singing Badger	25	0	0	0	0	0	0	2	0	0	0	0	27
The Tom	145	12	0	0	41	12	0	4	0	0	0	0	214
The Transhumanist	0	0	0	0	3	0	0	0	0	0	0	0	3
The Wordsmith	404	4	1	0	10	3	2	9	2	1	0	1	437
The ed17	160	13	3	0	79	10	32	27	0	12	0	8	344
The undertow	809	10	0	0	38	9	4	112	7	0	0	4	993
The wub	6389	53	0	0	26	5	0	171	9	0	0	2	6655
The-G-Unit-Boss	1409	5	0	0	102	3	12	24	0	0	0	0	1555
TheCoffee	29327	43	0	0	20	14	0	29	3	1	0	0	29437
TheCustomOfLife	43	0	0	0	6	1	0	3	0	0	0	0	53
TheDJ	1395	49	0	0	11	2	4	1	0	0	0	0	1462
TheParanoidOne	12440	29	0	0	0	0	0	0	0	0	0	0	12469
TheProject	2205	13	0	0	21	8	0	67	3	0	0	0	2317
Thedemonhog	29	0	0	0	0	0	1	0	0	0	0	2	32
Thehelpfulone	629	20	0	0	222	8	42	133	7	15	0	7	1083
TheoClarke	269	17	0	0	0	1	0	17	2	0	0	0	306
Therequiembellishere	0	0	0	0	1	0	0	0	0	0	0	0	1
Theresa knott	1860	55	0	0	248	59	16	1617	237	4	0	0	4096
Thespian	2	1	0	0	4	0	0	2	1	0	0	0	10
Thingg	3544	42	0	0	60	3	10	440	7	8	0	5	4119
Thogo	0	0	2	0	0	0	0	0	0	0	0	0	2
Thorpe	319	4	0	0	10	2	1	22	4	0	0	0	362
Thryduulf	853	61	0	0	75	42	2	56	18	1	0	0	1108
Thue	8064	32	0	0	29	8	0	370	37	1	0	0	8541
Thunderboltz	611	28	0	0	13	6	0	80	0	0	0	0	738
Thunderbrand	3589	9	0	0	3	2	0	39	2	0	0	0	3644
Tide rolls	5	0	0	0	0	0	0	52	0	0	0	0	57
TigerShark	1146	55	0	0	43	11	3	1039	43	0	0	0	2340
Tijuana Brass	2988	48	0	0	33	4	0	99	10	0	0	0	3182
Tikiwont	7081	709	0	0	79	16	0	507	10	13	0	0	8415
Tillwe	45	0	0	0	0	0	0	3	0	0	0	0	48
Tim Ivorson	8	4	0	0	1	0	0	0	0	0	0	0	13
Tim Song	999	277	23	0	92	4	14	855	30	165	0	22	2481
Tim Starling	42	11	1	0	7	3	0	15	23	0	5	0	107
Tim!	861	27	0	0	4	3	0	46	2	0	0	0	943
TimVickers	1314	43	0	0	201	16	82	899	29	11	0	5	2600
Timc	35	1	0	0	0	1	0	2	0	0	0	0	39
Timichal	1	17	0	0	0	0	0	0	0	0	0	0	18
Timrollpickering	349	2	0	0	22	3	7	7	0	0	0	0	390
Timwi	338	17	0	0	3	6	0	0	0	0	0	0	364
Tinselfairy1	0	0	0	0	2	0	0	0	0	0	0	0	2
Tinucherian	3	1	0	0	38	0	5	0	0	0	0	4	51
Tiptoety	6306	151	14	0	1190	1127	258	4703	225	459	0	245	14678
Titoxd	2937	419	0	0	106	42	3	1562	366	0	0	5	5440
Tivedshambo	2047	25	0	0	33	3	4	648	15	15	0	23	2813
Tizio	1870	51	0	0	21	31	0	21	1	0	0	0	1995
Tkinias	3	0	0	0	0	0	0	0	0	0	0	0	3
Tnxman307	10242	50	0	0	185	1	7	5027	46	85	0	14	15657
Toby Bartels	20	148	0	0	1	3	0	0	1	0	0	0	173
Toddst1	6554	95	0	0	776	46	75	6887	263	195	0	33	14924
Tom	1383	30	0	0	34	11	5	82	1	0	0	0	1546
Tom harrison	3137	161	0	0	369	114	43	1864	109	6	0	0	5803
Tom-	37	3	0	0	8	3	0	4	0	0	0	0	55
TomStar81	380	5	0	0	66	6	7	51	2	0	0	0	517
TomTheHand	97	54	0	0	0	2	0	61	8	0	0	0	222
Tompagenet	5	0	0	0	0	0	0	0	0	0	0	0	5
Tone	17632	173	0	0	53	3	7	138	0	0	0	0	18006
Tony Fox	1451	8	0	0	81	2	9	549	10	6	0	0	2116
Tony Sidaway	1039	403	0	0	359	596	0	357	124	0	0	0	2878
Tonywalton	3338	12	0	0	35	5	9	452	26	27	0	2	3906
Toon05	1386	109	1	0	59	12	5	160	7	16	0	6	1761
Topbanana	786	5	0	0	7	1	2	3	0	0	0	0	804
TorNodeBot	0	0	0	0	0	0	0	32	0	0	0	0	32
Tra	118	11	0	0	37	5	0	5	0	0	0	0	176
TravisTX	889	14	0	0	64	3	11	225	42	35	0	5	1288
Trebor	296	3	0	0	75	26	0	83	7	0	0	0	490
Tregoweth	4330	57	0	0	140	18	0	890	40	0	0	0	5475
Trevor MacInnis	2230	233	0	0	137	7	18	472	11	2	0	1	3111
Trevor Parscal	2	0	0	0	0	0	0	0	0	0	0	0	2
Trialsanderrors	662	293	0	0	52	60	0	20	2	0	0	0	1089
Triddle	5	0	0	0	3	2	0	4	0	0	0	0	14
Trilobite	514	1	0	0	3	3	0	63	6	0	0	0	590
Tristanb	5	8	0	0	0	0	0	0	0	0	0	0	13
Troy 07	0	0	0	0	1	0	0	0	0	0	0	0	1
Trusilver	757	11	0	0	62	1	4	1236	35	12	0	1	2119
Trödel	180	23	0	0	6	2	0	61	12	1	0	0	285
Turnstep	786	8	0	0	2	0	0	1	0	0	0	0	797
TwinsMetsFan	400	22	0	0	5	1	0	14	0	0	0	0	442
Typesships	0	0	0	0	1	0	0	0	0	0	0	0	1
Tyrenius	2645	63	0	0	69	12	9	270	31	1	0	7	3107
Tznkai	223	5	0	0	83	9	17	143	21	6	0	2	509
UberScienceNerd	165	2	0	0	0	0	0	69	0	0	0	0	236
Ucucha	881	55	1	0	40	4	13	37	0	4	0	1	1036
Ugen64	1037	30	0	0	33	6	1	174	22	0	0	0	1303
UkPaolo	1439	57	0	0	15	5	0	131	3	0	0	0	1650
Ultraexactzz	3271	68	0	0	91	4	4	471	58	5	0	2	3974
Uncle G	1888	220	0	0	31	0	5	161	1	1	0	0	2307
UninvitedCompany	1830	43	0	0	60	27	0	119	33	0	62	46	2220
UpstateNYer	412	1	0	0	3	0	4	4	1	0	0	79	504
Urhixidur	386	21	0	0	2	0	0	8	0	0	0	0	417
Useight	2087	23	0	0	40	3	4	342	9	0	205	10	2723
User2004	117	2	0	0	16	6	0	124	27	0	0	0	292
Utcursch	6620	156	0	0	77	4	9	2319	18	4	0	0	9207
UtherSRG	7445	131	0	0	120	9	5	761	21	3	0	0	8495
Vague Rant	26	4	0	0	0	2	0	4	1	0	0	0	37
Valley2city	626	7	0	0	23	5	8	212	2	9	0	16	908
VampWillow	388	1	0	0	30	8	0	12	3	0	0	0	442
Vancouverguy	935	0	0	0	0	0	0	0	0	0	0	0	935
Vanished user	166	16	0	0	29	8	2	105	14	0	0	0	340
Vaoverland	43	2	0	0	0	0	0	17	0	0	0	0	62
Vary	650	55	0	0	33	4	3	202	9	1	0	0	957
Vassyana	599	15	30	0	31	4	3	120	30	0	0	0	832
VegaDark	12223	292	0	0	167	150	104	804	340	1	0	0	14081
Vegaswikian	10477	51	0	0	88	5	15	38	2	3	0	0	10679
Veinor	2219	18	0	0	36	4	1	360	24	2	0	0	2664
Verrai	748	5	0	0	14	6	0	69	2	1	0	0	845
Versageek	3479	26	2	0	107	1	17	829	16	17	0	14	4508
Viajero	52	4	0	0	10	9	0	15	4	0	0	0	94
Vianello	1548	13	0	0	22	1	5	636	14	42	0	1	2282
Vicky Lee	0	0	0	0	1	0	0	0	0	0	0	0	1
Victuallers	74	5	0	0	233	3	12	15	1	1	0	0	344
Violetriga	1640	119	0	0	79	33	0	131	43	0	0	0	2045
Viridae	1042	101	0	0	86	34	26	532	88	11	0	19	1939
VirtualSteve	1822	40	0	0	404	22	37	1488	36	48	0	8	3905
Vishal	1	0	0	0	5	3	0	0	0	0	0	0	9
Visorstuff	6	1	0	0	4	1	0	0	0	0	0	0	12
Visviva	52	0	0	0	3	1	0	3	1	0	0	0	60
Voice of All	5632	83	1	0	488	2115	6	1046	107	0	0	6	9484
Vsmith	1288	4	0	0	172	11	35	5132	26	14	0	3	6685
Vulcan Hephaestus	0	0	0	0	4	0	0	0	0	0	0	0	4
WAvegetarian	270	20	0	0	8	3	0	69	6	0	0	0	376
WJBscribe	9399	221	0	0	396	497	40	2637	165	0	2704	308	16367
WODUP	2286	35	0	0	86	3	10	665	57	6	0	10	3158
Wafulz	5422	95	0	0	160	11	9	1299	44	0	0	0	7040
Waggers	894	2	0	0	49	1	2	1141	8	1	0	0	2098
Walter	0	0	0	0	0	0	0	1	0	0	0	0	1
Walton One	842	19	0	0	3	3	0	25	2	0	0	0	894
Waltpohl	29	0	0	0	2	0	0	0	0	0	0	0	31
Wangi	822	45	0	0	23	21	2	387	22	0	0	0	1322
Wapcaplet	2	0	0	0	0	0	0	0	0	0	0	0	2
Warofdreams	1012	25	0	0	5	1	1	27	1	0	257	147	1476
Wassupwestcoast	224	22	0	0	14	5	2	14	2	0	0	0	283
Water Bottle	282	22	0	0	2	0	0	30	3	0	0	0	339
Wayward	1420	1	0	0	2	2	0	695	30	0	0	0	2150
Wee Jas	0	0	0	0	1	0	0	0	0	0	0	0	1
Wehwalt	353	7	0	0	30	16	14	61	11	11	0	7	510
Werdna	364	10	2	0	35	1	4	74	24	4	0	7	525
Werdna648	0	0	0	0	1	0	0	0	0	0	0	0	1
WereSpielChequers	4838	148	0	0	102	1	2	223	1	1	0	108	5424
Wernher	49	0	0	0	0	0	0	1	0	0	0	0	50
Wesley	0	1	0	0	0	0	0	2	0	0	0	0	3
Wgfinley	159	5	0	0	9	1	0	19	10	0	0	0	203
Where	412	4	0	0	0	0	0	81	11	0	0	0	508
WhisperToMe	451	167	0	0	55	10	2	29	4	0	0	0	718
Who	1298	5	0	0	15	9	0	456	98	0	0	0	1881
Whouk	511	6	0	0	1	1	0	13	0	0	0	0	532
Wickethewok	2741	44	0	0	18	0	0	63	2	0	0	0	2868
Wiglaf	48	3	0	0	4	1	0	26	6	0	0	0	88
Wiki alf	1888	18	0	0	59	27	0	1503	32	5	0	0	3532
WikiLeon	537	18	0	0	110	20	2	545	61	10	0	5	1308
Wikiacc	780	31	0	0	7	5	0	31	8	0	0	0	862
Wikibofh	246	7	0	0	42	48	0	784	37	0	0	0	1164
Wile E. Heresiarch	619	1	0	0	1	0	0	25	0	0	0	0	646
Wilfried Derksen	75	7	0	0	13	5	0	2	0	0	0	0	102
Will Beback	909	111	2	0	443	120	31	1677	109	19	0	2	3423
William M. Connolley	510	18	0	0	173	29	25	2029	223	27	0	0	3034
William Pietri	450	4	0	0	1	0	0	10	0	0	0	0	465
WilliamH	287	4	0	0	24	2	1	121	2	3	0	16	460
Willking1979	3380	65	13	0	90	2	18	2530	12	70	0	7	6187
WilyD	1661	52	0	0	27	2	8	177	15	1	0	1	1944
Wimt	622	30	0	0	59	8	2	917	21	0	0	12	1671
Winhunter	7310	71	0	0	292	52	5	1376	252	1	0	3	9362
Wissel Wall	0	0	0	0	1	0	0	0	0	0	0	0	1
Wizardman	13905	107	61	0	518	14	25	331	12	4	0	6	14983
Wknight94	16389	384	0	0	828	195	114	8756	204	53	0	5	26928
Wneedham02	0	0	0	0	1	0	0	0	0	0	0	0	1
Woggly	167	7	0	0	12	0	0	75	14	0	0	0	275
Woody	4951	70	24	0	182	12	26	212	34	11	0	8	5530
Woohookitty	7804	163	0	0	503	474	5	1257	171	0	0	2	10379
Woooooooooop	0	0	0	0	1	0	0	0	0	0	0	0	1
Worldtraveller	215	0	0	0	4	4	0	19	2	0	0	0	244
Wouterstomp	19	0	0	0	0	0	0	0	0	0	0	0	19
Wpedzich	4	0	0	0	0	0	0	0	0	0	0	0	4
Wrp103	1	0	0	0	0	0	0	111	0	0	0	0	112
Wtmitchell	32	1	0	0	3	1	0	87	2	5	0	0	131
Wwoods	153	19	0	0	92	4	10	60	0	0	0	0	338
Wwwwolf	2637	27	0	0	39	5	0	5	1	0	0	0	2714
X!	2112	49	0	0	69	17	16	237	37	15	50	28	2630
XDanielx	65	5	0	0	0	0	0	0	0	0	0	0	70
XJamRastafire	7	0	0	0	5	3	0	0	0	0	0	0	15
Xaosflux	7829	309	0	0	612	287	251	853	83	31	0	12	10267
Xavexgoem	416	25	0	0	52	12	12	119	13	6	0	4	659
Xdamr	1039	10	0	0	2	0	0	29	1	1	0	0	1082
Xeno	10230	734	7	0	343	222	477	1318	641	200	0	296	14468
Xezbeth	8056	87	0	0	56	10	0	388	6	2	0	0	8605
Xiner	210	4	0	0	10	1	0	72	4	0	0	0	301
Xnuala	62	0	0	0	0	0	0	3	1	0	0	0	66
Xoloz	7424	810	0	0	211	56	1	70	6	0	0	0	8578
Xymmax	958	70	0	0	193	17	50	101	4	6	0	5	1404
Y	2455	49	0	0	52	11	8	93	5	0	0	0	2673
Y0u	345	0	0	0	0	0	0	13	2	0	0	0	360
Yamamoto Ichiro	1123	19	0	0	218	21	17	1565	35	9	0	67	3074
Yamla	3574	27	0	0	1223	59	16	4159	980	0	0	0	10038
Yandman	304	3	0	0	16	1	2	135	8	0	0	0	469
Yanksox	2711	57	0	0	113	30	0	228	20	0	0	0	3159
Yann	2	0	0	0	0	0	0	0	0	0	0	0	2
Yannismarou	296	2	0	0	20	7	1	48	1	0	0	1	376
YellowMonkey	8849	225	1	0	902	96	72	2185	161	21	0	5	12517
Yelyos	43	0	0	0	1	1	0	8	1	0	0	0	54
Yet Another Redirect Cleanup Bot	5237	0	0	0	0	0	0	0	0	0	0	0	5237
Ynhockey	195	3	0	0	7	1	0	8	0	0	0	0	214
Yomangani	1125	9	0	0	36	8	0	31	2	0	0	0	1211
Yonatan	255	54	0	0	10	9	6	85	9	0	0	2	430
Youngamerican	1271	52	0	0	56	23	3	33	2	0	0	0	1440
Zanimum	1371	61	0	0	56	17	0	121	12	0	0	0	1638
Zedla	873	6	0	0	32	2	2	122	9	0	0	0	1046
Zemaiteska	0	0	0	0	1	0	0	0	0	0	0	0	1
Zero0000	109	4	0	0	16	6	2	45	2	1	0	0	185
ZimZalaBim	2604	19	0	0	58	8	0	139	2	0	0	0	2830
Zippy	13	8	0	0	5	2	4	35	6	0	0	0	73
Zocky	262	18	0	0	21	8	0	21	8	0	0	0	338
Zoe	5859	83	0	0	244	12	0	1240	99	0	0	0	7537
Zoicon5	33	0	0	0	0	0	0	0	0	0	0	0	33
Zoney	20	11	0	0	3	2	0	1	1	0	0	0	38
Zscout370	11802	277	0	0	317	66	27	608	95	3	0	7	13202
Zsinj	2556	13	0	0	38	2	0	442	39	0	0	0	3090
Zzuuzz	5616	210	254	0	1112	1226	596	9714	779	323	0	24	19854
Zzyzx11	9377	304	2	0	1220	564	22	377	53	6	0	2	11927
^demon	28642	182	0	0	40	7	3	76	12	1	0	1	28964
Ævar Arnfjörð Bjarmason	213	3	0	0	1	0	0	7	2	0	0	0	226
Ø	0	0	0	0	2	0	0	0	0	0	0	0	2
èªç±åå¤	0	0	0	0	1	0	0	0	0	0	0	0	1
ï¾	0	0	0	0	2	0	0	0	0	0	0	0	2
Totals	6614186	135801	5279	1511	207214	41543	20779	1104190	79968	20703	16592	11500	8259266
