User	DL	UD	PT	UP	PM	BL	UB	BM	UR	RM	Total
(aeropagitica)	11928	38	50	2	0	1733	42	0	0	0	13793
172	16	0	23	7	0	52	40	0	0	0	138
17Drew	317	1	2	0	0	37	1	0	0	0	358
23skidoo	537	8	31	6	0	131	13	0	0	0	726
52 Pickup	99	3	6	1	0	73	6	0	0	0	188
@pple	527	51	4	1	0	66	9	0	0	0	658
A Man In Black	3031	61	164	24	1	179	34	0	0	0	3494
A Train	237	6	19	4	0	51	2	2	0	0	321
A. B.	120	505	100	2	4	237	32	6	0	0	1006
AA	492	5	2	1	0	10	2	0	0	0	512
ABCD	3138	29	432	27	0	62	41	0	0	2	3731
AGK	1714	121	241	60	54	564	82	2	0	61	2899
AKeen	7	4	2	0	1	0	0	0	0	0	14
AQu01rius	298	2	12	5	0	41	0	0	0	0	358
AZT2008	0	0	1	0	0	0	0	0	0	0	1
Aarktica	207	2	1	0	0	2	1	0	0	0	213
Aaron Brenneman	1025	25	41	81	1	136	13	0	0	0	1322
Academic Challenger	19666	36	182	34	0	2525	19	4	0	0	22466
Acalamari	5483	69	2829	71	173	1171	112	9	0	585	10502
Accounting4Taste	18567	44	244	12	2	74	0	0	0	2	18945
Acetic Acid	65	3	7	2	0	66	9	0	0	0	152
Acropolis now	0	0	3	0	0	0	0	0	0	0	3
Acroterion	18729	41	398	10	15	1750	44	48	0	2	21037
Adam Bishop	3633	17	43	11	1	121	22	0	0	1	3849
Adambiswanger1	75	0	15	4	0	48	1	0	0	0	143
Adambro	1527	11	29	1	3	138	6	1	0	3	1719
Adashiel	362	51	51	33	1	369	29	0	0	0	896
Addshore	523	5	3	1	2	166	7	3	0	5	715
AdjustShift	67	0	7	0	0	113	2	18	0	0	207
Admiral Norton	380	6	6	0	0	6	0	0	0	2	400
Admrboltz	2711	1	26	15	0	29	8	0	0	2	2792
Aecis	3805	39	91	5	0	163	3	0	0	0	4106
Aervanath	1354	168	34	5	5	41	9	2	0	0	1618
After Midnight	31698	186	32	6	0	57	6	0	0	0	31985
Agathoclea	1102	41	51	5	4	167	16	1	0	1	1388
Ahoerstemeier	13547	107	43	5	1	1992	11	0	0	0	15706
Ais523	299	16	16	3	0	8	6	0	0	0	348
Aitias	3269	60	212	16	284	1158	73	40	0	72	5184
Akhilleus	856	4	41	3	3	422	29	1	0	0	1359
Akradecki	5185	53	168	3	3	304	22	31	0	0	5769
Aksi great	1926	12	26	8	1	591	30	0	0	0	2594
Al Ameer son	6	1	2	2	0	2	0	0	0	1	14
Alai	1393	17	10	3	0	42	3	0	0	0	1468
AlainV	1	0	0	0	0	0	0	0	0	0	1
Alasdair	537	3	11	1	0	224	11	1	0	0	788
Aldux	109	1	170	35	0	201	18	0	0	0	534
Ale jrb	976	3	0	0	0	147	1	1	0	1	1129
Alex Bakharev	1721	145	464	44	39	1736	177	5	0	0	4331
Alex S	34	4	0	0	0	0	0	0	0	0	38
Alex.muller	548	22	22	1	1	305	15	0	0	11	925
Alex756	2	0	0	0	0	0	0	0	0	0	2
Alexf	11292	83	260	10	48	3998	37	7	0	0	15735
AlexiusHoratius	5	0	33	3	11	4	0	0	0	0	56
Alhutch	621	3	15	6	0	175	9	0	0	0	829
Alison	2346	122	1067	199	108	4731	334	13	0	58	8978
AlisonW	468	11	54	3	1	120	10	0	0	0	667
AlistairMcMillan	203	15	15	1	0	57	3	0	0	0	294
AliveFreeHappy	192	1	2	0	0	2	0	0	0	0	197
Alkivar	2396	136	252	27	9	470	41	0	0	0	3331
Allen3	10066	44	140	46	11	129	5	0	0	0	10441
AllyUnion	1913	26	96	11	0	38	11	0	0	0	2095
Alphachimp	6533	108	292	146	1	3917	117	0	0	0	11114
Altenmann	4944	249	264	63	16	1217	98	0	0	0	6851
Alteripse	2	0	2	1	0	13	1	0	0	0	19
Alvestrand	436	29	3	2	0	47	4	0	0	0	521
Amalas	1220	2	4	52	0	0	0	0	0	0	1278
Amalthea	1456	37	39	5	3	45	8	12	0	4	1609
Amberrock	544	7	19	3	0	115	9	0	0	0	697
Amcaja	54	3	0	1	0	58	2	0	0	0	118
Ameliorate!	317	3	46	3	2	120	8	0	0	0	499
AmiDaniel	2801	138	165	44	2	747	125	0	0	1	4023
Amire80	271	38	5	2	1	30	4	0	0	1	352
Amophar	0	0	1	0	0	0	0	0	0	0	1
Ams80	12	0	0	0	0	0	0	0	0	0	12
Anas Salloum	665	5	1	0	0	351	2	0	0	0	1024
Ancheta Wis	15	2	1	0	0	5	0	0	0	0	23
AndonicO	374	28	291	30	45	1347	51	0	0	0	2166
Andre Engels	2	0	0	0	0	1	0	0	0	0	3
Andres	3	3	1	0	0	0	0	0	0	0	7
Andrevan	657	87	20	11	0	85	28	0	1201	28	2117
Andrew Levine	718	13	19	2	0	33	6	0	0	0	791
Andrew Norman	48	1	27	2	0	75	7	0	0	0	160
Andrew Yong	16	1	0	0	0	0	0	0	0	0	17
Andrew c	1297	49	33	2	1	116	8	1	0	0	1507
Andrewa	85	6	0	0	0	0	0	0	0	0	91
Andris	17	0	0	0	0	0	0	0	0	0	17
Android79	3349	27	56	13	0	260	29	0	0	0	3734
Andrwsc	7272	86	55	53	7	92	1	0	0	0	7566
AndyZ	911	12	0	0	0	113	4	0	0	0	1040
AnemoneProjectors	466	59	74	44	1	107	1	1	0	0	753
Anetode	9125	316	250	13	7	1241	57	0	0	8	11017
AngelOfSadness	956	2	44	2	5	123	13	0	0	0	1145
Angela	2305	43	5	2	0	59	30	0	151	6	2601
Angelo.romano	851	115	106	14	3	71	2	0	0	0	1162
Angr	34215	205	197	52	23	760	29	2	0	0	35483
Angusmclellan	13785	133	11	2	1	60	6	0	0	17	14015
AniMate	109	3	7	2	0	38	1	3	0	1	164
Animum	1862	229	207	29	50	1644	279	1	0	27	4328
AnonEMouse	146	23	30	4	2	122	9	0	0	0	336
Anonymous Dissident	1207	21	372	32	55	484	13	1	193	30	2408
Anonymous editor	481	1	57	16	0	431	32	0	0	0	1018
Antandrus	7376	26	414	56	24	5299	354	42	0	1	13592
Anthere	38	1	4	4	0	4	1	0	0	2	54
Anthony Appleyard	22224	2626	47	3	10	1	0	0	0	0	24911
Anthony.bradbury	11183	60	48	2	1	1465	31	17	0	0	12807
AntiAbuseBot	43	0	0	0	44	862	1	15	0	0	965
AntonioMartin	9	3	5	3	0	4	18	0	0	0	42
Apokryltaros	0	0	1	0	0	0	0	0	0	0	1
Appraiser	323	6	5	0	0	1	0	0	0	0	335
Aqwis	112	6	24	4	5	38	1	0	0	2	192
Aranel	1087	18	13	0	0	24	3	0	0	0	1145
Arcadian	190	18	31	1	0	74	4	0	0	0	318
Archtransit	5	2	13	2	1	17	15	0	0	0	55
Arctic.gnome	204	5	18	2	1	25	1	0	0	1	257
Aris Katsaris	6	0	1	0	0	0	0	0	0	0	7
Arjun01	517	5	116	23	0	375	14	0	0	0	1050
Arminius	130	1	7	3	0	14	2	0	0	0	157
ArnoldReinhold	220	2	3	1	2	2	1	0	0	0	231
Art LaPella	36	1	0	0	0	0	0	0	0	0	37
Arthur Rubin	434	39	35	5	4	318	42	5	0	1	883
Aruk Besadii Aora	0	0	2	0	0	0	0	0	0	0	2
Arvindn	13	0	1	1	0	0	0	0	0	0	15
Arwel Parry	148	8	39	8	0	640	38	1	0	0	882
Asbestos	72	2	0	0	0	25	3	0	0	0	102
Asterion	95	7	69	8	3	121	15	0	0	0	318
AstroNomer	0	0	0	0	0	1	0	0	0	0	1
Athaenara	18286	119	11	2	1	26	5	0	0	0	18450
Atlant	92	1	11	0	0	572	20	2	0	0	698
AuburnPilot	2792	220	502	68	50	1098	133	19	0	16	4898
Audacity	20	2	1	1	0	1	1	0	0	0	26
Aude	1171	39	47	11	5	514	17	0	0	2	1806
Ausir	23	2	0	0	0	1	0	0	0	0	26
Avraham	1138	141	164	33	13	815	97	19	56	52	2528
Awiseman	19	1	14	0	0	9	0	0	0	0	43
Awolf002	13	0	0	0	0	2	0	0	0	0	15
AxelBoldt	39	6	8	1	0	0	0	0	0	0	54
AzaToth	1638	118	118	38	30	151	19	1	0	7	2120
B	13013	188	288	28	25	804	99	5	0	10	14460
BD2412	2133	1008	45	12	1	209	24	1	0	0	3433
BOZ	6	67	13	1	3	1	0	0	0	0	91
Babajobu	297	2	1	1	0	19	3	0	0	0	323
Baboon Faceless	0	0	2	0	0	0	0	0	0	0	2
Banes	62	7	2	0	0	158	2	0	0	0	231
Banno	10	5	9	2	0	50	2	0	0	0	78
BanyanTree	1812	61	202	245	4	394	11	0	0	0	2729
Barneca	1231	47	110	11	14	1013	46	19	0	1	2492
Barneca sock 1	0	0	1	0	0	0	0	0	0	0	1
BaronLarf	180	18	4	1	0	97	1	0	0	0	301
Bastique	353	92	47	8	4	121	51	0	3	1	680
Bazonka	0	0	1	0	0	0	0	0	0	0	1
Bbatsell	391	9	18	2	0	350	18	0	0	0	788
Bcorr	129	6	8	1	0	67	10	0	2	1	224
Bdesham	25	0	3	0	0	0	0	0	0	0	28
Bduke	250	18	20	7	2	23	0	0	0	0	320
Bearcat	3232	184	71	6	3	74	8	2	0	0	3580
Bearian	608	15	138	4	1	630	31	2	0	1	1430
Bedford	9	3	50	0	4	5	2	0	0	0	73
Beetstra	508	20	89	18	6	359	27	3	0	1	1031
Bel123456	0	0	1	0	0	0	0	0	0	0	1
Beland	191	1	13	12	1	10	0	0	0	0	228
Ben MacDui	206	1	1	0	0	7	0	0	0	0	215
Bencherlite	3401	55	158	4	12	493	7	6	0	7	4143
Berig	26	0	2	0	2	10	0	0	0	1	41
Betacommand	7463	46	76	379	0	3297	120	0	0	0	11381
Bettia	102	1	0	0	0	2	1	1	0	0	107
Bhadani	1297	7	94	19	1	478	10	0	0	0	1906
Bibliomaniac15	3885	25	216	31	17	1325	23	4	687	42	6255
BigHaz	3152	2	8	6	0	33	2	0	0	0	3203
BigrTex	960	10	2	0	0	1	0	0	0	0	973
Bigtimepeace	255	3	2	1	0	46	3	0	0	0	310
Bill	0	0	1	0	0	0	0	0	0	0	1
BillyH	47	2	0	1	0	1	0	0	0	0	51
BirgitteSB	125	7	0	0	0	1	1	0	0	1	135
Bishonen	573	74	196	46	7	569	209	1	0	0	1675
Bishzilla	53	11	16	2	2	24	6	0	0	5	119
Bjarki S	91	0	2	1	0	41	4	0	0	0	139
Bjelleklang	640	7	4	0	3	8	2	0	0	0	664
Bjweeks	3313	52	84	35	23	410	21	14	0	7	3959
Bkell	1140	13	0	0	0	1	0	0	0	0	1154
Bkonrad	612	85	2	0	0	138	2	0	0	0	839
Black Falcon	3996	59	3	1	0	26	1	0	0	0	4086
Black Kite	4141	125	321	40	42	1132	88	23	0	13	5925
Blankfaze	386	1	3	2	0	7	1	0	0	0	400
Blood Red Sandman	608	4	5	0	0	232	9	0	0	1	859
Blubberboy92	0	0	1	0	0	0	0	0	0	0	1
Blueboy96	1080	17	180	5	29	2053	120	26	0	0	3510
Bluemoose	10610	47	27	10	0	93	18	0	0	0	10805
Bmicomp	404	2	6	4	0	38	11	0	0	0	465
Bobak	219	11	127	6	7	686	10	5	0	0	1071
Bobet	4956	181	55	18	1	223	10	0	0	0	5444
Bobo192	4940	3	2	3	0	2	0	0	0	0	4950
Bogdangiusca	3132	64	28	10	1	107	13	0	0	0	3355
Bongwarrior	7970	56	416	7	89	3189	32	55	0	2	11816
Bonkers Bobcat	0	0	1	0	0	0	0	0	0	0	1
Bookofjude	650	27	29	5	0	85	9	0	0	0	805
Bopped Kia	0	0	1	0	0	0	0	0	0	0	1
BorgHunter	579	25	54	19	1	116	28	0	0	0	822
BorgQueen	3821	25	933	112	31	3321	166	13	0	0	8422
Borisblue	248	1	14	39	0	92	8	0	0	0	402
Bovlb	23	2	14	1	0	28	2	0	0	0	70
BozMo	285	6	12	3	0	113	13	0	0	0	432
BradBeattie	294	0	6	0	0	118	3	0	0	0	421
BradPatrick	17	0	4	0	0	5	0	0	0	0	26
Bradeos Graphon	4877	19	65	19	3	1211	79	0	0	0	6273
Bratsche	568	16	18	46	0	145	19	0	0	0	812
Brendanconway	955	23	26	8	0	87	14	0	0	0	1113
BrendelSignature	3	0	74	5	4	105	8	0	0	0	199
Brian	6	2	3	0	1	2	1	0	0	0	15
Brian Kendig	26	3	5	6	0	2	0	0	0	0	42
Brian0918	931	79	258	47	4	2140	109	0	0	0	3568
Brianga	2221	9	1	1	1	415	7	5	0	0	2660
Briangotts	138	7	1	0	0	7	0	0	0	0	153
Brighterorange	180	11	1	0	0	21	1	0	0	0	214
Brion VIBBER	190	9	12	0	1	27	11	0	0	4	254
Brockert	189	51	3	3	0	31	30	0	0	0	307
BrokenSegue	1363	11	62	67	0	153	40	0	0	0	1696
Brookie	3977	53	212	3	0	229	4	0	0	0	4478
BrownHairedGirl	782	114	138	5	9	125	14	0	0	0	1187
Bryan Derksen	828	324	5	7	0	10	0	0	0	2	1176
Bubba hotep	1169	49	24	0	0	331	10	2	0	0	1585
Buchanan-Hermit	514	18	28	6	0	452	20	0	0	0	1038
Bucketsofg	643	22	66	6	0	224	8	0	0	0	969
Buckshot06	141	2	1	0	0	2	0	1	0	0	147
Bumm13	840	38	6	1	0	31	4	0	0	5	925
Bunchofgrapes	738	10	62	44	0	203	37	0	0	0	1094
Burgundavia	1105	0	4	0	0	1	0	0	0	0	1110
Burstorder	0	0	2	0	0	0	0	0	0	0	2
Butseriouslyfolks	5143	83	36	3	1	137	15	0	0	0	5418
C-3PO	0	0	3	0	0	0	0	0	0	0	3
C.Fred	6501	50	196	5	4	1456	27	6	0	0	8245
C12H22O11	1351	5	49	8	0	47	7	0	0	0	1467
CALR	29	0	0	0	0	1	0	0	0	0	30
CAT:TEMP deletion bot	2120	0	0	0	0	0	0	0	0	0	2120
CBDunkerson	3497	63	683	49	0	30	22	0	0	1	4345
CBM	4307	112	235	96	22	56	18	1	0	3	4850
CIreland	958	30	165	12	23	336	16	5	0	1	1546
CJ	1927	79	112	22	3	277	18	0	0	1	2439
CJCurrie	388	19	124	8	1	117	13	0	0	0	670
CJLL Wright	1779	29	57	3	6	229	3	0	0	0	2106
CLW	13900	54	3	0	0	26	0	0	0	0	13983
CMBJ	0	0	1	0	0	0	0	0	0	0	1
COGDEN	53	14	2	0	0	4	0	1	0	0	74
CRGreathouse	1	0	0	0	0	1	1	1	0	0	4
CSTAR	58	4	6	3	0	93	3	0	0	0	167
CYD	1	0	1	0	0	0	0	0	0	0	2
Cactus.man	592	16	61	34	0	178	10	0	0	0	891
CactusWriter	6	1	3	2	0	4	3	1	0	2	22
Cacycle	173	11	24	2	1	11	0	0	0	1	223
Cailil	116	3	33	0	2	48	12	0	0	0	214
Caknuck	1943	8	184	30	32	706	11	6	0	0	2920
Calliopejen1	2670	80	11	2	0	5	0	0	0	0	2768
Caltrop	57	22	0	0	0	6	3	0	0	0	88
Camaron	598	190	222	35	64	255	26	10	0	13	1413
CambridgeBayWeather	13662	225	190	18	6	948	22	0	0	0	15071
Camembert	11	2	0	1	0	0	0	0	0	0	14
Camw	205	4	1	0	0	157	0	6	0	0	373
Can't sleep, clown will eat me	9514	230	3000	125	133	32088	586	0	0	0	45676
Canadian Paul	891	26	11	5	0	21	2	0	0	0	956
Canadian-Bacon	426	2	16	3	0	232	5	0	0	0	684
CanadianCaesar	3505	62	53	14	0	1084	85	0	0	0	4803
Canderson7	1183	11	18	13	1	220	2	0	0	0	1448
Canley	704	6	0	1	0	3	0	0	0	0	714
Canterbury Tail	1078	7	53	6	7	347	13	2	0	0	1513
Cantthinkofagoodname	2	0	0	0	0	2	0	0	0	0	4
CapitalR	356	2	3	5	0	49	1	1	0	1	418
Capitalistroadster	620	1	3	0	0	23	3	0	0	0	650
Carabinieri	413	7	4	3	0	3	2	0	0	0	432
Carbonite	188	3	28	10	0	226	22	0	0	0	477
Carcharoth	30	75	2	1	0	1	2	0	0	0	111
Caribbean H.Q.	327	11	51	10	6	221	18	0	0	0	644
Carioca	1993	8	4	1	0	9	0	0	0	0	2015
Carlosguitar	2924	20	30	1	3	166	11	0	0	0	3155
Carlossuarez46	10306	124	25	2	0	63	5	1	0	0	10526
Carnildo	2367	95	88	17	1	58	20	0	0	3	2649
Cary Bass	1	2	5	1	1	1	2	0	2	0	15
Casliber	90	42	121	4	14	106	3	0	0	2	382
Catbar	28	0	2	1	0	11	0	0	0	0	42
CatherineMunro	69	13	0	0	0	3	3	0	0	0	88
CattleGirl	908	12	19	3	1	42	7	0	0	0	992
Caulde	2522	84	423	28	54	892	36	0	0	78	4117
Cbl62	8	0	2	0	0	0	0	0	0	0	10
Cbrown1023	3423	75	399	71	7	205	32	0	0	8	4220
Cburnett	48	18	6	2	0	14	5	0	0	0	93
Cdc	2188	10	10	9	0	21	2	0	0	0	2240
Cecropia	39	3	36	5	0	6	6	0	215	328	638
Cedrus-Libani	101	4	1	0	0	0	0	0	0	0	106
Celestianpower	734	9	19	3	0	170	70	0	0	0	1005
Cenarium	1351	58	326	131	137	117	4	6	0	9	2139
Centrx	17196	402	1002	947	12	1332	212	0	0	0	21103
CesarB	3606	141	123	49	0	942	212	0	0	0	5073
Ceyockey	1777	47	4	0	0	15	2	0	0	0	1845
Chadloder	0	0	0	0	0	6	0	0	0	0	6
Chairboy	5156	13	69	8	0	187	14	0	0	0	5447
Chancemill	0	0	1	1	0	2	0	0	0	0	4
Charles Matthews	1186	30	3	1	0	124	20	0	0	0	1364
Chase me ladies, I'm the Cavalry	1782	27	388	23	46	671	27	1	0	1	2966
Chaser	1971	86	277	41	34	831	111	4	0	8	3363
Chell and the cake	0	0	2	0	0	0	0	0	0	0	2
Chessnotator1967	0	0	1	0	0	0	0	0	0	0	1
Chick Bowen	4637	194	69	14	1	135	30	0	0	1	5081
Chillum	1428	23	41	9	6	534	36	32	0	4	2113
Chmod007	13	2	2	0	0	1	1	0	0	0	19
Chochopk	27	37	1	0	0	2	1	0	0	0	68
Choess	7	4	0	0	0	0	0	0	0	0	11
Cholmes75	4579	10	26	0	0	112	3	0	0	0	4730
Chris 73	1928	15	46	8	0	689	30	3	0	0	2719
Chris G	6483	35	236	15	31	1863	70	214	0	6	8953
Chris Roy	3	0	0	0	0	1	0	0	0	0	4
ChrisGriswold	1126	16	51	8	0	210	21	0	0	0	1432
ChrisO	2405	22	335	63	35	756	39	3	0	1	3659
ChrisTheDude	671	13	6	0	0	13	2	0	0	0	705
Chrislk02	4031	61	134	21	8	1631	91	12	0	5	5994
Christopher Mahan	38	5	0	0	0	0	0	0	0	0	43
Christopher Parham	495	6	4	2	0	24	1	0	0	0	532
Christopher Sundita	61	38	7	4	0	17	2	0	0	0	129
Chuck SMITH	0	1	0	0	0	0	0	0	0	0	1
Chunky Rice	342	1	4	3	0	31	2	0	0	0	383
Chuq	214	19	13	2	1	93	6	0	0	0	348
CieloEstrellado	0	0	1	0	0	0	0	0	0	0	1
Cimon Avaro	211	10	2	5	1	4	0	0	6	2	241
Circeus	1703	8	50	27	0	155	13	0	0	0	1956
Cirt	3757	40	293	8	34	1549	14	7	0	1	5703
Citicat	685	14	20	1	0	33	4	0	0	0	757
Ck lostsword	308	4	13	1	5	308	16	0	0	0	655
Ckatz	1121	40	156	5	23	527	18	9	0	1	1900
Clarkk	23	0	0	1	0	0	0	0	0	0	24
Cleared as filed	1346	19	0	0	0	53	2	0	0	0	1420
Climie.ca	0	0	1	0	0	10	1	1	0	1	14
ClockworkLunch	20	4	11	1	0	4	0	0	0	0	40
ClockworkSoul	750	46	36	7	4	212	19	3	0	0	1077
Closedmouth	2166	33	28	0	0	214	4	7	0	2	2454
CloudNine	422	15	24	1	2	32	2	0	0	0	498
ClueBot	0	0	1	0	0	0	0	0	0	0	1
Cnwb	661	11	0	0	0	23	2	0	0	0	697
Cobaltbluetony	6002	79	404	24	7	343	19	0	0	0	6878
Coelacan	1194	30	85	10	1	845	53	0	0	0	2218
Coffee	774	52	79	6	35	224	8	0	0	2	1180
Coffeedrinker87	0	0	1	0	0	0	0	0	0	0	1
Cohesion	6798	40	2	15	1	3	0	0	0	0	6859
Commander Keane	4747	219	38	22	0	118	29	0	0	0	5173
Conscious	13439	65	2	2	0	56	0	0	0	0	13564
Consumed Crustacean	729	22	42	3	1	352	36	0	0	0	1185
Conti	457	41	12	38	1	72	3	0	0	1	625
Cool Hand Luke	884	548	56	11	20	68	16	0	0	0	1603
Coralmizu	159	2	23	1	2	46	2	0	0	0	235
Coredesat	11148	136	235	25	11	494	60	0	0	0	12109
Coren	819	21	49	7	5	172	34	2	0	1	1110
Cowman109	431	36	101	43	4	360	44	0	0	0	1019
Craigy144	3095	11	8	3	1	38	0	0	0	0	3156
Crazycomputers	439	8	54	15	5	680	40	0	0	2	1243
Crazytales	156	15	18	1	2	117	18	0	0	0	327
Cremepuff222	174	5	3	2	1	96	4	0	0	0	285
Croat Canuck	83	3	1	1	0	5	1	0	0	0	94
Crum375	168	18	84	6	3	209	12	0	0	0	500
Cryptic	9383	238	136	15	1	322	21	0	0	0	10116
CryptoDerk	1091	1	67	9	0	1014	45	0	0	0	2227
Crzrussian	5139	133	156	28	0	150	13	0	0	0	5619
Cuchullain	251	41	8	0	2	37	0	0	0	0	339
Curps	5148	166	461	101	0	26558	1065	0	0	0	33499
Cutler	69	0	0	0	0	7	0	0	0	0	76
CyborgTosser	2	0	0	0	0	0	0	0	0	0	2
Cyde	19064	106	258	32	2	829	168	0	0	0	20459
Cydebot	6030	0	0	0	0	0	0	0	0	0	6030
Cyp	3	0	0	0	0	0	0	0	0	0	3
Cyrius	1614	99	26	13	0	68	8	0	0	0	1828
D. Recorder	172	18	2	0	0	34	2	0	0	0	228
DDima	517	8	1	0	0	1	0	0	0	0	527
DESiegel	892	112	9	2	0	40	29	0	0	0	1084
DGG	7606	192	141	4	10	106	10	6	0	1	8076
DJ Clayworth	5213	29	37	11	0	283	18	0	0	0	5591
DMacks	3807	38	245	9	28	583	11	22	0	0	4743
DO11.10	417	28	2	0	0	2	1	0	0	2	452
DVD R W	6096	53	54	17	7	962	21	0	0	3	7213
DaGizza	833	1	7	4	1	53	3	0	0	0	902
Dale Arnett	67	1	2	0	0	4	0	0	0	0	74
Dan100	294	16	18	12	0	186	44	0	0	0	570
DanKeshet	104	1	6	0	0	2	0	0	0	0	113
DanMS	65	0	2	1	0	0	0	0	0	0	68
Danaman5	269	4	6	0	0	4	4	0	0	1	288
Daniel	4763	257	623	40	63	554	74	4	0	13	6391
Daniel Case	2265	32	247	15	7	4237	142	22	0	2	6969
Daniel J. Leivick	677	7	18	1	0	69	5	0	0	0	777
Daniel Olsen	711	1	10	0	0	84	2	0	0	0	808
Daniel Quinlan	54	2	0	2	0	2	0	0	0	0	60
DanielCD	243	1	15	11	0	37	2	0	0	0	309
Dank	6323	70	96	4	1	278	3	3	0	1	6779
Danny	1072	126	26	9	0	105	29	0	4	6	1377
Dannyisme	5	0	4	0	0	2	2	0	0	0	13
Dante Alighieri	651	18	20	17	3	175	29	0	0	0	913
DarkFalls	2607	140	294	37	70	700	41	3	0	5	3897
Darkoneko	0	0	0	0	0	1	0	0	1	0	2
Darthgriz98	249	4	5	0	0	115	2	0	0	0	375
Darwinek	2149	13	68	5	0	189	6	0	0	0	2430
Dave souza	77	3	14	2	0	515	20	2	0	0	633
Davewild	2786	39	3	3	0	372	1	0	0	0	3204
Daveydweeb	134	1	2	0	0	4	1	0	0	0	142
David D.	26	4	12	0	5	10	2	1	0	0	60
David Eppstein	2065	22	29	7	0	41	1	1	0	0	2166
David Fuchs	857	23	53	3	10	81	8	0	0	0	1035
David Gerard	525	43	67	7	1	1439	357	0	0	1	2440
David Kernow	635	5	45	0	0	0	0	0	0	0	685
David Levy	848	114	214	58	3	136	10	1	0	6	1390
David Newton	54	3	4	0	0	12	12	0	0	0	85
David.Monniaux	509	60	98	13	0	216	28	1	0	0	925
DavidLevinson	35	51	9	0	0	9	0	0	0	0	104
DavidWBrooks	1203	1	12	2	1	94	0	0	0	0	1313
Davidcannon	154	57	30	4	0	135	26	0	0	0	406
Davidgothberg	66	55	84	6	28	19	6	0	0	0	264
Davidruben	31	0	7	1	1	78	2	0	0	0	120
Davodd	191	29	3	3	1	23	1	0	0	0	251
Dbachmann	377	28	118	40	12	191	19	1	0	0	786
Dbenbenn	6085	109	260	583	0	26	7	0	0	0	7070
Dcoetzee	323	46	8	2	0	48	9	0	0	1	437
Ddstretch	13	0	20	5	6	207	20	6	0	0	277
Deacon of Pndapetzim	514	17	26	2	3	154	9	12	0	1	738
DeadEyeArrow	934	14	26	5	0	199	6	0	0	0	1184
Deathphoenix	1168	49	17	5	0	420	80	0	0	0	1739
Deb	12726	46	22	1	0	299	4	1	0	0	13099
Deckiller	1228	35	80	14	2	300	46	0	0	0	1705
Decumanus	42	0	3	0	0	12	0	0	0	0	57
Deiz	951	15	161	8	2	392	20	0	0	0	1549
Dekimasu	727	44	10	1	0	14	0	0	0	1	797
Delirium	3467	23	20	11	0	305	18	0	0	0	3844
Delldot	1584	23	15	6	1	606	9	0	0	0	2244
Deltabeignet	836	1	5	6	0	130	2	0	0	0	980
Demi	151	32	2	1	0	51	17	0	0	0	254
Denelson83	1132	17	57	12	11	36	6	0	0	0	1271
Denni	2324	30	23	3	0	5	0	0	0	0	2385
DerHexer	134616	42	91	3	7	5839	38	2	0	19	140657
Derek Ross	521	11	11	3	3	1	0	0	0	0	550
Deryck Chan	1	1	0	2	0	1	0	0	0	0	5
Deskana	1351	86	216	77	16	989	109	31	326	146	3347
Deville	779	5	14	1	0	116	2	0	0	0	917
Dfrg.msc	35	1	0	0	0	7	0	0	0	0	43
Dgies	575	29	27	4	3	223	18	0	0	2	881
Dgrant	0	0	1	0	0	0	0	0	0	0	1
Diberri	124	3	3	1	0	5	0	0	0	0	136
Dieter Simon	3	0	19	0	1	0	0	0	0	0	23
Dijxtra	135	6	13	6	0	36	4	0	0	0	200
Dina	3371	18	49	1	0	273	5	0	0	0	3717
Dino	22	0	0	0	0	0	0	0	0	0	22
Dinoguy1000	5	0	14	0	0	0	0	0	0	1	20
Discospinster	13633	348	123	8	12	1084	6	6	0	0	15220
Djsasso	952	167	29	5	2	342	10	1	0	8	1516
Dlohcierekim	5013	111	144	7	11	402	35	9	0	1	5733
Dmn	35	1	10	4	0	12	15	0	0	0	77
Doc glasgow	4087	123	370	42	11	1060	83	0	0	42	5818
Docu	1149	59	122	2	5	11	5	0	0	2	1355
Doczilla	73	5	9	6	0	85	8	0	0	0	186
Dominic	13248	58	81	186	1	3110	630	15	0	32	17361
Donald Albury	1042	3	7	2	2	108	4	0	0	0	1168
DoomsDay349	222	4	0	0	0	0	0	0	0	0	226
Dori	11	0	0	0	0	2	2	0	0	0	15
Doug	244	12	9	8	0	13	3	0	0	3	292
Doug Bell	2427	36	29	12	0	25	3	0	0	0	2532
Dougweller	218	2	86	8	19	600	16	18	0	0	967
Dpbsmith	132	4	3	2	0	17	0	0	0	0	158
Dppowell	4	0	5	0	0	112	6	0	0	0	127
DrBob	17	1	0	0	0	7	0	0	0	0	25
DrKiernan	1222	16	31	4	3	118	7	0	0	0	1401
DragonflySixtyseven	19959	309	323	33	7	4035	179	136	0	0	24981
Dragons flight	608	65	107	35	1	117	28	0	0	1	962
Dravecky	363	3	74	5	0	0	0	0	0	0	445
Dreadstar	906	64	219	11	14	1757	96	2	0	0	3069
Drilnoth	4204	19	33	2	13	0	0	0	0	1	4272
Drini	9597	93	178	38	1	4449	232	1	0	8	14597
DropDeadGorgias	340	3	24	1	0	90	5	0	0	0	463
Dsmdgold	819	11	3	0	0	3	0	0	0	0	836
Duja	875	136	20	9	2	72	9	0	0	0	1123
Duk	3834	30	61	15	2	129	25	0	0	1	4097
Duncharris	986	57	47	10	0	92	20	0	0	0	1212
Durin	2448	7	28	13	0	168	15	0	0	0	2679
Durova	24	1	211	37	11	388	66	0	0	0	738
Dustimagic	215	2	4	2	0	50	8	1	0	0	282
Dvyost	56	0	0	0	0	11	1	0	0	0	68
Dweller	1559	23	100	2	4	271	9	0	221	7	2196
Dysprosia	154	6	3	1	0	97	11	0	0	0	272
ERcheck	2941	9	66	10	0	992	29	1	0	0	4048
ESkog	10119	76	115	22	4	842	108	1	0	0	11287
EVula	2329	95	150	19	11	893	26	0	344	23	3890
EWS23	643	3	7	2	0	136	11	0	0	0	802
Earl Andrew	109	35	26	5	0	67	12	0	0	0	254
Earle Martin	263	11	6	2	1	30	2	0	0	0	315
East718	226025	1907	5369	1632	284	3521	1007	15	0	30	239790
Ed Poor	73	13	35	32	0	71	28	0	10	16	278
Ed g2s	3047	69	30	27	2	48	5	0	0	0	3228
EdJohnston	846	22	400	20	44	620	39	6	0	0	1997
Edcolins	31	4	2	2	0	2	0	0	0	0	41
Edgar181	26510	196	385	17	15	11715	174	60	0	17	39089
Edison	695	13	2	1	0	159	3	0	0	0	873
Edokter	1260	30	32	14	20	40	5	0	0	1	1402
Edward	364	0	0	0	0	21	3	0	0	0	388
Edward Z. Yang	12	0	3	0	0	8	1	0	0	0	24
EdwinHJ	564	4	14	4	1	23	7	0	0	0	617
Efe	1442	4	11	1	3	163	0	2	0	1	1627
Egil	61	0	1	0	0	213	3	0	0	0	278
Either way	5451	36	154	10	8	869	43	7	0	7	6585
El C	1717	52	637	58	24	2996	116	0	0	3	5603
Eleassar	81	16	2	0	0	3	0	0	0	0	102
Electionworld	1285	33	1	0	0	0	0	0	0	0	1319
Elf	138	14	0	0	0	0	0	0	0	0	152
Elf-friend	465	1	17	0	0	15	0	0	0	0	498
ElinorD	7274	69	60	1	5	254	15	0	0	0	7678
Eliz81	957	47	93	0	19	229	4	0	0	1	1350
Elkman	5946	12	45	5	4	404	29	0	0	0	6445
Ellsworth	18	0	0	0	0	1	0	0	0	0	19
Elonka	1290	19	45	13	2	479	23	3	0	0	1874
Eloquence	125	5	7	5	0	28	10	0	0	1	181
Eluchil404	893	58	5	0	0	10	0	0	0	0	966
Emperor	40	32	0	0	0	1	1	0	0	0	74
EncMstr	546	53	227	115	32	834	17	12	0	1	1837
Encephalon	92	22	27	6	0	28	36	0	0	0	211
Enchanter	14	0	1	3	0	2	0	0	0	0	20
EncycloPetey	115	9	64	0	2	30	2	0	0	0	222
Enochlau	17605	26	72	20	1	56	4	0	0	0	17784
Epbr123	2230	8	6	0	1	609	7	3	0	1	2865
Erdem Tüzün	0	0	2	0	0	0	0	0	0	0	2
Ericorbit	153	5	140	1	4	253	0	0	0	0	556
Esanchez7587	2010	3	63	4	7	215	1	0	0	0	2303
Espresso Addict	284	8	5	1	0	2	0	0	0	0	300
Esprit15d	389	9	9	2	0	1	0	0	0	0	410
Essexmutant	19	0	1	0	0	7	1	0	0	0	28
Essjay	1806	171	218	23	0	1236	248	0	715	66	4483
Esteffect	785	24	16	6	0	95	21	0	0	0	947
Eugene van der Pijll	968	54	9	3	0	8	1	0	0	0	1043
EurekaLott	712	64	17	1	0	29	0	0	0	0	823
Euryalus	704	5	32	0	8	277	8	11	0	2	1047
Ev	137	14	6	0	0	2	0	0	0	0	159
EvanProdromou	0	0	0	0	0	1	0	0	0	0	1
Eventtable	0	0	1	0	0	0	0	0	0	0	1
Evercat	246	2	32	24	1	259	35	0	0	0	599
Everyking	1272	4	7	12	0	28	12	0	0	0	1335
Evil Monkey	1894	13	28	12	0	284	23	0	0	0	2254
Evil saltine	409	23	18	8	0	186	13	1	0	2	660
Evilphoenix	835	60	79	5	0	143	16	0	0	0	1138
Explicit	0	0	4	0	0	0	0	0	0	0	4
Exploding Boy	1375	5	6	2	1	192	12	0	0	0	1593
Extraordinary Machine	341	141	14	5	0	178	28	0	0	0	707
Extreme Unction	543	22	26	2	0	26	4	0	0	0	623
Eye of the Mind	16	2	9	2	1	9	0	0	0	0	39
EyeSerene	77	15	28	1	10	225	11	3	0	0	370
Eyrian	633	23	33	3	0	40	1	0	0	0	733
Ezeu	892	30	37	35	1	123	9	0	0	0	1127
Ezhiki	1044	248	40	12	5	64	23	0	0	0	1436
FCYTravis	3479	174	158	46	19	192	31	0	0	0	4099
FT2	370	24	70	6	5	220	37	11	0	14	757
Fabrictramp	3826	39	167	5	21	92	2	2	0	0	4154
Faithlessthewonderboy	3132	69	186	1	0	404	3	5	0	1	3801
Falco McCloud	0	0	1	0	0	0	0	0	0	0	1
Fang Aili	29076	83	118	52	0	253	12	0	0	0	29594
Fantasy	18	4	4	2	1	1	0	0	0	0	30
Fastfission	194	11	9	6	2	160	20	0	0	0	402
Fawcett5	813	7	3	2	0	58	0	0	0	0	883
FayssalF	408	8	305	51	12	1248	81	0	0	0	2113
Feco	3	0	0	0	0	0	0	0	0	0	3
FeloniousMonk	17	13	29	4	0	143	20	0	0	0	226
Femto	370	4	30	7	0	288	9	0	0	0	708
Fennec	18	3	5	3	0	30	3	0	0	0	62
Ferkelparade	589	3	2	1	0	37	0	0	0	0	632
Feydey	4945	24	60	17	8	93	3	0	0	0	5150
Filelakeshoe	226	7	8	1	3	75	4	1	0	8	333
Filiocht	851	2	3	5	0	36	0	0	0	0	897
Finlay McWalter	325	3	16	5	0	405	19	0	0	0	773
Fir0002	20	0	0	0	0	1	0	0	0	0	21
Firefoxman	269	6	11	2	2	6	0	0	0	1	297
Firsfron	1494	8	146	5	2	267	30	0	0	1	1953
Fish and karate	9144	205	368	21	19	632	373	0	0	10	10772
FisherQueen	6393	18	281	5	11	1267	46	29	0	0	8050
Fishhead64	24	1	0	0	0	27	0	0	0	0	52
Fl	381	5	107	1	3	29	0	3	0	16	545
Flcelloguy	855	42	775	720	0	268	40	0	0	0	2700
FloNight	467	5	50	6	1	143	18	0	0	0	690
Flockmeal	146	1	1	0	0	14	0	0	0	0	162
Flowerparty	1068	42	11	2	0	23	0	0	0	0	1146
Flucky	0	0	1	0	0	0	0	0	0	0	1
Flyguy649	1309	22	201	8	20	740	37	0	0	0	2337
FlyingToaster	59	1	0	1	0	1	0	2	0	2	66
Formeruser-81	44	0	21	3	0	25	20	0	0	0	113
Formeruser-82	199	24	45	24	0	121	25	0	0	0	438
Fram	7891	93	179	6	29	366	8	5	0	0	8577
FrancisTyers	172	5	20	7	0	67	15	0	0	0	286
Francs2000	10097	74	122	17	0	574	21	0	0	12	10917
Frank	2029	34	40	1	4	173	5	1	0	5	2292
Frazzydee	363	13	64	32	0	12	13	0	0	0	497
Freakofnurture	9841	927	551	96	5	10422	1134	0	0	0	22976
Fred Bauder	162	47	106	26	0	294	109	6	0	0	750
Fred J	1430	16	12	7	0	36	1	0	0	0	1502
Fredrik	209	3	1	0	0	40	1	0	0	0	254
Freestylefrappe	14	0	4	1	0	48	1	0	0	0	68
FreplySpang	6790	37	35	5	0	776	47	0	0	0	7690
Friday	9340	95	54	22	3	376	38	0	0	12	9940
Fritzpoll	915	17	36	2	6	63	11	3	0	27	1080
Fropuff	28	1	2	0	0	2	0	0	0	0	33
Fuhghettaboutit	5903	122	136	8	0	255	9	10	0	2	6445
Func	9	0	14	1	0	1215	124	0	0	0	1363
Furrykef	110	11	0	1	0	1	0	0	0	0	123
Future Perfect at Sunrise	3552	160	414	46	37	1603	243	18	0	7	6080
Fuzheado	886	18	62	13	1	574	42	0	0	0	1596
Fvasconcellos	1594	120	212	18	46	146	7	2	0	3	2148
Fvw	2867	41	28	17	0	2226	3509	31	0	0	8719
Fys	802	7	29	13	0	168	40	0	0	0	1059
G-Man	112	33	10	5	0	12	1	0	0	0	173
G.A.S	10	1	0	0	0	0	0	0	0	0	11
GDonato	3011	33	295	19	13	422	38	1	0	10	3842
GRBerry	1667	195	53	20	1	113	10	0	0	0	2059
GTBacchus	4009	307	13	13	0	172	12	0	0	0	4526
Gabbe	631	0	0	1	0	6	3	0	0	0	641
Gadfium	1994	31	53	11	2	1757	181	1	0	10	4040
Gadget850	315	20	3	1	0	0	0	0	0	0	339
Gaillimh	27	13	13	2	0	35	7	0	0	0	97
Gaius Cornelius	9	0	1	0	0	62	3	0	0	0	75
Galwhaa	235	6	2	0	0	11	3	0	0	0	257
Gamaliel	1550	108	172	72	8	1012	163	2	0	0	3087
Ganeshk	795	128	11	7	0	20	10	0	0	0	971
Garden	837	34	42	4	11	137	16	5	0	8	1094
Garion96	12538	329	63	11	5	180	9	1	0	4	13140
Garzo	351	4	40	5	2	444	8	0	0	0	854
Gatoclass	116	2	27	25	1	1	0	0	0	0	172
Gator1	172	15	55	3	0	183	26	0	0	0	454
Gazimoff	316	2	5	2	1	72	2	1	0	2	403
Gdr	337	10	47	45	0	5	0	0	0	0	444
Ged UK	1480	12	127	4	29	291	0	8	0	0	1951
GeeJo	704	8	62	33	0	4	0	0	0	0	811
GeneralPatton	25	0	3	3	0	13	3	0	0	0	47
Geni	9975	290	181	102	0	444	90	0	0	1	11083
Geniac	178	0	49	17	3	457	4	0	0	0	708
Gentgeen	99	6	2	0	1	35	4	0	0	0	147
Geogre	5004	11	19	2	0	220	16	0	0	0	5272
Geometry guy	225	22	1	1	3	0	0	0	0	2	254
Georgewilliamherbert	58	104	136	4	16	995	100	7	0	1	1421
Gerald Farinas	65	0	3	4	1	4	1	0	0	0	78
Getluv	0	0	1	0	0	0	0	0	0	0	1
Gilliam	974	3	122	23	15	6572	13	9	0	0	7731
Gimmetrow	929	67	159	3	51	283	25	5	0	8	1530
Ginkgo100	963	17	38	13	0	527	14	0	0	2	1574
Gladys j cortez	3	0	24	2	2	82	4	5	0	0	122
GlassCobra	2167	66	74	8	8	1243	13	5	0	7	3591
Glen	1609	83	182	17	1	4516	198	0	0	0	6606
Gnangarra	1377	32	170	17	6	229	40	0	0	2	1873
Gnasher29	0	0	1	0	0	0	0	0	0	0	1
Goatasaur	16	2	1	1	0	2	0	0	0	0	22
Gogo Dodo	23734	86	675	5	89	3322	40	47	0	1	27999
Golbez	5483	82	216	79	16	1269	161	1	0	0	7307
Goldom	1899	7	8	0	0	50	4	0	0	0	1968
Gonzo fan2007	3778	80	405	38	66	240	21	0	0	9	4637
Good Olfactory	3325	96	30	6	1	46	4	4	0	0	3512
Goodnightmush	614	1	13	1	3	99	1	0	0	0	732
Goodoldpolonius2	1	0	4	2	0	27	0	0	0	0	34
Graeme Bartlett	1766	30	14	0	3	73	0	5	0	0	1891
GraemeL	971	6	59	28	2	1177	87	3	0	0	2333
Graft	3	1	1	1	2	0	0	0	0	0	8
Graham87	2282	3895	74	6	17	99	7	2	0	2	6384
GrahamColm	22	0	9	2	1	11	2	0	0	0	47
Grandmasterka	3053	35	118	11	2	528	30	1	0	3	3781
Grant65	6	5	2	1	0	3	0	0	0	0	17
Greeves	323	5	6	2	0	26	0	0	0	7	369
GregAsche	239	1	13	17	0	152	9	0	0	0	431
GregRobson	1	0	0	0	0	0	0	0	0	0	1
Grenavitar	864	32	3	2	0	41	7	0	0	1	950
Grendelkhan	38	2	0	0	0	4	0	0	0	0	44
Grm wnr	533	6	4	2	0	38	5	0	0	0	588
Grossmünster	0	0	1	0	0	0	0	0	0	0	1
Ground Zero	59	0	28	6	4	26	0	3	0	0	126
Grue	198	102	10	18	0	25	7	0	0	0	360
Grunt	86	5	4	2	0	10	2	0	0	0	109
Grutness	2307	101	80	7	2	23	16	0	0	0	2536
Gryffindor	105	8	5	0	0	1	1	0	0	0	120
Gtrmp	403	12	3	0	0	1	0	0	0	0	419
Guanaco	513	188	40	42	0	387	257	0	0	0	1427
Guettarda	188	69	40	26	5	66	18	0	0	0	412
Gurch	36411	1467	76	22	0	695	17	0	0	0	38688
Gurubrahma	309	6	144	93	0	39	2	0	0	0	593
Gutza	12	1	2	1	2	5	3	0	0	0	26
Gwalla	921	10	2	1	0	68	8	0	0	0	1010
Gwen Gale	7145	235	460	36	27	926	139	27	0	1	8996
Gwernol	3823	26	343	45	10	4359	157	0	0	0	8763
Gyrofrog	142	11	12	2	2	239	14	1	0	0	423
H	6668	26	96	39	0	1080	129	0	0	0	8038
Hadal	1484	0	6	7	0	316	3	0	0	0	1816
Haemo	2305	14	69	7	18	226	43	0	0	0	2682
Hajor	163	7	13	12	0	16	1	0	0	0	212
Hall Monitor	460	12	270	32	0	2957	235	0	0	0	3966
Hamster Sandwich	3	1	0	0	0	18	3	0	0	0	25
Happy-melon	2491	50	192	51	17	0	0	0	0	2	2803
HappyCamper	4329	105	121	87	0	586	458	0	0	0	5686
Happyme22	551	9	44	1	7	11	0	0	0	0	623
Harej	2211	65	123	44	7	34	17	0	0	0	2501
Harold Oxley	0	0	2	0	0	0	0	0	0	0	2
Harro5	4810	33	72	4	0	167	10	0	0	0	5096
Harryboyles	2379	2	10	1	0	4	1	0	0	0	2397
Hashar	19	0	0	0	0	0	0	0	0	0	19
Hatricide	0	0	1	0	0	0	0	0	0	0	1
Haukurth	1195	67	15	34	0	78	13	0	0	3	1405
Hawstom	3	0	5	1	0	6	1	0	0	0	16
Hbdragon88	660	7	7	1	2	1	0	0	0	0	678
Hcheney	20	0	0	0	0	15	0	0	0	0	35
Hdt83	16	0	9	2	0	73	2	0	0	0	102
Heah	782	14	17	6	0	92	9	0	0	0	920
Heimstern	439	19	95	8	5	907	38	6	0	0	1517
Hemanshu	447	5	0	0	0	5	0	0	0	0	457
Hemlock Martinis	801	44	28	2	5	84	8	0	0	0	972
Henrik	454	25	31	13	4	156	22	1	0	4	710
Henry Flower	125	1	18	10	0	213	8	0	0	0	375
Henrygb	1491	36	6	3	0	21	0	0	0	0	1557
Hephaestos	1	2	3	2	0	0	0	0	0	0	8
Herbythyme	2274	11	45	2	6	427	25	1	0	0	2791
HereToHelp	136	3	29	10	1	16	3	0	0	0	198
Hermione1980	501	4	4	3	1	11	2	0	0	0	526
Hernando Magallanes	0	0	4	0	0	0	0	0	0	0	4
Heron	24	2	0	0	0	54	4	0	0	0	84
Herostratus	5268	77	14	4	0	65	5	0	0	0	5433
Hersfold	2672	51	939	17	354	822	182	93	0	30	5160
Hesperian	2201	195	81	14	2	345	55	1	0	0	2894
Hiberniantears	723	4	57	2	19	979	23	8	0	2	1817
Hiding	1726	119	33	24	1	50	14	0	0	4	1971
Hit bull, win steak	162	4	2	0	0	32	0	1	0	0	201
Hmhur	0	0	1	0	0	0	0	0	0	0	1
Hmwith	5365	48	30	2	1	67	4	3	0	1	5521
Hoary	405	13	60	5	4	198	7	0	0	0	692
Horologium	427	2	99	4	24	57	0	4	0	0	617
HorsePunchKid	189	0	0	0	0	0	0	0	0	0	189
HowDumbAreYou	0	0	1	0	0	0	0	0	0	0	1
Howcheng	18941	177	68	99	1	73	11	0	0	1	19371
Hu12	1377	49	335	13	1	921	35	0	0	1	2732
Humblefool	596	11	3	2	0	4	2	0	0	0	618
Humus sapiens	73	2	64	4	0	124	12	0	0	0	279
Huntster	334	22	21	4	2	19	0	0	0	0	402
Hurricanehink	205	2	0	0	0	5	0	0	0	0	212
Husnock	59	1	22	8	0	27	9	0	0	0	126
Husond	1239	11	422	38	22	1139	39	0	0	1	2911
Hut 8.5	5424	53	627	16	37	1111	17	2	0	19	7306
Hyacinth	330	11	0	1	0	6	1	0	0	0	349
I'm Spartacus!	215	11	12	2	1	49	8	4	0	2	304
IMatthew	0	0	1	0	0	0	0	0	0	0	1
Ian Dalziel	0	0	1	0	0	0	0	0	0	0	1
Ian13	1792	50	27	8	2	64	21	0	0	0	1964
IanManka	1212	236	73	11	6	225	26	2	0	0	1791
Ianblair23	130	39	1	2	0	0	0	0	0	0	172
Icairns	205	7	1	1	0	3603	64	1	0	0	3882
Ice Cold Beer	1435	11	9	3	1	305	11	5	0	0	1780
IceKarma	1724	8	2	2	0	0	1	0	0	0	1737
Icestorm815	1251	24	73	7	18	261	9	13	0	3	1659
Icewedge	449	2	4	0	1	103	1	1	0	1	562
Idont Havaname	159	5	3	2	0	48	0	0	0	0	217
Ihcoyc	170	4	13	0	0	1	0	0	0	0	188
Ike9898	303	3	5	1	0	30	3	0	0	0	345
Ikiroid	61	5	1	0	0	20	1	0	0	0	88
Ilmari Karonen	1077	640	32	2	1	210	32	0	0	0	1994
Ilyanep	153	2	6	2	0	32	7	0	15	18	235
Improv	1233	9	188	11	0	79	15	0	0	0	1535
Imran	1	0	0	0	0	1	0	0	0	0	2
InShaneee	3951	20	91	5	0	528	56	0	0	0	4651
Infrogmation	4551	74	120	8	3	5601	115	3	2	1	10478
Inter	645	4	6	1	0	181	10	0	0	0	847
Interiot	1319	23	14	8	0	11	1	0	0	0	1376
Ioeth	2520	52	123	30	15	1463	38	3	0	11	4255
Iridescent	3264	79	119	10	25	836	43	6	0	8	4390
Irina Spalko	0	0	1	0	0	0	0	0	0	0	1
Irishguy	11708	25	107	3	0	1413	14	0	0	0	13270
IronGargoyle	2975	210	47	16	5	119	2	0	0	0	3374
Ish ishwar	46	3	1	0	0	11	1	0	0	0	62
Islander	586	20	104	1	6	74	5	0	0	3	799
Isomorphic	213	0	1	0	0	14	1	0	0	0	229
Isotope23	2009	23	124	33	10	490	59	0	0	0	2748
It Is Me Here	174	3	9	2	0	6	3	1	0	3	201
Ixfd64	3482	80	61	211	0	1292	3739	9	0	1	8875
Izehar	148	3	18	21	0	89	20	0	0	0	299
J Di	1547	57	75	32	0	581	44	0	0	0	2336
J Greb	727	48	65	2	14	25	2	1	0	0	884
J Milburn	7091	109	40	7	14	68	0	0	0	2	7331
J-stan	178	7	7	3	4	76	6	0	0	24	305
J.J.	1	2	0	0	0	1	0	0	0	0	4
J.delanoy	5752	181	586	28	157	9311	185	363	0	40	16603
J.smith	1172	46	25	7	2	240	41	0	0	0	1533
JCarriker	122	29	9	4	0	61	13	0	0	0	238
JDoorjam	1759	44	98	18	3	121	21	0	0	0	2064
JForget	4060	85	383	505	160	1402	12	9	0	0	6616
JGHowes	210	15	27	0	2	54	1	3	0	0	312
JHunterJ	747	67	8	1	1	10	2	0	0	0	836
JIP	6267	56	22	4	0	143	3	0	0	0	6495
JLaTondre	13700	53	31	4	0	1293	15	0	0	0	15096
JPD	622	5	2	2	0	19	1	0	0	0	651
JPG-GR	5006	48	11	1	0	10	0	0	0	0	5076
JRM	174	9	11	17	0	15	28	0	0	0	254
JWSchmidt	42	1	13	5	0	58	1	0	0	1	121
JYolkowski	2375	20	11	27	0	139	9	1	0	0	2582
JaGa	0	0	1	0	0	0	0	0	0	0	1
Jac16888	11726	53	49	3	8	141	9	58	0	1	12048
Jacoplane	324	33	92	45	3	159	11	0	0	0	667
Jake Nelson	21	1	0	0	0	1	0	0	0	0	23
James086	3983	26	17	1	2	336	12	0	0	1	4378
JamesR	1059	8	42	4	10	100	10	1	0	3	1237
JamesTeterenko	222	2	27	18	0	160	4	0	0	0	433
Jamesday	6	7	2	0	0	6	1	0	0	0	22
JamieS93	493	0	4	0	0	2	1	0	0	0	500
Jaranda	17921	149	323	98	2	1208	229	0	0	0	19930
Jasonbres	0	0	1	0	0	0	0	0	0	0	1
Jauerback	1174	6	53	7	4	687	55	5	0	3	1994
Jaxl	1604	10	3	1	0	36	0	0	0	0	1654
Jay	18	7	0	0	0	0	0	0	0	0	25
Jayjg	463	155	423	68	1	1978	228	0	0	0	3316
Jayron32	1256	16	278	9	29	1476	192	50	0	12	3318
Jayvdb	814	158	72	9	11	135	22	0	0	0	1221
Jbmurray	87	5	6	6	0	18	1	0	0	0	123
Jc37	1453	101	40	9	9	60	7	1	0	1	1681
Jclemens	6381	57	151	1	0	399	2	18	0	6	7015
Jcw69	67	1	0	0	0	108	3	0	0	0	179
Jdavidb	81	0	13	2	0	48	2	0	0	0	146
Jdforrester	387	52	23	7	0	48	12	0	0	0	529
JeLuF	146	3	2	0	0	2	1	0	0	4	158
Jedi6	14	0	2	3	0	10	1	0	0	0	30
Jeepday	511	9	15	1	0	454	8	2	0	0	1000
Jeffrey O. Gustafson	14386	197	469	28	37	727	107	0	0	1	15952
Jehochman	138	21	88	11	11	455	83	4	0	1	812
Jengod	125	0	7	0	0	0	0	0	0	0	132
Jennavecia	2213	78	269	21	54	434	49	1	0	12	3131
JeremyA	1951	15	30	15	0	258	13	0	0	0	2282
Jerry	3514	198	99	14	1	72	9	0	0	3	3910
Jersey Devil	554	10	28	6	2	187	18	0	0	0	805
Jersyko	578	1	52	10	5	116	6	0	0	0	768
Jerzy	278	144	4	0	0	109	5	2	0	0	542
Jesse Viviano	1669	63	11	5	2	321	57	0	0	0	2128
JesseW	29028	126	36	8	0	77	21	0	0	1	29297
Jfdwolff	436	39	97	15	7	262	19	0	0	0	875
Jiang	370	18	17	5	0	89	3	0	0	0	502
Jimbo Wales	296	13	42	13	2	78	41	0	0	9	494
Jimfbleak	29867	127	712	25	3	1395	234	0	0	0	32363
Jimtinman3909	0	0	1	0	0	0	0	0	0	0	1
Jingiby	0	0	1	0	0	0	0	0	0	0	1
Jinian	1739	5	9	3	0	0	0	0	0	0	1756
Jitse Niesen	624	23	14	9	2	35	4	0	0	0	711
Jj137	5093	59	284	30	47	875	20	0	0	33	6441
Jkelly	3628	61	35	17	0	188	12	0	0	0	3941
Jmabel	161	32	7	7	0	126	5	0	0	0	338
Jmlk17	11140	72	942	48	79	2032	52	0	0	0	14365
Jnc	1906	158	114	34	0	46	20	0	0	0	2278
Jni	19112	26	24	4	0	199	2	0	0	0	19367
Jnothman	60	1	1	0	0	1	1	0	0	0	64
JoJan	6135	29	114	2	4	1232	9	1	0	0	7526
JoanneB	1180	48	51	22	0	816	105	0	0	0	2222
JodyB	1846	38	21	4	4	305	22	0	0	0	2240
Joe Beaudoin Jr.	544	1	17	3	0	68	2	0	0	0	635
Joelr31	661	12	9	8	0	83	1	0	0	0	774
Jogers	91	0	0	0	0	0	0	0	0	0	91
Johan Elisson	351	14	11	4	0	42	5	0	0	0	427
Johann Wolfgang	54	2	2	1	0	57	1	0	0	0	117
John	2511	17	85	3	6	1157	25	1	0	0	3805
John Carter	315	2	17	1	1	31	4	15	0	2	388
John Kenney	177	31	3	3	0	8	4	0	0	0	226
John Reaves	11899	175	413	161	41	2253	227	1	0	49	15219
JohnOwens	6	0	0	1	0	0	0	0	0	0	7
Johnleemk	1751	20	6	3	0	240	20	0	0	0	2040
Johntex	131	28	27	4	1	180	11	0	0	0	382
Joke137	15	0	1	1	0	29	3	0	0	0	49
Jon513	1306	19	3	0	0	43	1	0	0	2	1374
JonMoore	39	1	2	2	0	0	0	0	0	0	44
Jonathunder	122	13	5	1	0	62	3	0	0	0	206
Jondel	243	1	29	8	0	66	1	0	0	0	348
Jonny-mt	1026	40	67	5	10	217	15	0	0	8	1388
Joolz	244	3	0	1	0	0	1	0	0	0	249
Josephjames21	0	0	1	0	0	0	0	0	0	0	1
Josh Grosse	38	2	0	0	0	0	0	0	0	0	40
Joshbuddy	22	0	0	0	0	5	0	0	0	0	27
JoshuaZ	597	51	102	13	0	627	71	0	0	0	1461
Josiah Rowe	109	25	76	10	0	334	19	0	0	0	573
Jossi	760	34	356	95	28	2058	77	2	0	1	3411
Journalist	390	7	50	19	5	124	14	0	0	3	612
Joy	271	94	14	6	0	4	0	0	0	0	389
Joyous!	8429	13	131	50	0	434	18	0	0	0	9075
Jpgordon	952	21	189	17	10	2657	264	27	0	0	4137
Jrdioko	429	0	0	0	0	18	0	0	0	0	447
Jredmond	383	10	26	4	1	180	10	19	0	0	633
Jreferee	1375	49	144	6	27	36	4	0	0	0	1641
Jtdirl	112	30	118	44	0	431	29	0	0	0	764
Jtkiefer	870	100	53	15	0	403	85	0	0	0	1526
Judas Preist is effin awsome	0	0	2	0	0	0	0	0	0	0	2
Juliancolton	7208	127	481	27	170	2014	28	14	0	146	10215
Jusjih	1361	86	9	1	1	5	0	0	0	0	1463
Justinc	520	2	0	0	0	0	0	0	0	0	522
Jwrosenzweig	40	0	1	0	0	7	0	0	0	1	49
JzG	10167	254	644	36	20	1376	89	6	0	0	12592
Jza84	289	0	54	1	5	131	6	1	0	5	492
Jéské Couriano	382	51	728	59	99	909	85	24	0	0	2337
K1Bond007	354	8	3	3	0	37	4	0	0	0	409
KF	509	15	2	0	0	1	0	0	0	0	527
KFP	733	116	14	4	1	65	10	0	0	0	943
Kafziel	1977	30	197	21	15	1379	57	8	0	7	3691
Kaihsu	327	23	11	6	0	128	15	0	0	0	510
Kaiser matias	13	3	3	0	0	15	0	0	0	0	34
Kaisershatner	70	0	14	3	2	478	16	0	0	0	583
Kakofonous	66	3	5	1	0	4	1	0	0	1	81
Kaldari	234	23	64	16	10	63	10	2	0	0	422
Kane5187	241	6	1	0	0	1	0	0	0	0	249
Kanonkas	580	23	74	12	52	1016	59	459	0	15	2290
Karada	623	16	48	8	1	559	23	1	0	0	1279
Karanacs	637	2	11	0	1	9	0	0	0	0	660
Karl Dickman	2771	41	9	8	0	33	10	0	0	0	2872
Karmafist	165	35	15	5	0	160	21	0	0	0	401
Katefan0	841	20	212	128	0	351	52	0	0	0	1604
Kathryn NicDhàna	27	0	2	1	0	4	1	0	0	0	35
Kbdank71	21592	53	43	2	0	357	13	7	0	1	22068
Kbh3rd	104	10	19	0	1	1097	47	5	0	0	1283
Kbthompson	114	21	20	1	1	95	2	0	0	2	256
Kcordina	1220	41	9	0	0	168	7	0	0	0	1445
Keegan	3653	115	74	19	8	238	28	0	0	12	4147
Keenan Pepper	295	1	3	0	0	11	0	0	0	0	310
Keeper76	2930	76	65	12	9	89	14	0	0	22	3217
Keilana	1635	51	72	12	9	614	19	0	0	11	2423
Keith D	823	305	104	0	6	48	1	0	0	1	1288
Kelly Martin	736	56	27	11	0	413	60	0	0	0	1303
Kevin	2849	40	126	8	16	585	27	7	0	6	3664
Khaosworks	330	12	10	4	0	162	80	0	0	0	598
Khendon	3	0	1	2	0	0	0	0	0	0	6
Khoikhoi	1196	298	594	223	11	1757	143	3	0	1	4226
Khukri	884	10	52	7	2	435	14	0	0	0	1404
Khym Chanur	0	0	6	0	0	0	0	0	0	0	6
Kicking222	528	1	0	0	0	0	0	0	0	0	529
KieferSkunk	725	11	1	0	3	9	2	0	0	0	751
KillerChihuahua	1095	33	91	12	4	378	27	6	0	0	1646
Kilo-Lima	1207	2	36	9	0	668	69	0	0	0	1991
Kim Bruning	49	5	11	3	0	33	14	0	0	0	115
Kim Dent-Brown	284	1	17	2	0	3	1	0	0	0	308
Kimchi.sg	43193	714	537	118	20	2170	211	21	0	0	46984
KimvdLinde	829	51	61	19	1	47	7	1	0	0	1016
King of Hearts	4268	118	357	70	18	1551	533	1	0	8	6924
Kingboyk	3141	315	103	12	0	214	24	0	0	2	3811
Kingturtle	509	23	168	12	27	320	10	6	1240	68	2383
Kinu	5262	33	414	20	7	760	62	1	0	0	6559
Kirill Lokshin	1756	49	22	1	5	161	14	0	0	0	2008
Kizor	55	140	8	7	1	24	3	0	0	0	238
Kjkolb	479	14	1	1	0	138	8	0	0	0	641
Kmccoy	49	4	8	2	1	32	2	0	0	0	98
KnightLago	1027	48	200	15	32	842	89	8	0	1	2262
Knowledge Seeker	115	32	19	19	0	110	75	0	0	0	370
KnowledgeOfSelf	1671	27	261	27	17	5512	114	0	0	0	7629
Konstable	1080	91	97	25	0	435	135	0	0	0	1863
Kosebamse	335	0	1	0	0	10	0	0	0	0	346
Kotra	1	0	0	0	0	0	0	0	0	0	1
Kpjas	121	0	2	0	0	1	0	0	0	0	124
KrakatoaKatie	3231	69	53	5	9	294	16	0	0	3	3680
Kralizec!	625	93	450	200	44	2844	41	13	0	8	4318
Krimpet	14857	107	307	26	43	3889	822	2369	0	6	22426
Ktsquare	11	0	0	0	0	0	1	0	0	0	12
Kubigula	7797	35	106	9	1	532	19	0	0	0	8499
Kukini	920	11	50	2	2	3479	4	2	0	0	4470
Kungfuadam	16119	264	186	39	0	2569	245	0	0	0	19422
Kurt Shaped Box	1008	12	105	5	31	1312	20	5	0	0	2498
Kuru	1730	5	255	9	6	3541	59	36	0	4	5645
Kurykh	6187	108	183	19	42	600	72	4	0	4	7219
Kusma	11134	99	163	30	8	917	31	4	0	7	12393
Kwamikagami	639	22	92	8	16	197	12	10	0	0	996
Kwsn	1719	13	46	4	17	220	32	0	0	0	2051
Kyle Barbour	477	115	2	0	0	46	11	0	0	0	651
Kylu	1425	44	191	12	25	246	26	0	0	35	2004
Kyorosuke	1013	46	43	23	0	162	47	0	0	0	1334
Kzollman	125	34	1	0	0	2	1	0	0	0	163
L'Aquatique	667	10	21	3	13	46	8	0	0	3	771
LAX	219	3	3	4	1	95	1	0	0	4	330
La goutte de pluie	589	30	32	17	2	184	37	0	0	0	891
Lachatdelarue	237	7	0	1	0	6	1	0	0	0	252
Lacrimosus	222	3	16	1	0	44	1	0	0	0	287
LadyofShalott	1061	10	20	3	1	71	5	1	0	1	1173
Lankiveil	855	19	8	0	1	81	3	3	0	1	971
Lar	921	63	103	29	9	513	40	2	0	9	1689
Larry V	263	11	1	1	0	2	0	0	0	0	278
Laser brain	55	0	0	0	0	0	0	0	0	0	55
Laurascudder	848	4	3	2	0	9	1	0	0	0	867
Law	211	5	7	1	1	107	4	2	0	0	338
Lazulilasher	98	6	12	4	4	47	0	2	0	1	174
LeaveSleaves	0	0	6	0	0	0	0	0	0	0	6
Lectonar	14512	64	172	147	81	380	9	6	0	0	15371
Leebo	547	11	16	0	0	128	7	0	0	0	709
Leithp	357	19	6	1	0	329	12	0	0	0	724
Lenticel	208	5	1	0	0	0	0	0	0	0	214
LessHeard vanU	368	44	258	9	19	2450	65	21	0	0	3234
Lethe	35	13	3	2	0	34	16	0	0	0	103
Lexi Marie	605	28	41	25	0	157	52	0	0	0	908
Lexicon	161	23	10	3	1	56	5	0	0	0	259
Lexor	40	0	0	0	0	0	0	0	0	0	40
Lid	2265	9	16	0	0	47	0	0	0	0	2337
Lifebaka	1980	132	34	10	9	113	5	2	0	2	2287
Lightdarkness	1528	18	5	3	0	183	19	0	0	0	1756
Ligulem	4947	12	749	660	0	150	6	0	0	0	6524
LinguistAtLarge	173	2	1	0	0	0	0	0	0	2	178
Linuxbeak	339	5	64	17	0	389	34	0	20	12	880
Lipinki	0	0	2	0	0	0	0	0	0	0	2
LiquidGhoul	27	1	1	0	0	0	0	0	0	0	29
LittleDan	33	1	1	2	0	4	0	0	0	0	41
Llywrch	153	6	15	5	1	24	8	0	0	0	212
Lommer	737	2	1	2	0	1	0	0	0	0	743
Lomn	1	0	1	1	0	2	0	0	0	0	5
Longhair	5716	10	124	38	3	1680	41	1	0	4	7617
Lord Emsworth	2	0	0	0	0	0	0	0	0	0	2
Lord Voldemort	182	1	9	26	0	4	4	0	0	0	226
LordAmeth	52	1	0	0	0	0	0	0	0	0	53
Loren36	76	1	12	4	1	302	20	0	0	0	416
Lostintherush	784	7	26	5	2	112	6	0	0	0	942
LouI	35	1	0	0	0	0	0	0	0	0	36
Lowellian	237	65	5	0	0	0	0	0	0	0	307
Lquilter	22	1	0	0	0	6	0	0	0	0	29
Lradrama	181	2	0	0	0	201	15	0	0	1	400
Lucky 6.9	27946	129	766	50	0	1919	248	0	0	0	31058
Ludraman	16	3	2	2	0	4	0	0	0	0	27
Luigi30	3279	15	52	2	0	152	5	0	0	0	3505
Luis Hernández García	0	0	2	0	0	0	0	0	0	0	2
Luk	18185	205	615	26	119	3683	341	97	0	14	23285
Luna Santin	6220	99	1807	160	122	12516	1023	89	0	14	22050
Lupin	642	1	5	3	0	126	8	0	0	0	785
Lupo	1911	15	9	0	0	398	21	0	0	0	2354
Lyrl	246	1	0	1	0	4	0	0	0	0	252
M7	0	0	0	0	0	0	0	1	0	0	1
MBK004	598	10	123	4	18	288	16	7	0	19	1083
MBisanz	24968	348	392	18	74	1239	85	16	0	128	27268
MBoarSidwell	0	0	1	0	0	0	0	0	0	0	1
MC MasterChef	103	0	0	0	0	35	4	0	0	0	142
MCB	1166	17	33	4	3	422	17	1	0	0	1663
MECU	5322	21	2	0	1	7	0	0	0	0	5353
MER-C	0	0	15	0	0	0	0	0	0	0	15
MGodwin	3	0	0	0	0	0	0	0	0	0	3
MJCdetroit	104	6	28	3	11	5	0	0	0	0	157
MONGO	3035	27	116	35	0	396	39	0	0	0	3648
MPF	441	9	7	0	0	17	0	0	0	0	474
MPUploadBot	50	7	52	0	3	0	0	0	0	0	112
MSGJ	607	31	34	7	11	43	1	4	0	4	742
MZMcBride	804945	571	7286	922	419	159	116	187	0	1	814606
MacGyverMagic	5595	108	193	106	2	279	33	0	0	0	6316
Mackensen	2476	106	68	7	1	1579	237	0	0	0	4474
Mackeriv	96	1	3	0	0	14	3	0	0	0	117
Madchester	513	15	82	18	3	240	10	0	0	0	881
Madman	791	43	21	4	4	137	14	0	0	0	1014
Mafia Expert	0	0	1	0	0	0	0	0	0	0	1
Magioladitis	945	10	18	0	4	59	3	1	0	0	1040
Magnus Manske	886	4	1	1	0	14	0	0	0	0	906
Mahanga	881	9	8	1	0	56	3	0	0	0	958
Mailer diablo	49310	241	152	15	1	245	14	1	0	0	49979
Mairi	695	5	3	2	0	5	0	0	0	0	710
Majorly	15244	506	548	104	7	660	39	0	0	10	17118
Makemi	4809	53	79	13	0	378	25	0	0	0	5357
Malcolm	1284	63	47	17	2	274	19	0	0	0	1706
Malcolm Farmer	776	3	0	0	0	24	1	0	0	0	804
Malcolmxl5	4215	22	199	6	10	30	1	1	0	2	4486
Malinaccier	640	2	101	3	14	542	13	3	0	62	1380
Mallanox	1860	19	2	1	0	5	0	0	0	0	1887
Malo	2315	13	110	8	0	2234	246	0	0	0	4926
Mangojuice	4242	78	101	10	5	815	288	40	0	26	5605
Manning Bartlett	1096	10	1	0	2	13	2	0	0	0	1124
Marasmusine	4275	30	31	2	0	244	4	0	0	0	4586
Mardetanha	0	0	0	0	0	1	1	0	0	0	2
Marianocecowski	242	8	0	3	0	32	0	0	0	0	285
Marine 69-71	217	5	45	19	0	116	35	0	0	1	438
Mark	447	84	117	26	8	157	37	3	0	0	879
Mark Dingemanse	293	0	1	3	0	45	3	0	0	0	345
Mark Richards	0	0	0	0	0	0	5	0	0	0	5
Mark83	368	10	1	2	0	3	0	0	0	0	384
MarkGallagher	1931	27	81	61	0	116	26	0	0	0	2242
MarkSweep	1945	23	105	5	0	1133	41	0	0	0	3252
Markles	61	8	37	1	6	0	0	0	0	0	113
Marshman	25	0	0	0	0	30	2	0	0	0	57
Marskell	40	2	32	16	3	25	0	0	0	0	118
Martijn Hoekstra	1099	13	4	1	0	106	3	0	0	1	1227
MartinHarper	14	0	0	1	0	0	0	0	0	0	15
Martinp23	1387	89	226	31	4	358	71	2	0	4	2172
Martyman	131	2	2	0	0	35	1	0	0	0	171
Marudubshinki	4852	55	28	14	0	448	30	0	0	0	5427
Marumari	0	0	0	0	1	8	0	0	0	0	9
Masamage	839	16	16	2	3	19	1	0	0	0	896
Masem	86	8	5	0	0	11	0	0	0	0	110
MastCell	5568	68	483	21	49	941	71	3	0	1	7205
Master Jay	196	8	81	6	1	303	36	0	0	0	631
Master Thief Garrett	1144	6	7	1	0	12	2	0	0	0	1172
Master of Puppets	2200	62	241	30	46	723	31	1	0	5	3339
Matilda	221	20	33	15	1	231	10	0	0	0	531
Matt Britt	5	2	2	0	0	1	0	0	0	0	10
Matt Crypto	132	21	38	22	0	173	18	0	0	0	404
Mattbr	2529	65	4	0	0	9	0	0	0	0	2607
MatthewUND	53	1	0	0	0	5	0	0	0	0	59
Matthewedwards	2071	81	25	7	1	23	3	0	0	0	2211
Mattinbgn	909	34	39	3	7	54	2	0	0	0	1048
Mattyb420	0	0	2	0	0	0	0	0	0	0	2
Maury Markowitz	153	19	0	0	1	47	5	0	0	0	225
Mav	453	12	118	2	1	17	6	0	0	0	609
MaxSem	4846	23	167	25	7	343	96	3	0	14	5524
Maxim	105306	902	2467	259	550	1386	124	74	0	116	111184
Maxim's JS test account	0	0	1	0	0	0	0	0	0	0	1
Maximus Rex	68	0	0	0	0	0	0	0	0	0	68
Mbecker	0	0	1	3	0	3	1	0	0	0	8
Mdd4696	2233	8	31	8	0	88	4	0	0	0	2372
MediaWiki default	1310	0	0	0	0	0	0	0	0	0	1310
Meegs	8893	33	1	0	0	97	5	0	0	0	9029
Meelar	1264	7	2	1	0	121	1	0	0	0	1396
MegaHL90	0	0	1	0	0	0	0	0	0	0	1
Mel Etitis	3126	19	160	24	0	848	57	0	0	0	4234
Melburnian	117	1	2	1	0	28	0	0	0	0	149
Melchoir	699	2	11	1	0	75	1	1	0	0	790
Melesse	21412	54	3	0	0	1	0	0	0	0	21470
Menchi	20	2	0	0	0	0	0	0	0	0	22
Meno25	328	32	3	1	1	7	3	1	0	2	378
Mentifisto	1951	12	19	0	4	2641	12	48	0	25	4712
Mercury	314	93	82	34	25	137	62	0	0	0	747
Merkinsmum	0	0	3	0	0	0	0	0	0	0	3
Merope	11766	60	56	6	0	834	15	0	0	0	12737
Merovingian	1986	100	32	14	0	275	21	0	0	26	2454
Merphant	1	2	0	0	0	0	0	0	0	0	3
Metalx97856	0	0	1	0	0	0	0	0	0	0	1
Metamagician3000	110	4	11	4	0	28	5	0	0	0	162
Metropolitan90	2448	23	1	0	1	6	2	0	0	0	2481
Mets501	9380	98	207	38	0	293	22	0	0	0	10038
Mfield	610	11	104	5	15	448	9	20	0	1	1223
Miborovsky	46	3	19	13	0	30	5	0	0	0	116
Michael Greiner	660	13	10	7	0	10	1	5	0	0	706
Michael Hardy	257	65	1	0	0	16	4	1	0	0	344
Michael Snow	875	106	22	164	1	54	68	1	0	0	1291
MichaelBillington	507	8	6	0	0	4567	70	0	0	2	5160
Michaelas10	363	22	80	8	1	61	8	0	0	0	543
Mike 7	1263	16	39	3	0	285	6	0	0	0	1612
Mike Halterman	148	9	13	9	1	64	10	0	0	0	254
Mike Peel	2639	20	4	4	0	4	0	1	0	0	2672
Mike Rosoft	14320	399	420	46	18	2299	390	11	0	0	17903
Mike Selinker	2012	15	11	4	0	17	1	0	0	0	2060
Mikeblas	128	1	0	0	0	0	0	0	0	0	129
MilborneOne	173	0	1	0	0	8	0	0	0	0	182
Mindmatrix	2300	14	22	2	0	45	1	1	0	1	2386
Mindspillage	2299	75	53	27	2	91	46	0	0	0	2593
Minesweeper	13	2	0	0	0	1	0	0	0	0	16
Mirv	1146	28	38	37	0	40	46	0	0	1	1336
MisfitToys	79	8	0	0	0	0	0	0	0	0	87
Misza13	223395	280	284	21	2	4607	268	0	0	6	228863
Mitchazenia	114	3	2	0	0	13	2	0	0	0	134
Mkmcconn	20	0	3	3	0	0	0	0	0	0	26
Mkweise	30	2	0	1	0	1	0	0	0	0	34
Mo0	3125	23	14	3	0	229	21	1	0	0	3416
MoRsE	55	2	0	0	0	25	1	0	0	0	83
Modemac	14	0	3	5	0	6	1	0	0	0	29
Moink	304	3	2	0	0	7	7	0	0	0	323
Molikroth	0	0	1	0	0	0	0	0	0	0	1
Moncrief	99	1	4	3	0	40	1	0	0	0	148
Moni3	38	3	26	1	10	25	0	2	0	0	105
Montrealais	22	1	0	0	0	0	0	0	0	0	23
Moondyne	1958	55	58	14	2	299	38	0	0	0	2424
Moonriddengirl	7397	853	117	14	9	269	13	6	0	0	8678
Moreschi	1031	26	190	11	40	811	80	0	0	17	2206
Moriori	3534	3	0	0	0	252	5	0	0	0	3794
Morven	814	26	7	1	0	224	54	1	0	0	1127
Morwen	615	14	6	1	0	84	8	0	0	0	728
Mr. Lefty	1526	10	62	6	0	597	31	1	0	0	2233
Mr.Z-man	18796	238	478	50	284	1619	181	25	0	26	21697
MrDarcy	222	5	36	7	0	143	12	0	0	0	425
Mtmelendez	1039	5	11	0	0	2	0	0	0	0	1057
Mufka	908	1	14	0	1	136	0	8	0	0	1068
Mulad	41	5	0	0	0	0	0	0	0	0	46
Mushroom	21971	182	34	9	3	440	90	0	0	0	22729
Musical Linguist	324	149	109	24	0	900	71	0	0	0	1577
Mustafaa	131	1	0	3	0	10	1	0	0	0	146
MykReeve	2	0	0	0	0	0	0	0	0	0	2
Myleslong	22	29	6	3	0	28	8	0	0	0	96
Mysekurity	728	14	40	21	0	81	2	0	0	0	886
Mysid	2492	2	2	1	0	14	5	0	0	0	2516
Mzajac	148	4	8	2	1	46	4	0	0	0	213
NCurse	1593	11	1	1	0	34	0	0	0	0	1640
NSLE	561	11	90	18	0	440	101	0	0	0	1221
Nabla	900	50	16	5	1	1	0	0	0	0	973
Nae'blis	844	53	28	2	0	15	2	0	0	0	944
Nagy	0	0	1	0	0	0	0	0	0	0	1
Nakon	32196	376	577	65	24	12725	6148	11	0	77	52199
Nancy	10759	75	339	17	11	661	11	7	0	7	11887
Nandesuka	692	29	94	15	2	383	27	1	0	0	1243
Nanfoodle	0	0	1	0	0	0	0	0	0	0	1
Nanobug	1	0	0	0	0	0	0	0	0	0	1
Nat	188	35	156	9	31	263	15	0	0	0	697
Natalie Erin	4501	23	68	3	0	987	27	0	0	0	5609
Natalya	323	13	36	7	3	109	39	0	0	0	530
NawlinWiki	150039	6400	8422	24	566	11643	456	257	0	5	177812
Necrothesp	311	11	1	0	1	105	8	0	0	0	437
Nehrams2020	3361	18	5	2	0	123	2	0	0	0	3511
Netsnipe	1151	60	599	91	10	3640	1747	1	0	0	7299
Neutrality	3815	32	48	10	0	175	58	0	0	0	4138
Nev1	155	9	18	2	10	95	1	0	0	0	290
Newyorkbrad	736	15	50	5	2	518	32	0	0	1	1359
Ngb	621	62	9	6	0	10	0	0	0	0	708
Nichalp	1191	70	50	16	4	72	9	0	979	123	2514
NicholasTurnbull	212	14	15	10	0	139	17	0	0	0	407
Nick	2792	130	238	23	19	659	67	9	0	2	3939
Nick-D	351	9	33	1	4	196	11	12	0	0	617
Nickptar	612	13	3	1	0	116	31	0	0	0	776
Nickshanks	53	1	3	0	0	0	0	0	0	0	57
Nicman911	0	0	2	0	0	0	0	0	0	0	2
Night Gyr	475	37	9	3	1	31	2	0	0	0	558
Nightmarishnight	0	0	1	0	0	0	0	0	0	0	1
Nightscream	20	7	46	3	1	100	2	2	0	0	181
Nightstallion	1764	128	71	7	0	29	2	0	0	0	2001
Nihiltres	7410	122	107	26	27	263	16	2	0	9	7982
Nihonjoe	4542	266	209	33	5	147	19	5	0	0	5226
Nikki311	410	2	24	1	2	39	1	0	0	1	480
Nilfanion	568	25	4	3	0	3	0	0	0	0	603
Nishkid64	7324	347	1279	638	87	5805	265	263	0	7	16015
Niteowlneils	4157	80	1	0	0	16	1	0	0	0	4255
Nixdorf	2	0	0	0	0	0	0	0	0	0	2
Nixeagle	10317	243	93	14	9	3313	82	24	0	2	14097
Nja247	713	11	68	1	23	557	7	39	0	10	1429
Nlu	1594	90	598	226	13	3541	220	0	0	0	6282
Nmajdan	210	5	7	7	4	62	2	0	0	0	297
No Guru	927	11	33	13	0	439	8	1	0	0	1432
NoSeptember	1584	47	24	25	1	122	61	0	0	45	1909
NodpiW	0	0	1	0	0	0	0	0	0	0	1
Nohat	265	38	39	33	0	62	5	0	0	0	442
Noldoaran	2	0	0	0	0	0	0	0	0	0	2
Notheruser	70	0	0	0	0	0	0	0	0	0	70
Nousernamesleft	189	7	5	2	3	2	1	0	0	3	212
NrDg	1493	111	270	18	26	769	25	35	0	4	2751
NuclearWarfare	0	0	2	0	0	0	0	0	0	0	2
Nufy8	369	1	34	2	7	330	15	1	0	0	759
Number 57	5852	57	70	2	1	50	4	0	0	0	6036
Nunh-huh	448	29	26	3	1	314	11	3	0	1	836
Nv8200p	59524	181	25	3	0	106	3	0	0	0	59842
Nyttend	3359	101	13	0	0	153	1	1	0	0	3628
Oberiko	294	3	8	2	0	162	0	0	0	0	469
Obli	1047	6	28	5	0	99	7	0	0	0	1192
Ocatecir	1338	11	103	8	1	248	9	0	0	0	1718
Ocee	195	0	3	3	10	95	5	0	0	0	311
Od Mishehu	5229	149	169	24	24	271	51	103	0	4	6024
OhanaUnited	486	33	11	3	1	122	7	0	0	7	670
Ohnoitsjamie	3941	57	248	10	13	2267	47	16	0	0	6599
Okiefromokla	195	2	21	3	3	208	7	0	0	0	439
OldakQuill	325	20	6	2	0	2	1	0	0	0	356
Oldboy212	0	0	1	0	0	0	0	0	0	0	1
Oldelpaso	629	6	16	10	0	30	1	0	0	2	694
Oldwindybear	2	0	0	0	0	2	1	0	0	0	5
Oleg Alexandrov	684	56	14	8	0	35	9	0	0	1	807
Olessi	142	6	0	0	0	14	1	0	0	0	163
Oliver Pereira	0	4	0	1	0	0	0	0	0	0	5
Olivier	192	3	6	1	0	23	0	0	0	0	225
Omegatron	308	90	27	12	0	15	0	0	0	0	452
One	962	103	117	18	1	143	28	0	0	0	1372
Opabinia regalis	1409	5	15	2	0	3	0	0	0	0	1434
Orangemike	18614	109	489	22	12	3295	34	20	0	0	22595
Orderinchaos	3127	125	58	9	8	194	33	2	0	1	3557
Oren0	159	6	25	6	7	31	8	3	0	4	249
Orioane	114	1	4	2	0	11	0	0	0	0	132
Orlady	28	1	3	1	1	1	0	0	0	0	35
Orphaned talkpage deletion bot	77	0	0	0	0	0	0	0	0	0	77
Oscarthecat	2665	17	192	2	0	297	7	0	0	0	3180
OverlordQ	284	1	4	1	0	76	27	10	0	0	403
Owen	254	24	15	33	0	84	23	0	0	0	433
OwenX	2320	22	180	20	1	1237	82	2	0	7	3871
Oxymoron83	10742	98	407	9	59	5239	34	50	0	0	16638
PDH	9821	82	355	197	0	243	21	0	0	0	10719
PFHLai	3385	132	844	723	1	58	1	0	0	0	5144
PMDrive1061	15498	211	737	13	3	2165	77	162	0	3	18869
PS2pcGAMER	2303	23	25	32	0	87	18	0	0	0	2488
PZFUN	93	3	6	2	0	14	6	0	0	0	124
Pablo-flores	920	2	16	6	2	180	2	0	0	0	1128
PabsP	25	4	45	9	0	65	16	0	0	0	164
Paginazero	3	3	0	0	0	0	0	0	0	0	6
Pagrashtak	3190	13	3	2	0	10	1	0	0	0	3219
Pakaran	116	4	4	5	0	19	6	0	19	19	192
Pamri	707	1	0	4	0	0	0	0	0	0	712
Papa November	2913	44	20	5	11	229	13	1	0	0	3236
Parsecboy	2482	96	33	5	0	353	11	1	0	3	2984
Parthian Scribe	0	0	1	0	0	0	0	0	0	0	1
Pascal.Tesson	15322	86	79	2	1	774	20	0	0	1	16285
Pastordavid	1312	9	8	6	0	10	1	0	0	0	1346
Pathoschild	8291	149	151	33	0	2405	703	0	0	1	11733
Patrick	133	112	9	1	1	3	1	0	0	0	260
Pats1	262	48	130	7	12	306	7	4	0	0	776
Paul A	88	17	0	0	0	0	0	0	0	0	105
Paul August	1115	9	8	1	3	122	3	0	0	0	1261
Paul Erik	868	50	6	1	0	168	4	0	0	0	1097
Pax:Vobiscum	574	38	182	6	13	34	1	0	0	0	848
Paxse	7	0	0	0	0	4	1	0	0	0	12
Pb30	858	1	0	0	1	275	3	0	0	0	1138
Pcb21	100	42	3	6	0	1	1	0	0	0	153
PeaceNT	5087	175	105	10	8	298	9	0	0	0	5692
PedanticallySpeaking	41	8	2	0	0	0	0	0	0	0	51
Pedro	8681	40	87	11	8	716	14	6	0	225	9788
Pedro Paulo Vasconcellos	0	0	2	0	0	0	0	0	0	0	2
Pegship	190	2	1	0	0	1	0	0	0	0	194
Penader	0	0	1	0	0	0	0	0	0	0	1
Pending deletion script	1210	0	0	0	0	0	0	0	0	0	1210
Pengo	50	14	2	1	0	7	0	0	0	0	74
Penwhale	145	8	44	6	14	50	13	1	0	0	281
Pepsidrinka	993	33	34	19	0	395	34	0	0	0	1508
Perceval	29	0	5	4	0	19	0	0	0	0	57
Peripitus	6488	31	76	17	10	110	6	5	0	1	6744
Persian Poet Gal	2289	95	998	25	39	3214	141	10	0	1	6812
Peruvianllama	624	7	18	4	0	366	6	0	0	0	1025
Peteforsyth	9	5	3	1	3	8	2	0	0	0	31
Peter	3642	47	74	23	0	652	39	0	0	0	4477
PeterSymonds	4916	131	958	343	334	1069	70	215	0	271	8307
Pgk	3711	73	556	54	0	4060	2204	0	0	0	10658
Phaedriel	3551	55	199	30	16	308	19	0	0	0	4178
Pharos	388	68	589	153	0	40	5	0	0	0	1243
Phil Bordelon	0	0	2	1	0	0	0	0	0	0	3
Phil Boswell	532	10	79	1	3	19	4	0	0	0	648
Phil Sandifer	675	137	80	57	8	280	69	0	0	0	1306
PhilKnight	20126	387	689	46	30	3684	170	85	0	21	25238
Philip Baird Shearer	342	70	65	14	17	14	1	0	0	0	523
Philippe	4110	51	348	33	44	1501	66	2	0	7	6162
Philosopher	1123	17	28	2	5	32	2	6	0	24	1239
Phils	15	1	0	0	0	26	2	0	0	0	44
Philwelch	933	44	28	7	0	72	14	0	0	0	1098
Phuntsok2000	0	0	2	0	0	0	0	0	0	0	2
Physchim62	1115	41	34	5	0	107	17	0	0	0	1319
Piazzajordan2	0	0	1	0	0	0	0	0	0	0	1
Picaroon	4039	61	55	12	5	461	27	0	0	1	4661
PierreAbbat	0	0	0	0	0	5	0	0	0	0	5
Pigman	902	8	14	0	1	16	4	0	0	0	945
Pilotguy	7231	64	294	29	1	2576	685	0	0	0	10880
PinchasC	119	18	48	14	1	188	6	0	0	0	394
Pinkville	0	0	6	0	0	1	0	0	0	0	7
Piotrus	608	168	18	8	2	80	17	0	0	0	901
Pjacobi	230	6	15	3	0	99	2	0	0	0	355
Plange	123	0	3	1	0	32	0	0	0	0	159
Please try again.	0	0	1	0	0	0	0	0	0	0	1
Poeloq	21	1	0	0	0	52	2	0	0	4	80
Polaron	0	0	1	0	0	0	0	0	0	0	1
Pollinator	35	0	4	0	0	146	1	0	0	0	186
Poor Yorick	89	0	6	3	1	0	0	0	0	0	99
Postdlf	5478	81	116	4	3	688	9	1	0	0	6380
Pratyeka	1	1	0	0	0	0	0	0	0	0	2
Premeditated Chaos	1732	18	3	0	0	19	1	0	0	0	1773
PrimeHunter	58	6	2	1	0	0	0	0	0	1	68
ProcseeBot	0	0	0	0	0	41584	0	0	0	0	41584
Prodego	1903	259	140	86	59	1077	206	61	0	27	3818
ProhibitOnions	239	1	0	1	0	50	0	0	0	0	291
Prolog	1214	32	63	5	4	493	2	2	0	0	1815
Promethean	0	0	1	0	0	0	0	0	0	0	1
Proteus	115	0	2	0	0	11	10	0	0	0	138
Protonk	2308	1167	70	3	7	150	21	25	0	1	3752
ProveIt	4433	7	3	0	0	2	0	0	0	0	4445
Pschemp	2135	247	169	29	0	3321	319	0	0	0	6220
Psy guy	110	0	10	9	0	181	17	0	0	0	327
Punkmorten	6640	55	3	0	0	19	6	0	0	0	6723
Qaz	75	0	0	0	0	0	0	0	0	0	75
Quadell	93089	294	48	16	2	115	11	0	0	0	93575
Quarl	7973	111	22	10	0	37	3	0	0	0	8156
Quell	0	0	1	0	0	0	0	0	0	0	1
Quercusrobur	15	2	3	2	0	8	0	0	0	0	30
Qwghlm	592	31	16	1	0	17	0	0	0	0	657
R'n'B	3471	102	10	1	0	4	0	0	0	0	3588
R-Con 9	0	0	1	0	0	0	0	0	0	0	1
R. Baley	6	3	24	0	11	71	6	0	0	1	122
R. fiend	2822	21	19	4	0	56	1	0	0	0	2923
R3m0t	1340	15	30	0	0	4	4	0	0	0	1393
RG2	3298	61	18	1	0	162	8	0	0	0	3548
RHaworth	41427	2749	1909	37	1	441	14	1	0	0	46579
RJFJR	33	1	0	0	0	1	0	0	0	0	35
RN	706	132	17	15	0	28	7	0	0	0	905
Radiant!	2464	50	180	45	0	178	23	0	0	0	2940
RadicalBender	510	8	3	0	0	13	0	0	0	0	534
RadioKirk	2676	77	164	15	0	1678	74	0	0	0	4684
Ragesoss	354	40	5	1	1	6	0	0	0	0	407
Ragib	468	16	52	8	2	256	12	0	0	0	814
Raith Sienar	0	0	8	0	0	0	0	0	0	0	8
Ral315	2266	121	352	28	24	345	49	0	0	2	3187
Ram-Man	834	3	16	0	1	25	6	0	0	0	885
Rama	726	9	18	10	0	315	13	1	0	0	1092
Rama's Arrow	1202	3	46	9	0	200	25	0	0	0	1485
Ramallite	2	0	0	0	0	6	0	0	0	0	8
Rambo's Revenge	2	0	0	0	0	0	0	0	0	0	2
Ran	193	3	7	0	2	87	2	0	0	0	294
Random832	609	127	30	11	10	33	8	0	0	7	835
RandomXYZb	2778	36	242	19	24	1506	49	8	0	7	4669
Raso mk	0	0	1	0	0	0	0	0	0	0	1
RasputinAXP	2198	13	28	5	0	84	3	0	0	0	2331
Raul654	1149	102	1700	504	42	2453	225	4	147	60	6386
Raven4x4x	407	2	3	0	0	200	1	0	0	1	614
Raymolayenie	0	0	1	0	0	0	0	0	0	0	1
Raymond arritt	874	2	32	8	5	344	21	0	0	0	1286
Rbrwr	346	2	0	0	0	1	0	0	0	0	349
Rd232	1220	4	4	2	8	36	1	1	0	0	1276
Rdsmith4	3181	65	138	61	0	594	268	2	868	85	5262
Rebecca	2211	69	32	3	2	138	71	0	0	0	2526
Recurring dreams	6	0	1	0	0	21	1	0	0	0	29
RedWolf	14619	48	0	0	0	3	0	0	0	0	14670
RedWordSmith	240	10	13	20	0	20	1	0	0	0	304
RedirectCleanupBot	4377	0	0	0	0	0	0	0	0	0	4377
Redux	196	12	24	7	0	47	1	0	131	83	501
Redvers	16519	137	819	27	14	1863	201	301	0	0	19881
Redwolf24	1943	48	50	25	0	208	45	0	0	0	2319
Reedy	1088	30	33	13	13	40	11	0	0	9	1237
Refdoc	61	5	11	4	0	28	5	0	0	0	114
Reflex Reaction	511	14	1	2	0	6	0	0	0	0	534
RegentsPark	274	5	66	2	21	81	0	2	0	0	451
Remember the dot	804	11	26	1	7	17	1	0	0	13	880
Renata3	4633	31	14	2	0	60	4	0	0	0	4744
Renesis	148	0	25	1	0	19	6	0	0	0	199
Resolute	1160	15	14	2	1	30	1	0	0	0	1223
Retired username	12142	239	115	33	8	206	14	0	0	2	12759
RetiredUser2	376	88	25	15	0	12	6	0	0	0	522
Rettetast	20002	55	12	3	2	390	6	0	0	2	20472
Revolving Bugbear	102	7	5	1	0	25	11	0	0	0	151
RexNL	2299	11	153	11	9	4191	66	15	0	0	6755
ReyBrujo	951	36	101	29	5	138	2	0	0	0	1262
Rfl	364	39	0	0	0	0	0	0	0	0	403
Rhobite	719	15	67	26	0	617	47	0	0	0	1491
Rholton	275	3	8	1	0	22	3	0	0	0	312
Riana	14011	149	1042	108	105	2424	192	1	0	16	18048
Rich Farmbrough	2532	184	63	28	9	215	28	1	0	0	3060
Richardcavell	433	8	29	9	1	73	2	0	0	0	555
Richardshusr	909	37	47	23	11	13	3	0	0	0	1043
Rick Block	630	3	3	1	0	65	2	0	0	0	704
RickK	2466	14	53	5	0	651	26	0	0	0	3215
Ricky81682	4069	19	32	59	19	130	15	8	0	0	4351
Rifleman 82	375	39	29	9	5	106	6	3	0	3	575
Rigadoun	204	6	2	1	0	2	1	0	0	0	216
Risker	464	45	106	31	70	161	13	3	0	1	894
Rjanag	151	1	7	0	0	18	0	4	0	0	181
Rjd0060	14942	352	578	41	81	1115	125	55	0	22	17311
Rje	1193	8	93	171	0	315	5	0	0	0	1785
Rkitko	500	45	11	2	1	10	1	0	0	0	570
Rklawton	874	14	25	2	2	475	15	10	0	0	1417
Rlandmann	1057	68	23	3	0	44	3	0	0	0	1198
Rlevse	1352	59	133	17	27	2674	157	4	544	77	5044
Rlquall	4	1	0	0	0	1	1	0	0	0	7
Rmhermen	2013	13	25	7	2	55	0	0	0	0	2115
Roadrunner	0	0	0	0	0	5	0	0	0	0	5
RobH	0	0	0	0	0	0	0	0	1	0	1
RobLa	2	1	0	0	0	0	0	0	0	0	3
Robchurch	714	11	6	4	0	83	12	0	0	0	830
Robdurbar	1591	72	147	84	0	112	25	0	0	0	2031
Robert Merkel	0	1	0	0	0	5	4	0	0	0	10
RobertG	6025	23	38	5	1	376	23	0	0	1	6492
Robin Patterson	0	0	0	0	0	1	0	0	0	0	1
Robth	3830	187	5	3	0	10	0	0	0	0	4035
RobyWayne	122	0	0	0	0	14	0	0	0	0	136
RockMFR	1951	166	168	35	20	277	5	0	0	1	2623
Rockero	77	1	5	2	0	13	0	0	0	0	98
Rockpocket	443	9	25	9	4	137	15	0	0	1	643
Rocky Road	0	0	1	0	0	0	0	0	0	0	1
Rodhullandemu	835	48	615	24	107	1996	96	48	0	7	3776
Roger Davies	431	19	8	0	2	35	6	2	0	2	505
Rogerd	577	11	24	5	0	138	1	0	0	0	756
Ronline	61	3	6	9	0	11	1	0	0	0	91
Ronnotel	17	2	39	9	5	85	24	1	0	1	183
Rootology	61	4	109	3	27	86	3	8	0	1	302
Roozbeh	152	2	27	7	0	8	1	0	0	0	197
Rosiestep	2	2	2	2	0	0	0	0	0	2	10
Rossami	1003	464	35	9	1	228	2	0	0	0	1742
RoyBoy	116	2	34	2	1	610	13	0	0	0	778
RoySmith	340	10	28	5	0	230	10	1	0	0	624
Royalbroil	865	21	64	21	5	45	3	0	0	0	1024
Royalguard11	1825	32	266	375	27	179	19	0	0	0	2723
Royboycrashfan	6095	107	73	0	0	386	22	0	0	0	6683
Rschen7754	1037	51	339	5	9	424	49	7	0	7	1928
Rspeer	105	3	15	1	0	75	11	0	0	0	210
Ruhrfisch	214	11	40	4	1	45	4	4	0	1	324
Runcorn	72	4	5	2	0	143	79	0	0	0	305
Rune.welsh	819	5	28	7	0	33	1	0	0	0	893
Runningonbrains	106	1	6	2	1	11	2	0	0	0	129
Ruslik0	1234	7	126	14	39	123	2	5	0	10	1560
Ruud Koot	1239	70	66	16	4	310	61	1	0	1	1768
Rwiggum	0	0	1	0	0	0	0	0	0	0	1
RxS	724	1	5	3	1	456	10	0	0	0	1200
Ryan Delaney	1661	40	77	52	13	243	17	1	0	1	2105
Ryan Postlethwaite	1333	90	265	52	60	1336	148	12	0	57	3353
RyanGerbil10	3623	18	46	4	2	190	11	0	0	2	3896
Ryulong	10729	212	1213	49	77	6278	615	62	0	2	19237
S@bre	11	2	0	0	1	1	0	0	0	0	15
SB Johnny	31	1	7	0	4	5	0	0	0	0	48
SCEhardt	5235	50	12	0	0	304	3	0	0	0	5604
SCZenz	447	17	17	21	5	149	26	0	0	0	682
SD6-Agent	1	0	0	0	0	0	0	0	0	0	1
SGGH	1846	30	18	5	0	686	26	1	0	2	2614
SQL	2451	46	372	10	66	262	124	0	0	34	3365
ST47	37681	4965	220	66	80	5847	2327	2	0	3	51191
SWAdair	1600	7	49	1	0	38	1	0	0	0	1696
Sabine's Sunbird	19	0	6	0	2	0	0	0	0	0	27
Sadalmelik	0	0	1	0	0	0	0	0	0	0	1
Sade	148	5	3	0	0	1	2	0	0	0	159
Salix alba	99	7	7	4	4	6	0	0	0	0	127
Sam	101	21	22	4	0	22	0	0	0	2	172
Sam Blacketer	2387	15	45	8	2	193	33	1	0	1	2685
Sam Hocevar	6	7	0	0	0	1	2	0	0	0	16
Sam Korn	1013	21	65	10	13	974	75	4	0	13	2188
Sam Vimes	41	5	0	0	0	34	0	0	0	0	80
Samir	2463	94	255	132	7	442	50	0	0	2	3445
Samotnik	0	0	2	0	0	0	0	0	0	0	2
Samsara	36	21	73	4	2	63	33	0	0	0	232
Samuel Blanning	1742	97	157	65	0	1197	170	0	0	0	3428
Samulili	2	0	0	0	0	1	0	0	0	0	3
Sanchom	227	3	4	1	0	58	8	0	0	0	301
Sandahl	7646	90	351	8	8	3466	65	9	0	2	11645
Sandstein	6008	65	381	22	12	946	197	20	0	3	7654
Sango123	4193	11	41	3	0	1567	66	0	0	0	5881
Sannse	882	30	19	10	0	57	35	0	0	0	1033
Sarah	2487	132	116	37	4	428	103	0	0	29	3336
Saravask	385	15	27	15	10	78	13	0	0	0	543
Sarcasticidealist	1196	74	89	4	15	258	26	4	0	3	1669
Sardanaphalus	0	0	7	0	0	0	0	0	0	0	7
SarekOfVulcan	599	39	18	3	3	59	12	8	0	0	741
Sasquatch	1828	23	83	25	1	670	104	0	0	1	2735
Sassygurl192	0	0	2	0	0	0	0	0	0	0	2
Satori Son	1325	47	169	11	2	435	13	5	0	0	2007
SatyrTN	2024	17	18	8	4	36	7	0	0	0	2114
Savidan	55	3	13	5	0	0	0	0	0	0	76
Saxifrage	292	2	10	4	0	13	0	0	0	0	321
Scarian	650	23	179	3	22	1014	65	4	0	5	1965
Sceptre	1628	92	81	8	0	518	89	0	0	0	2416
Schissel	11	0	1	0	0	2	2	0	0	0	16
Schneelocke	28	3	15	2	0	11	2	0	0	0	61
SchuminWeb	8825	199	85	8	5	290	4	6	0	0	9422
Schutz	763	3	3	0	0	2	0	0	0	0	771
Scientizzle	2717	51	171	16	4	886	30	1	0	0	3876
Scimitar	192	3	9	3	0	97	4	0	0	0	308
Scipius	0	0	0	0	0	1	0	0	0	0	1
Scjessey	0	0	1	0	0	0	0	0	0	0	1
Scm83x	229	5	6	1	0	37	2	0	0	0	280
Scorpion0422	0	0	1	0	0	0	0	0	0	0	1
Scott Burley	842	1	11	1	0	33	3	0	0	0	891
Scott5114	1176	6	119	5	0	29	5	0	0	1	1341
ScottDavis	301	36	9	5	0	37	4	0	0	0	392
Seabhcan	193	3	5	2	0	27	2	0	0	0	232
Sean Whitton	360	16	18	7	0	49	3	0	0	2	455
Sean William	868	45	109	8	4	414	35	0	0	2	1485
Searchme	147	0	0	0	0	11	0	0	0	0	158
Seattle Skier	285	6	8	0	0	21	1	0	0	0	321
SebastianHelm	51	9	6	2	2	3	4	0	0	0	77
Sebastiankessel	2	2	8	4	0	38	1	0	0	0	55
Secret	3915	43	95	6	7	182	12	1	0	16	4277
Secretlondon	427	6	2	0	0	420	8	0	849	12	1724
Seddon	6	0	5	0	1	8	1	1	0	4	26
Seglea	188	3	1	0	0	0	0	0	0	0	192
Seicer	1867	43	335	37	47	707	48	12	0	0	3096
Selket	1184	8	19	3	2	212	16	0	0	0	1444
Sephiroth BCR	909	17	36	6	1	321	7	0	0	0	1297
Seraphim	404	35	40	9	11	135	22	1	0	3	660
Seraphimblade	2214	13	35	9	2	641	45	0	0	2	2961
Seresin	2230	71	168	6	27	150	1	3	0	5	2661
Sesel	75	4	19	12	0	12	0	0	0	0	122
Seth Ilys	343	2	7	2	0	5	3	0	0	0	362
Sethant	1	2	0	0	0	0	0	0	0	0	3
Sfoskett	11	1	1	0	0	0	0	0	0	0	13
Sgeureka	450	20	1	0	0	3	1	1	0	0	476
Shadow1	284	13	32	4	0	170	27	0	0	0	530
ShamelessAngel	0	0	1	0	0	0	0	0	0	0	1
Shanel	4682	76	71	17	0	2595	517	0	0	0	7958
Shanes	2428	19	89	162	3	1094	24	0	0	0	3819
Shauri	44	0	0	1	0	2	0	0	0	0	47
SheffieldSteel	38	4	20	1	7	93	4	15	0	0	182
Sheldon Rampton	2	0	0	0	0	1	0	0	0	0	3
Shell Kinney	10699	254	53	6	3	613	72	1	0	1	11702
Shereth	450	17	11	4	1	159	4	0	0	0	646
Sherool	39492	63	18	6	0	18	1	0	0	0	39598
Shii	363	32	20	11	0	51	52	0	0	2	531
Shimeru	789	0	6	0	0	2	0	0	0	0	797
Shimgray	1201	134	142	4	5	29	17	0	0	0	1532
Shirahadasha	171	2	10	4	3	55	8	0	0	0	253
Shizhao	1	1	1	0	0	0	0	0	0	0	3
Shoeofdeath	747	3	7	0	0	93	0	0	0	0	850
Shreshth91	2323	19	33	12	0	390	48	0	0	0	2825
Shyam	16920	56	19	2	0	57	1	0	0	1	17056
Shyamal	56	3	18	2	5	25	2	0	0	3	114
Silence	22	0	0	1	0	0	0	0	0	0	23
SilkTork	140	13	4	1	4	1	0	0	0	0	163
Silsor	523	6	35	41	0	139	137	0	0	0	881
SimonP	5274	51	11	275	0	45	2	0	0	0	5658
Singularity	7381	115	61	15	2	79	7	0	0	1	7661
Sir Nicholas de Mimsy-Porpington	2143	60	84	11	4	814	82	0	0	0	3198
SirFozzie	342	18	85	8	35	276	32	0	0	0	796
Siroxo	73	4	0	0	0	18	0	0	0	0	95
Sitthisoneout1	0	0	1	0	0	0	0	0	0	0	1
Sj	114	161	10	9	1	56	8	0	0	0	359
Sjakkalle	4545	374	40	28	0	798	65	1	0	0	5851
Sjc	19	0	0	0	0	3	0	0	0	0	22
Sjorford	419	32	4	5	0	3	0	0	0	0	463
Skier Dude	45907	1990	314	7	22	597	1414	3	0	0	50254
Slakr	3705	61	272	24	83	9087	95	19	0	14	13360
Slambo	696	18	33	0	0	184	5	0	0	0	936
SlimVirgin	1139	278	746	390	14	1118	228	0	0	0	3913
Slowking Man	1350	29	130	25	1	859	132	0	0	0	2526
Slp1	420	13	14	3	1	83	2	2	0	0	538
Slrubenstein	31	1	28	6	2	38	10	4	0	0	120
Slumgum	154	1	1	0	0	0	0	0	0	0	156
Smalljim	801	7	13	2	0	387	7	3	0	0	1220
Smashville	706	2	38	2	1	270	15	18	0	0	1052
Smith03	115	4	5	0	1	5	68	0	0	0	198
Smith609	140	1	1	0	0	2	1	2	0	0	147
SmthManly	519	4	32	9	1	51	2	0	0	0	618
Smurrayinchester	67	3	10	6	0	17	6	0	0	0	109
Sn0wflake	404	3	14	2	0	107	2	0	0	0	532
Snowolf	689	15	40	6	2	595	30	2	0	3	1382
Snoyes	95	0	1	0	0	40	0	0	0	0	136
SoLando	273	13	18	7	0	191	6	0	0	0	508
SoWhy	5844	50	605	48	130	231	6	6	0	6	6926
Solid Falcon	0	0	2	0	0	0	0	0	0	0	2
Solipsist	78	1	136	49	0	108	12	0	0	0	384
Someguy1221	903	9	12	3	0	292	1	12	0	1	1233
Somno	688	10	13	5	2	12	0	1	0	0	731
SorryGuy	11	2	2	2	0	18	2	0	0	0	37
Sortior	1	0	0	0	0	0	0	0	0	0	1
Soumyasch	2797	54	74	10	3	670	32	0	0	6	3646
SouthernNights	2055	45	125	34	10	251	6	4	0	0	2530
Spangineer	262	10	16	11	0	94	8	0	0	0	401
Spartaz	2411	126	162	27	9	313	74	3	0	7	3132
Spebi	1545	31	165	9	26	493	26	0	0	10	2305
Spellcast	7891	415	628	7	33	8929	617	83	0	10	18613
Spencer	148	3	28	3	4	252	3	0	0	1	442
Spencer195	12	0	0	0	0	3	0	0	0	0	15
Spike Wilbury	2489	101	18	4	0	136	4	0	0	1	2753
Spinningspark	14	0	3	0	0	18	0	1	0	0	36
Splash	8127	317	260	758	7	414	136	0	0	1	10020
SpuriousQ	625	1	17	1	0	569	5	0	0	0	1218
Srikeit	1840	18	86	45	0	387	22	0	0	0	2398
Ssd	1699	2	7	1	0	14	0	0	0	0	1723
Staecker	1688	20	1	1	0	2	0	0	0	0	1712
Stan Shebs	2649	74	1	0	0	25	0	0	1	0	2750
Star Mississippi	1982	50	67	4	6	231	8	0	0	0	2348
Starblind	2274	13	79	1	1	224	6	1	0	0	2599
Staxringold	127	1	0	0	0	26	0	0	0	0	154
Steel	9468	74	968	332	23	1188	88	0	0	5	12146
Steinsky	34	0	7	2	0	32	1	0	0	0	76
Stemonitis	3606	125	9	12	2	37	2	0	0	0	3793
Stephan Schulz	2	0	5	1	2	59	3	1	0	0	73
Stephen	6306	80	69	1	0	1044	58	2	0	7	7567
Stephen Bain	1745	42	85	23	1	93	18	0	0	0	2007
StephenBuxton	251	12	25	3	3	181	8	0	0	0	483
SteveSims	0	0	1	0	0	0	0	0	0	0	1
Steven Walling	570	3	59	1	6	56	3	0	0	0	698
Stevenfruitsmaak	93	10	10	0	0	11	0	0	0	0	124
Stevenj	33	1	23	0	0	35	1	0	0	0	93
Stevertigo	136	16	46	11	0	22	14	0	0	0	245
Stewartadcock	828	0	10	3	0	6	1	0	0	0	848
Stifle	16711	422	484	52	43	462	62	2	0	33	18271
Stormie	2170	62	46	6	3	360	11	0	0	1	2659
StuffOfInterest	173	5	29	2	0	104	2	0	0	0	315
Stuffdoing	0	0	1	0	0	0	0	0	0	0	1
Stwalkerster	2491	60	78	1	4	352	44	3	0	31	3064
Sub619	0	0	1	0	0	0	0	0	0	0	1
Sue Anne	499	9	0	0	0	1	0	0	0	0	509
Sugarfish	2	2	1	1	0	0	0	0	0	0	6
Sundar	39	13	0	0	1	6	3	0	0	0	62
Superm401	253	24	19	22	23	47	12	0	0	0	400
Sverdrup	501	4	1	2	0	2	2	0	0	0	512
Swatjester	946	30	181	16	29	365	49	0	0	5	1621
Syrthiss	2528	40	147	23	1	1495	66	11	0	0	4311
TKD	2722	150	75	17	19	315	30	3	0	3	3334
TPK	62	0	0	0	0	0	0	0	0	0	62
TSO1D	89	1	34	8	2	21	2	0	0	0	157
TShilo12	59	4	7	2	0	5	2	0	0	0	79
TUF-KAT	540	39	0	0	0	12	1	0	0	0	592
Ta bu shi da yu	1396	57	88	47	0	171	56	0	0	0	1815
Tabercil	278	13	48	5	1	173	4	1	0	0	523
Tadakuni	9	0	0	0	0	0	0	0	0	0	9
Talrias	255	8	23	14	0	82	17	0	0	0	399
Tango	341	2	4	2	0	75	4	0	0	0	428
Tangotango	1509	28	23	1	1	621	17	0	0	0	2200
Tanner-Christopher	9	0	11	0	4	1	1	0	0	0	26
Tannin	57	2	1	0	0	22	1	0	0	0	83
Tanthalas39	1900	21	843	32	123	2384	50	10	0	1	5364
Tariqabjotu	301	25	811	86	37	433	73	1	0	0	1767
Tassedethe	498	23	0	0	0	0	0	0	0	0	521
Taw	87	17	0	2	0	0	0	0	0	0	106
Tawker	4336	51	281	18	12	1753	349	0	0	9	6809
Taxman	245	18	14	10	0	175	12	0	33	197	704
Tbo 157	30	2	3	1	0	24	6	0	0	0	66
TeaDrinker	1218	13	14	1	0	228	4	1	0	0	1479
TenOfAllTrades	395	14	62	5	5	502	40	5	0	1	1029
TerriersFan	1329	51	151	12	8	239	10	2	0	0	1802
Terrillja	0	0	1	0	0	0	0	0	0	0	1
TexasAndroid	18436	460	333	41	11	634	37	0	0	1	19953
Texture	450	10	1	1	0	34	1	0	0	0	497
Thatcher	2719	104	233	58	23	2804	327	2	0	21	6291
Thatcher131	0	1	0	0	0	0	0	0	0	0	1
Thatislifeandlove	0	0	2	0	0	0	0	0	0	0	2
The Anome	3080	72	323	32	21	3738	179	36	0	2	7483
The Cunctator	5	49	5	17	0	11	6	0	0	0	93
The Epopt	3283	41	27	2	0	44	12	0	0	0	3409
The JPS	7113	34	154	20	7	349	12	0	0	0	7689
The Land	454	6	12	5	0	96	13	0	0	0	586
The Placebo Effect	366	12	38	8	6	27	4	0	0	2	463
The Rambling Man	3098	8	53	3	4	686	6	0	198	24	4080
The Random Editor	88	0	21	0	0	39	1	0	0	0	149
The Singing Badger	25	0	0	0	0	2	0	0	0	0	27
The Tom	134	12	40	12	0	4	0	0	0	0	202
The Transhumanist	0	0	3	0	0	0	0	0	0	0	3
The undertow	809	10	38	9	4	112	7	0	0	4	993
The wub	6366	25	25	5	0	170	8	0	0	2	6601
The-G-Unit-Boss	1409	5	102	3	12	24	0	0	0	0	1555
TheCoffee	29286	42	18	13	0	26	1	1	0	0	29387
TheCustomOfLife	43	0	6	1	0	3	0	0	0	0	53
TheDJ	14	1	1	0	1	0	0	0	0	0	17
TheParanoidOne	12440	29	0	0	0	0	0	0	0	0	12469
TheProject	2160	13	21	8	0	67	3	0	0	0	2272
Thedemonhog	19	0	0	0	1	0	0	0	0	2	22
Thehelpfulone	588	20	104	8	41	131	7	15	0	7	921
TheoClarke	269	17	0	1	0	17	2	0	0	0	306
Therequiembellishere	0	0	1	0	0	0	0	0	0	0	1
Theresa knott	1734	44	237	57	15	1472	230	0	0	0	3789
Thespian	2	1	3	0	0	1	1	0	0	0	8
Thingg	3392	40	58	3	9	434	7	8	0	5	3956
This flag once was red	0	0	2	0	0	0	0	0	0	0	2
Thorpe	319	4	10	2	1	22	4	0	0	0	362
Thryduulf	725	49	66	41	1	52	12	0	0	0	946
Thue	8060	32	27	8	0	370	37	1	0	0	8535
Thunderboltz	607	28	13	6	0	79	0	0	0	0	733
Thunderbrand	3589	9	3	2	0	39	2	0	0	0	3644
TigerShark	1142	55	40	11	3	1019	43	0	0	0	2313
Tijuana Brass	2988	48	33	4	0	99	10	0	0	0	3182
Tikiwont	5467	629	66	14	0	415	8	10	0	0	6609
Tillwe	45	0	0	0	0	3	0	0	0	0	48
Tim Ivorson	8	4	1	0	0	0	0	0	0	0	13
Tim Starling	42	11	7	3	0	15	23	0	5	0	106
Tim!	848	26	4	3	0	46	2	0	0	0	929
TimVickers	1144	41	183	13	63	802	27	4	0	3	2280
Timc	35	1	0	1	0	2	0	0	0	0	39
Timichal	1	17	0	0	0	0	0	0	0	0	18
Timrollpickering	343	2	22	3	7	6	0	0	0	0	383
Timwi	336	17	3	6	0	0	0	0	0	0	362
Tinselfairy1	0	0	2	0	0	0	0	0	0	0	2
Tiptoety	5520	144	1083	939	232	3854	193	204	0	194	12363
Titoxd	2932	419	106	42	3	1558	366	0	0	5	5431
Tivedshambo	1745	22	27	2	2	550	9	9	0	16	2382
Tizio	1866	51	20	31	0	21	1	0	0	0	1990
Tkinias	3	0	0	0	0	0	0	0	0	0	3
Tnxman307	1883	14	36	0	1	1013	6	13	0	0	2966
Toby Bartels	20	144	1	3	0	0	1	0	0	0	169
Toddst1	4716	70	503	30	37	4759	205	63	0	8	10391
Tom	1372	30	33	11	5	82	1	0	0	0	1534
Tom harrison	3060	108	338	111	11	1747	102	0	0	0	5477
Tom-	37	3	8	3	0	4	0	0	0	0	55
TomStar81	212	4	44	6	3	37	2	0	0	0	308
TomTheHand	97	54	0	2	0	61	8	0	0	0	222
Tompagenet	5	0	0	0	0	0	0	0	0	0	5
Tone	15701	160	38	3	5	130	0	0	0	0	16037
Tony Fox	1054	7	55	2	3	485	10	5	0	0	1621
Tony Sidaway	1039	403	359	596	0	357	124	0	0	0	2878
Tonywalton	2888	9	33	3	6	309	23	12	0	2	3285
Toon05	670	30	33	4	4	120	5	15	0	2	883
Topbanana	229	3	0	0	0	1	0	0	0	0	233
Tra	115	11	37	5	0	5	0	0	0	0	173
TravisTX	889	14	64	3	11	225	42	35	0	5	1288
Trebor	294	3	75	26	0	83	7	0	0	0	488
Tregoweth	4330	57	140	18	0	890	40	0	0	0	5475
Trevor MacInnis	1761	142	127	5	18	436	11	2	0	0	2502
Trevor Parscal	1	0	0	0	0	0	0	0	0	0	1
Trialsanderrors	652	288	52	60	0	20	2	0	0	0	1074
Triddle	5	0	3	2	0	4	0	0	0	0	14
Trilobite	514	1	3	3	0	63	6	0	0	0	590
Tristanb	5	7	0	0	0	0	0	0	0	0	12
Troy 07	0	0	1	0	0	0	0	0	0	0	1
Trusilver	754	11	52	1	4	1092	32	3	0	1	1950
Trödel	171	22	6	2	0	53	12	0	0	0	266
Turnstep	786	8	2	0	0	1	0	0	0	0	797
TwinsMetsFan	296	16	0	1	0	13	0	0	0	0	326
Typesships	0	0	1	0	0	0	0	0	0	0	1
Tyrenius	2440	58	49	11	2	242	31	0	0	6	2839
Tznkai	209	4	73	7	16	114	14	4	0	1	442
UberScienceNerd	165	2	0	0	0	69	0	0	0	0	236
Ugen64	1036	27	33	6	1	174	22	0	0	0	1299
UkPaolo	1439	57	15	5	0	131	3	0	0	0	1650
Ultraexactzz	2369	60	52	4	4	386	52	0	0	2	2929
Uncle G	1792	178	25	0	2	132	1	0	0	0	2130
UninvitedCompany	1091	26	51	27	0	117	29	0	6	38	1385
Urhixidur	180	21	2	0	0	8	0	0	0	0	211
Useight	1192	17	32	3	4	330	6	0	0	6	1590
User2004	117	2	16	6	0	124	27	0	0	0	292
Utcursch	6531	154	75	4	9	2167	18	1	0	0	8959
UtherSRG	5407	90	51	8	2	708	19	0	0	0	6285
Vague Rant	25	4	0	2	0	4	1	0	0	0	36
Valley2city	248	5	9	4	1	73	0	6	0	2	348
VampWillow	388	1	30	8	0	12	3	0	0	0	442
Vancouverguy	935	0	0	0	0	0	0	0	0	0	935
Vanished user	166	16	29	8	2	105	14	0	0	0	340
Vaoverland	43	2	0	0	0	17	0	0	0	0	62
Vary	641	55	33	4	2	196	9	1	0	0	941
Vassyana	587	14	24	4	2	91	29	0	0	0	751
VegaDark	10733	282	162	147	104	744	320	1	0	0	12493
Vegaswikian	8226	33	59	2	4	20	1	0	0	0	8345
Veinor	2134	18	33	4	1	339	24	0	0	0	2553
Verrai	748	5	14	6	0	69	2	1	0	0	845
Versageek	2877	24	97	1	14	378	11	10	0	2	3414
Viajero	52	4	10	9	0	15	4	0	0	0	94
Vianello	614	6	14	1	2	46	2	3	0	0	688
Vicky Lee	0	0	1	0	0	0	0	0	0	0	1
Victuallers	59	4	179	2	8	4	0	0	0	0	256
Violetriga	1640	119	79	33	0	131	43	0	0	0	2045
Viridae	916	77	81	34	23	509	78	6	0	17	1741
VirtualSteve	1604	34	278	21	29	1219	31	11	0	6	3233
Vishal	1	0	5	3	0	0	0	0	0	0	9
Visorstuff	6	1	4	1	0	0	0	0	0	0	12
Visviva	51	0	3	1	0	3	1	0	0	0	59
Voice of All	5631	82	487	2115	6	1046	107	0	0	6	9480
Vsmith	1220	3	95	9	13	4199	24	7	0	0	5570
Vulcan Hephaestus	0	0	4	0	0	0	0	0	0	0	4
WAvegetarian	270	20	8	3	0	69	6	0	0	0	376
WJBscribe	9240	210	393	495	40	2620	162	0	2503	144	15807
WODUP	2280	35	85	3	10	659	57	5	0	10	3144
Wadester16	111	0	0	0	0	3	1	0	0	0	115
Wafulz	5359	94	151	11	9	1295	44	0	0	0	6963
Waggers	871	2	46	1	2	1087	8	0	0	0	2017
Walter	0	0	0	0	0	1	0	0	0	0	1
Walton One	842	19	3	3	0	25	2	0	0	0	894
Waltpohl	29	0	2	0	0	0	0	0	0	0	31
Wangi	819	44	23	20	2	377	22	0	0	0	1307
Wapcaplet	2	0	0	0	0	0	0	0	0	0	2
Warofdreams	989	24	5	1	1	27	1	0	257	118	1423
Wassupwestcoast	219	22	14	5	2	14	2	0	0	0	278
Water Bottle	282	22	2	0	0	30	3	0	0	0	339
Wayward	1420	1	2	2	0	695	30	0	0	0	2150
Wee Jas	0	0	1	0	0	0	0	0	0	0	1
Wehwalt	337	3	16	7	11	48	4	4	0	3	433
Werdna	358	9	35	1	3	74	24	0	0	5	509
Werdna648	0	0	1	0	0	0	0	0	0	0	1
WereSpielChequers	2007	6	8	0	0	36	0	1	0	0	2058
Wernher	49	0	0	0	0	1	0	0	0	0	50
Wesley	0	1	0	0	0	2	0	0	0	0	3
Wgfinley	159	4	9	1	0	19	10	0	0	0	202
Where	412	4	0	0	0	81	11	0	0	0	508
WhisperToMe	323	159	50	6	2	28	4	0	0	0	572
Who	1298	5	15	9	0	456	98	0	0	0	1881
Whouk	511	6	1	1	0	13	0	0	0	0	532
Wickethewok	2732	44	18	0	0	61	2	0	0	0	2857
Wiglaf	48	3	4	1	0	26	6	0	0	0	88
Wiki alf	1876	18	59	27	0	1501	32	2	0	0	3515
WikiLeon	523	18	110	20	2	536	61	10	0	5	1285
Wikiacc	779	31	7	5	0	31	8	0	0	0	861
Wikibofh	246	7	42	48	0	784	37	0	0	0	1164
Wile E. Heresiarch	618	1	1	0	0	25	0	0	0	0	645
Wilfried Derksen	75	7	13	5	0	2	0	0	0	0	102
Will Beback	760	102	381	117	24	1448	104	6	0	2	2944
William M. Connolley	502	18	143	26	21	1791	202	16	0	0	2719
William Pietri	450	4	1	0	0	10	0	0	0	0	465
WilliamH	242	4	23	2	0	108	1	3	0	16	399
WilyD	1568	51	25	2	8	175	15	1	0	1	1846
Wimt	621	30	59	8	2	917	21	0	0	12	1670
Winhunter	7229	71	287	50	4	1343	252	0	0	2	9238
Wissel Wall	0	0	1	0	0	0	0	0	0	0	1
Wizardman	12500	101	499	14	20	284	11	3	0	6	13438
Wknight94	15163	315	693	180	77	7427	183	7	0	5	24050
Wneedham02	0	0	1	0	0	0	0	0	0	0	1
Woggly	167	7	12	0	0	75	14	0	0	0	275
Woody	4158	49	151	10	19	164	32	3	0	4	4590
Woohookitty	7504	148	500	474	5	1255	170	0	0	2	10058
Woooooooooop	0	0	1	0	0	0	0	0	0	0	1
Worldtraveller	215	0	4	4	0	19	2	0	0	0	244
Wouterstomp	18	0	0	0	0	0	0	0	0	0	18
Wpedzich	4	0	0	0	0	0	0	0	0	0	4
Wrp103	1	0	0	0	0	111	0	0	0	0	112
Wwoods	123	13	81	4	9	53	0	0	0	0	283
Wwwwolf	2582	24	36	5	0	5	1	0	0	0	2653
X!	1552	36	40	15	8	149	31	6	0	16	1853
XDanielx	65	4	0	0	0	0	0	0	0	0	69
XJamRastafire	7	0	5	3	0	0	0	0	0	0	15
Xaosflux	7807	306	612	287	251	852	83	31	0	12	10241
Xavexgoem	343	19	44	8	7	105	8	2	0	2	538
Xdamr	409	7	2	0	0	2	0	0	0	0	420
Xeno	6738	449	238	174	384	856	188	41	0	37	9105
Xezbeth	7237	78	53	10	0	377	6	0	0	0	7761
Xiner	210	4	10	1	0	72	4	0	0	0	301
Xnuala	62	0	0	0	0	3	1	0	0	0	66
Xoloz	7424	810	211	56	1	70	6	0	0	0	8578
Xy7	2053	45	149	42	7	2329	203	0	0	0	4828
Xymmax	560	34	87	9	17	63	2	3	0	3	778
Y	2281	46	50	10	5	90	5	0	0	0	2487
Y0u	345	0	0	0	0	13	2	0	0	0	360
Yamamoto Ichiro	1120	19	216	21	17	1561	35	8	0	67	3064
Yamla	3561	27	1223	59	15	4159	980	0	0	0	10024
Yandman	302	2	16	1	2	134	8	0	0	0	465
Yanksox	2711	57	113	30	0	228	20	0	0	0	3159
Yann	2	0	0	0	0	0	0	0	0	0	2
Yannismarou	293	2	14	5	0	42	1	0	0	1	358
YellowMonkey	8761	215	539	93	45	1874	158	10	0	5	11700
Yelyos	43	0	1	1	0	8	1	0	0	0	54
Yet Another Redirect Cleanup Bot	164	0	0	0	0	0	0	0	0	0	164
Ynhockey	130	3	5	1	0	4	0	0	0	0	143
Yomangani	1125	9	36	8	0	31	2	0	0	0	1211
Yonatan	255	54	10	9	6	85	9	0	0	2	430
Youngamerican	1159	45	54	23	2	33	2	0	0	0	1318
Zanimum	1370	59	56	17	0	119	12	0	0	0	1633
Zedla	812	6	32	2	2	121	9	0	0	0	984
Zemaiteska	0	0	1	0	0	0	0	0	0	0	1
Zero0000	93	1	9	3	0	27	2	0	0	0	135
ZimZalaBim	2572	19	57	8	0	138	2	0	0	0	2796
Zippy	13	8	5	2	4	35	6	0	0	0	73
Zocky	258	17	21	8	0	21	8	0	0	0	333
Zoe	5859	83	244	12	0	1240	99	0	0	0	7537
Zoicon5	33	0	0	0	0	0	0	0	0	0	33
Zoney	20	11	3	2	0	1	1	0	0	0	38
Zscout370	10328	243	305	59	21	588	92	0	0	2	11638
Zsinj	2375	11	38	2	0	440	39	0	0	0	2905
Zzuuzz	4864	173	942	1174	527	7505	525	154	0	13	15877
Zzyzx11	9056	300	1199	562	12	369	53	5	0	2	11558
^demon	28485	181	40	7	3	74	11	1	0	1	28803
Ævar Arnfjörð Bjarmason	213	3	1	0	0	7	2	0	0	0	226
Ø	0	0	2	0	0	0	0	0	0	0	2
èªç±åå¤	0	0	1	0	0	0	0	0	0	0	1
ï¾	0	0	2	0	0	0	0	0	0	0	2
Totals	5696894	105216	172790	38857	14728	844403	75602	9222	11955	6411	6976078
