User	DL	UD	RD	ES	PT	UP	PM	BL	UB	BM	UR	RM	Total
(aeropagitica)	11928	38	0	0	50	2	0	1733	42	0	0	0	13793
172	16	0	0	0	23	7	0	52	40	0	0	0	138
17Drew	317	1	0	0	2	0	0	37	1	0	0	0	358
23skidoo	537	8	0	0	32	6	0	131	13	0	0	0	727
2over0	271	22	0	0	37	2	20	50	5	0	0	1	408
52 Pickup	104	3	0	0	6	1	0	73	6	0	0	0	193
@pple	527	51	0	0	4	1	0	66	9	0	0	0	658
A Man In Black	3052	63	0	0	164	24	1	179	34	0	0	0	3517
A Train	237	6	0	0	19	4	0	51	2	2	0	0	321
A. B.	121	587	0	0	100	2	4	238	32	6	0	0	1090
AA	540	5	0	0	2	2	1	11	2	0	0	0	563
ABCD	3138	29	0	0	432	27	0	62	41	0	0	2	3731
AGK	1728	121	0	0	244	61	57	579	83	3	0	63	2939
AKeen	10	6	0	0	10	0	2	0	0	0	0	0	28
AZT2008	0	0	0	0	1	0	0	0	0	0	0	0	1
Aarktica	207	2	0	0	1	0	0	2	1	0	0	0	213
Aaron Brenneman	1030	25	0	0	41	81	1	136	13	0	0	0	1327
Abecedare	220	8	0	0	53	1	10	143	7	10	0	2	454
Academic Challenger	19770	38	0	0	183	34	0	2666	21	5	0	0	22717
Acalamari	5881	69	0	0	2876	72	191	1287	112	14	0	874	11376
Accounting4Taste	25156	56	0	0	367	12	2	85	0	2	0	4	25684
Acetic Acid	65	3	0	0	7	2	0	66	9	0	0	0	152
Acropolis now	0	0	0	0	3	0	0	0	0	0	0	0	3
Acroterion	27641	78	0	0	533	18	22	2130	44	70	0	12	30548
Adam Bishop	3644	17	0	0	45	13	2	121	22	0	0	1	3865
Adambiswanger1	75	0	0	0	15	4	0	48	1	0	0	0	143
Adambro	1845	17	0	0	40	1	5	169	6	4	0	4	2091
Adashiel	362	51	0	0	51	33	1	369	29	0	0	0	896
Addshore	575	7	0	0	4	1	2	189	8	4	0	5	795
AdjustShift	164	0	0	0	17	1	1	551	2	29	0	2	767
Admiral Norton	380	6	0	0	6	0	0	6	0	0	0	2	400
Admrboltz	2754	4	0	0	27	15	0	101	11	0	0	2	2914
Aecis	3805	39	0	0	91	5	0	163	3	0	0	0	4106
Aervanath	1892	303	0	0	43	5	6	51	10	2	0	0	2312
After Midnight	32024	190	0	0	32	6	0	59	6	0	0	0	32317
Agathoclea	1133	52	0	0	51	5	4	169	16	1	0	1	1432
Ahoerstemeier	13553	107	0	0	43	5	1	2006	11	2	0	0	15728
Ais523	299	16	0	0	16	3	0	8	6	0	0	0	348
Aitias	3438	68	0	0	224	18	298	1224	78	51	0	74	5473
Akhilleus	858	4	0	0	44	3	4	427	30	1	0	0	1371
Akradecki	5185	53	0	0	168	3	3	304	22	31	0	0	5769
Aksi great	1926	12	0	0	26	8	1	591	30	0	0	0	2594
Al Ameer son	28	3	0	0	7	2	3	6	1	0	0	1	51
Alai	1393	17	0	0	10	3	0	42	3	0	0	0	1468
AlainV	1	0	0	0	0	0	0	0	0	0	0	0	1
Alasdair	547	3	0	0	11	1	0	226	11	1	0	0	800
Aldux	111	1	0	0	170	36	0	201	18	0	0	0	537
Ale jrb	1290	9	0	0	3	1	0	271	1	1	0	3	1579
Alex Bakharev	1735	153	0	0	496	46	50	1790	183	5	0	0	4458
Alex S	34	4	0	0	0	0	0	0	0	0	0	0	38
Alex Shih	311	3	0	0	12	5	0	41	0	0	0	0	372
Alex.muller	549	24	0	0	22	1	1	306	15	0	0	11	929
Alex756	2	0	0	0	0	0	0	0	0	0	0	0	2
Alexf	17982	106	0	0	323	10	68	4905	39	8	0	0	23441
AlexiusHoratius	42	0	0	0	258	6	73	394	0	6	0	0	779
Alhutch	621	3	0	0	15	6	0	175	9	0	0	0	829
Alison	2496	140	176	126	1177	199	174	5092	352	52	0	72	10056
AlisonW	488	11	0	0	56	5	2	126	10	0	0	0	698
AlistairMcMillan	215	18	0	0	16	1	0	62	3	0	0	0	315
AliveFreeHappy	192	1	0	0	2	0	0	2	0	0	0	0	197
Alkivar	2396	136	0	0	252	27	9	470	41	0	0	0	3331
Allen3	11111	55	0	0	223	52	13	134	5	0	0	1	11594
AllyUnion	1913	26	0	0	98	11	0	38	11	0	0	0	2097
Alphachimp	6552	108	0	0	292	146	1	3926	118	2	0	0	11145
Altenmann	5149	265	0	0	281	65	20	1277	99	5	0	0	7161
Alteripse	2	0	0	0	2	1	0	14	1	0	0	0	20
Alvestrand	458	29	0	0	8	4	0	56	4	2	0	0	561
Amalas	1220	2	0	0	4	52	0	0	0	0	0	0	1278
Amalthea	2600	70	0	0	57	12	5	91	14	15	0	14	2878
Amberrock	545	7	0	0	19	3	0	115	9	0	0	0	698
Amcaja	54	3	0	0	0	1	0	58	2	0	0	0	118
Ameliorate!	390	6	0	0	46	3	2	127	8	1	0	2	585
AmiDaniel	2801	138	0	0	165	44	2	749	126	1	0	1	4027
Amire80	294	41	0	0	5	2	1	31	4	1	0	1	380
Amophar	0	0	0	0	1	0	0	0	0	0	0	0	1
Amorymeltzer	2243	15	0	0	10	5	4	81	1	4	0	10	2373
Ams80	12	0	0	0	0	0	0	0	0	0	0	0	12
Anas Salloum	665	5	0	0	1	0	0	351	2	0	0	0	1024
Ancheta Wis	15	2	0	0	1	0	0	5	0	0	0	0	23
AndonicO	374	28	0	0	291	30	45	1347	51	0	0	0	2166
Andre Engels	2	0	0	0	0	0	0	1	0	0	0	0	3
Andres	3	4	0	0	1	0	0	0	0	0	0	0	8
Andrevan	706	90	0	0	21	11	0	87	28	1	1207	64	2215
Andrew Levine	718	15	0	0	19	2	0	34	6	0	0	0	794
Andrew Norman	48	1	0	0	27	2	0	75	7	0	0	0	160
Andrew Yong	24	7	0	0	0	0	0	0	0	0	0	0	31
Andrew c	1409	56	0	0	33	2	1	120	8	1	0	0	1630
Andrewa	85	6	0	0	0	0	0	0	0	0	0	0	91
Andris	17	0	0	0	0	0	0	0	0	0	0	0	17
Android79	3349	27	0	0	56	13	0	260	29	0	0	0	3734
Andrwsc	7790	100	0	0	66	54	9	119	1	0	0	0	8139
AndyZ	911	12	0	0	0	0	0	113	4	0	0	0	1040
AnemoneProjectors	1126	91	0	0	135	53	7	195	1	11	0	0	1619
Anetode	9278	339	0	0	256	13	8	1259	61	0	0	8	11222
AngelOfSadness	1037	2	0	0	44	2	5	134	14	1	0	0	1239
Angela	2316	43	0	0	5	2	0	59	30	0	157	7	2619
Angelo.romano	1028	118	0	0	126	17	9	81	2	2	0	0	1383
Angr	34405	210	0	0	209	52	27	788	29	3	0	0	35723
Angusmclellan	18129	202	0	0	13	2	1	67	8	1	0	17	18440
AniMate	209	5	0	0	16	2	1	90	6	5	0	1	335
Animum	1925	276	0	0	225	29	54	1711	319	4	0	28	4571
AnonEMouse	146	25	0	0	30	4	2	122	9	0	0	0	338
Anonymous Dissident	1431	24	0	0	380	33	56	499	14	3	632	59	3131
Anonymous editor	481	1	0	0	57	16	0	431	32	0	0	0	1018
Antandrus	7454	27	0	0	427	57	36	5461	354	54	0	2	13872
Anthere	38	1	0	0	4	4	0	4	2	0	0	2	55
Anthony Appleyard	25994	3817	0	0	66	8	15	1	0	0	0	0	29901
Anthony.bradbury	14402	71	0	0	65	2	4	1647	37	28	0	2	16258
AntiAbuseBot	50	0	0	0	0	0	46	1039	2	20	0	0	1157
AntonioMartin	9	5	0	0	6	3	0	5	18	0	0	0	46
Apokryltaros	0	0	0	0	1	0	0	0	0	0	0	0	1
Appraiser	323	6	0	0	5	0	0	1	0	0	0	0	335
Aqwis	216	28	0	0	75	6	28	54	2	0	0	6	415
Aranel	1087	18	0	0	13	0	0	24	3	0	0	0	1145
Arbitrarily0	938	37	0	0	7	0	2	0	0	0	0	88	1072
Arcadian	221	23	0	0	31	1	0	74	4	0	0	0	354
Archtransit	5	2	0	0	13	2	1	17	15	0	0	0	55
Arctic.gnome	206	5	0	0	18	2	1	25	1	0	0	1	259
Aris Katsaris	6	0	0	0	1	0	0	0	0	0	0	0	7
Arjun01	557	6	0	0	117	23	0	402	14	1	0	0	1120
Arminius	130	1	0	0	7	3	0	14	2	0	0	0	157
ArnoldReinhold	221	2	0	0	6	2	2	5	1	1	0	0	240
Art LaPella	71	2	0	0	0	0	0	0	0	0	0	0	73
Arthur Rubin	468	46	0	0	44	10	5	362	48	11	0	2	996
Aruk Besadii Aora	0	0	0	0	2	0	0	0	0	0	0	0	2
Arvindn	13	0	0	0	1	1	0	0	0	0	0	0	15
Arwel Parry	148	8	0	0	39	8	0	665	39	1	0	0	908
Asbestos	72	2	0	0	0	0	0	25	3	0	0	0	102
Asterion	95	7	0	0	69	8	3	121	15	0	0	0	318
AstroNomer	0	0	0	0	0	0	0	1	0	0	0	0	1
Atama	437	6	0	0	5	2	0	34	3	3	0	0	490
Athaenara	27200	142	0	0	15	2	1	28	6	0	0	0	27394
Atlant	92	1	0	0	11	0	0	573	20	2	0	0	699
AuburnPilot	2964	223	0	0	508	68	52	1127	139	25	0	19	5125
Audacity	22	2	0	0	2	1	0	1	1	0	0	0	29
Aude	1173	39	0	0	47	11	5	516	17	0	0	2	1810
Ausir	24	2	0	0	0	0	0	1	0	0	0	0	27
Avraham	1417	148	53	205	186	40	18	1099	122	69	413	98	3868
Awiseman	19	2	0	0	15	0	0	9	0	0	0	0	45
Awolf002	13	0	0	0	0	0	0	2	0	0	0	0	15
AxelBoldt	42	6	0	0	8	1	0	0	0	0	0	0	57
AzaToth	1681	124	0	0	118	39	30	160	23	1	0	8	2184
B	14218	200	0	0	299	28	30	810	100	6	0	11	15702
BD2412	3697	1957	0	0	48	14	1	217	24	2	0	0	5960
BOZ	16	119	0	0	34	3	7	1	0	0	0	0	180
Babajobu	297	2	0	0	1	1	0	19	3	0	0	0	323
Baboon Faceless	0	0	0	0	2	0	0	0	0	0	0	0	2
Backslash Forwardslash	4355	92	0	0	89	4	12	403	6	61	0	7	5029
Balloonman	272	13	0	0	14	2	1	50	8	4	0	2	366
Banes	62	7	0	0	2	0	0	158	2	0	0	0	231
Banno	10	5	0	0	9	2	0	50	2	0	0	0	78
BanyanTree	2043	65	0	0	203	245	4	409	11	0	0	0	2980
Barneca	1231	47	0	0	110	11	14	1013	46	19	0	1	2492
Barneca sock 1	0	0	0	0	1	0	0	0	0	0	0	0	1
BaronLarf	208	24	0	0	22	1	1	183	1	1	0	0	441
Bastique	358	92	6	1	48	8	5	121	51	0	8	51	749
Bazonka	0	0	0	0	1	0	0	0	0	0	0	0	1
Bbatsell	391	9	0	0	18	2	0	350	18	0	0	0	788
Bcorr	131	7	0	0	9	1	0	67	10	0	2	1	228
Bdesham	26	0	0	0	3	0	0	0	0	0	0	0	29
Bduke	261	18	0	0	24	7	3	25	0	0	0	0	338
Bearcat	4331	233	0	0	115	9	6	78	8	2	0	0	4782
Bearian	1264	20	0	0	251	4	3	690	34	2	0	1	2269
Bedford	9	3	0	0	50	0	4	5	2	0	0	0	73
Beeblebrox	2465	6	0	0	437	11	59	770	73	97	0	4	3922
Beetstra	743	66	0	0	100	19	13	432	31	9	0	1	1414
Bel123456	0	0	0	0	1	0	0	0	0	0	0	0	1
Beland	196	1	0	0	14	12	1	11	0	0	0	0	235
Bellhalla	22	2	0	0	0	0	0	0	0	0	0	0	24
Ben MacDui	408	4	0	0	2	0	0	11	1	0	0	0	426
Bencherlite	4209	115	0	0	186	5	14	563	8	11	0	12	5123
Berig	28	0	0	0	2	0	2	10	0	0	0	1	43
Betacommand	7463	46	0	0	76	379	0	3297	120	0	0	0	11381
Bettia	447	9	0	0	14	1	0	6	1	1	0	0	479
Bhadani	1301	7	0	0	95	19	1	478	10	0	0	0	1911
Bibliomaniac15	4043	26	0	0	226	32	21	1411	23	5	862	57	6706
BigHaz	3152	2	0	0	8	6	0	33	2	0	0	0	3203
BigrTex	960	10	0	0	2	0	0	1	0	0	0	0	973
Bigtimepeace	467	8	0	0	2	1	1	76	4	2	0	1	562
Bill	0	0	0	0	1	0	0	0	0	0	0	0	1
Billinghurst	1097	5	0	0	2	0	0	4	1	3	0	1	1113
BillyH	48	2	0	0	0	1	0	1	0	0	0	0	52
BirgitteSB	173	7	0	0	0	0	0	1	1	0	0	1	183
Bishonen	578	76	0	0	199	47	8	574	209	1	0	0	1692
Bishzilla	53	11	0	0	16	2	2	24	6	0	0	5	119
Bjarki S	91	0	0	0	2	1	0	41	4	0	0	0	139
Bjelleklang	642	7	0	0	4	0	3	12	2	0	0	0	670
Bkell	1244	13	0	0	0	0	0	1	0	0	0	0	1258
Bkonrad	734	104	0	0	3	0	0	145	2	0	0	0	988
Black Falcon	4622	72	0	0	3	1	0	29	1	0	0	0	4728
Black Kite	5268	147	0	0	412	50	54	1326	104	30	0	15	7406
Blankfaze	386	1	0	0	3	2	0	7	1	0	0	0	400
Blood Red Sandman	678	6	0	0	5	0	0	278	12	6	0	1	986
Blubberboy92	0	0	0	0	1	0	0	0	0	0	0	0	1
Blueboy96	1483	24	0	0	230	5	33	2949	129	149	0	0	5002
Bluemoose	10610	47	0	0	27	10	0	93	18	0	0	0	10805
Bmicomp	404	2	0	0	6	4	0	38	11	0	0	0	465
Bob the Wikipedian	1	0	0	0	0	0	0	0	0	0	0	0	1
Bobak	230	12	0	0	160	6	9	753	11	11	0	0	1192
Bobet	4965	181	0	0	56	18	1	224	10	0	0	0	5455
Bobo192	4959	3	0	0	2	3	0	2	0	0	0	0	4969
Bogdangiusca	3164	66	0	0	28	10	1	107	13	0	0	0	3389
Bongwarrior	9252	61	0	0	464	9	114	3939	35	117	0	2	13993
Bonkers Bobcat	0	0	0	0	1	0	0	0	0	0	0	0	1
Bookofjude	650	27	0	0	29	5	0	85	9	0	0	0	805
Bopped Kia	0	0	0	0	1	0	0	0	0	0	0	0	1
BorgHunter	598	25	0	0	54	19	1	117	28	0	0	0	842
BorgQueen	4078	46	0	0	1227	128	49	3564	168	22	0	0	9282
Borisblue	248	1	0	0	14	39	0	92	8	0	0	0	402
Bovlb	23	2	0	0	14	1	0	28	2	0	0	0	70
BozMo	290	6	0	0	17	3	1	145	15	0	0	0	477
BradBeattie	294	0	0	0	6	0	0	118	3	0	0	0	421
BradPatrick	17	0	0	0	4	0	0	5	0	0	0	0	26
Bradeos Graphon	4877	19	0	0	65	19	3	1211	79	0	0	0	6273
Brandon	3875	77	0	0	109	39	26	725	35	38	0	17	4941
Bratsche	568	16	0	0	18	46	0	145	19	0	0	0	812
Brendanconway	955	23	0	0	26	8	0	87	14	0	0	0	1113
BrendelSignature	3	0	0	0	74	5	4	105	8	0	0	0	199
Brian	6	2	0	0	3	0	1	2	1	0	0	0	15
Brian Kendig	28	3	0	0	5	6	0	2	0	0	0	0	44
Brian0918	931	79	0	0	258	47	4	2144	109	1	0	0	3573
Brianga	2305	9	0	0	1	1	1	459	7	5	0	0	2788
Briangotts	138	7	0	0	1	0	0	7	0	0	0	0	153
Brighterorange	181	12	0	0	1	0	0	21	1	0	0	0	216
Brion VIBBER	192	9	0	0	12	0	1	27	11	0	0	4	256
Brockert	189	51	0	0	3	3	0	31	30	0	0	0	307
BrokenSegue	1363	11	0	0	62	67	0	153	40	0	0	0	1696
Brookie	3998	53	0	0	212	3	0	229	4	0	0	0	4499
BrownHairedGirl	1202	119	0	0	146	6	9	130	16	2	0	0	1630
Bryan Derksen	828	324	0	0	5	7	0	10	0	0	0	2	1176
Bubba hotep	2638	69	0	0	38	3	2	779	12	18	0	4	3563
Buchanan-Hermit	514	18	0	0	28	6	0	452	20	0	0	0	1038
Bucketsofg	646	22	0	0	66	6	0	224	8	0	0	0	972
Buckshot06	326	4	0	0	5	0	1	10	0	1	0	0	347
Bumm13	843	39	0	0	6	1	0	32	4	2	0	5	932
Bunchofgrapes	738	10	0	0	62	44	0	203	37	0	0	0	1094
Burgundavia	1105	0	0	0	4	0	0	1	0	0	0	0	1110
Burstorder	0	0	0	0	2	0	0	0	0	0	0	0	2
Butseriouslyfolks	5143	83	0	0	36	3	1	137	15	0	0	0	5418
Bwilkins	1510	6	0	0	29	0	3	26	27	12	0	2	1615
C-3PO	0	0	0	0	3	0	0	0	0	0	0	0	3
C.Fred	8765	76	0	0	227	6	6	1647	34	21	0	0	10782
C12H22O11	1351	5	0	0	49	8	0	47	7	0	0	0	1467
CALR	29	0	0	0	0	0	0	1	0	0	0	0	30
CAT:TEMP deletion bot	2120	0	0	0	0	0	0	0	0	0	0	0	2120
CBDunkerson	3497	64	0	0	683	49	0	30	22	0	0	1	4346
CBM	4363	143	0	0	241	96	22	64	26	2	0	3	4960
CIreland	1398	33	0	0	181	13	25	386	18	12	0	1	2067
CJ	1927	79	0	0	112	22	3	277	18	0	0	1	2439
CJCurrie	401	19	0	0	126	8	2	127	13	0	0	0	696
CJLL Wright	1863	30	0	0	59	3	7	249	4	0	0	0	2215
CLW	13900	54	0	0	3	0	0	26	0	0	0	0	13983
CMBJ	0	0	0	0	1	0	0	0	0	0	0	0	1
COGDEN	59	16	0	0	2	0	0	4	0	1	0	0	82
CRGreathouse	10	0	0	0	0	0	0	1	1	1	0	0	13
CSTAR	58	5	0	0	6	3	0	93	3	0	0	0	168
CYD	1	0	0	0	1	0	0	0	0	0	0	0	2
Cactus.man	592	17	0	0	61	34	0	178	10	0	0	0	892
CactusWriter	1120	105	0	0	17	2	0	44	4	5	0	4	1301
Cacycle	181	11	0	0	26	2	1	13	1	0	0	1	236
Cailil	119	3	0	0	33	0	2	60	12	0	0	0	229
Caknuck	2037	8	0	0	203	33	33	748	11	9	0	0	3082
Calliopejen1	2831	82	0	0	11	2	0	6	0	0	0	0	2932
Calmer Waters	62	1	0	0	20	0	0	6	0	0	0	1	90
Caltrop	58	22	0	0	0	0	0	6	3	0	0	0	89
Camaron	801	320	0	0	333	55	86	316	32	29	0	21	1993
CambridgeBayWeather	14926	266	0	0	221	18	142	1019	23	8	0	0	16623
Camembert	12	2	0	0	0	1	0	0	0	0	0	0	15
Camw	427	14	0	0	5	0	0	174	0	8	0	0	628
Can't sleep, clown will eat me	9514	230	0	0	3000	125	133	32088	586	0	0	0	45676
Canadian Paul	1035	33	0	0	17	5	1	23	3	0	0	0	1117
Canadian-Bacon	426	2	0	0	16	3	0	232	5	0	0	0	684
CanadianCaesar	3505	62	0	0	53	14	0	1084	85	0	0	0	4803
Canderson7	1183	11	0	0	18	13	1	220	2	0	0	0	1448
Canley	887	11	0	0	1	1	0	4	0	0	0	0	904
Canterbury Tail	1579	7	0	0	84	8	10	410	23	12	0	0	2133
Cantthinkofagoodname	2	0	0	0	0	0	0	2	0	0	0	0	4
CapitalR	356	2	0	0	4	6	0	49	1	1	0	1	420
Capitalistroadster	620	1	0	0	3	0	0	23	3	0	0	0	650
Carabinieri	422	7	0	0	4	3	0	3	2	0	0	0	441
Carbonite	188	3	0	0	28	10	0	226	22	0	0	0	477
Carcharoth	36	75	0	0	2	1	0	1	2	0	0	0	117
Caribbean H.Q.	366	14	0	0	72	10	8	255	20	0	0	0	745
Carioca	2610	11	0	0	6	1	1	9	0	0	0	0	2638
Carlosguitar	2924	20	0	0	30	1	3	166	11	0	0	0	3155
Carlossuarez46	10576	129	0	0	27	2	0	66	6	1	0	0	10807
Carnildo	2388	98	0	0	93	17	2	60	21	0	0	3	2682
Cary Bass	2	2	14	17	5	1	1	1	2	0	2	0	47
Casliber	103	88	7	0	156	7	28	111	6	0	0	2	508
Catbar	28	0	0	0	2	1	0	11	0	0	0	0	42
CatherineMunro	69	13	0	0	0	0	0	3	3	0	0	0	88
CattleGirl	908	12	0	0	19	3	1	42	7	0	0	0	992
Caulde	2522	84	0	0	423	28	54	892	36	0	0	78	4117
Causa sui	1691	40	0	0	88	53	20	255	17	3	0	1	2168
Cbl62	16	1	0	0	6	0	0	0	0	0	0	0	23
Cbrown1023	3423	77	0	0	404	72	7	206	32	0	0	8	4229
Cburnett	48	18	0	0	6	2	0	14	5	0	0	0	93
Cdc	2188	10	0	0	10	9	0	21	2	0	0	0	2240
Cecropia	39	3	0	0	36	5	0	6	6	0	215	334	644
Cedrus-Libani	101	4	0	0	1	0	0	0	0	0	0	0	106
Celestianpower	735	9	0	0	19	3	0	170	70	0	0	0	1006
Cenarium	1750	77	0	0	361	140	178	132	4	6	0	27	2675
Centrx	17224	404	0	0	1005	947	13	1334	212	0	0	0	21139
CesarB	3606	141	0	0	123	49	0	942	212	0	0	0	5073
Ceyockey	1779	48	0	0	4	0	0	15	2	0	0	0	1848
Chadloder	0	0	0	0	0	0	0	6	0	0	0	0	6
Chairboy	5161	13	0	0	69	8	0	188	14	0	0	0	5453
Chamal N	126	4	0	0	60	4	16	69	2	1	0	5	287
Chancemill	0	0	0	0	1	1	0	2	0	0	0	0	4
Charles Matthews	1944	36	0	0	5	1	0	130	20	0	0	0	2136
Chase me ladies, I'm the Cavalry	2672	51	0	0	446	26	50	872	33	16	0	1	4167
Chaser	2026	97	0	0	309	45	37	855	113	7	0	10	3499
Ched Davis	118	9	0	0	4	0	0	11	4	0	0	4	150
Chell and the cake	0	0	0	0	2	0	0	0	0	0	0	0	2
Chessnotator1967	0	0	0	0	1	0	0	0	0	0	0	0	1
Chick Bowen	4707	210	0	0	78	14	5	138	30	0	0	1	5183
Chillum	1494	27	0	0	60	12	7	737	52	76	0	10	2475
Chmod007	13	2	0	0	2	0	0	1	1	0	0	0	19
Chochopk	27	37	0	0	1	0	0	2	1	0	0	0	68
Choess	10	7	0	0	0	0	0	0	0	0	0	0	17
Cholmes75	4601	10	0	0	26	0	0	112	3	0	0	0	4752
Chris 73	1933	15	0	0	62	8	1	713	30	3	0	0	2765
Chris G	6908	172	0	0	250	15	38	2931	70	229	0	11	10624
Chris Roy	3	0	0	0	0	0	0	1	0	0	0	0	4
ChrisGriswold	1126	16	0	0	51	8	0	210	21	0	0	0	1432
ChrisO	2405	22	0	0	337	63	35	757	39	3	0	1	3662
ChrisTheDude	693	18	0	0	6	1	0	16	2	0	0	0	736
Chrislk02	4105	61	0	0	134	21	8	1632	91	12	0	5	6069
Christopher Mahan	38	5	0	0	0	0	0	0	0	0	0	0	43
Christopher Parham	695	10	0	0	4	2	0	24	1	0	0	0	736
Christopher Sundita	62	39	0	0	8	4	0	17	2	0	0	0	132
Chuck SMITH	0	1	0	0	0	0	0	0	0	0	0	0	1
Chunky Rice	342	1	0	0	4	3	0	31	2	0	0	0	383
Chuq	216	19	0	0	13	2	1	93	6	0	0	0	350
CieloEstrellado	0	0	0	0	1	0	0	0	0	0	0	0	1
Cimon Avaro	220	10	0	0	2	5	1	4	0	0	6	3	251
Circeus	1737	8	0	0	50	27	0	155	13	0	0	0	1990
Cirt	11593	100	0	0	643	20	123	4501	35	21	0	2	17038
Citicat	719	19	0	0	24	1	0	35	4	0	0	0	802
Ck lostsword	308	4	0	0	13	1	5	308	16	0	0	0	655
Ckatz	1382	60	0	0	195	6	43	860	18	21	0	1	2586
Clarkk	23	0	0	0	0	1	0	0	0	0	0	0	24
Cleared as filed	1346	19	0	0	0	0	0	53	2	0	0	0	1420
Climie.ca	0	0	0	0	2	1	0	13	1	1	0	1	19
ClockworkLunch	20	4	0	0	11	1	0	4	0	0	0	0	40
ClockworkSoul	759	46	0	0	39	7	4	217	19	4	0	0	1095
Closedmouth	20826	148	0	0	82	2	11	1363	37	67	0	39	22575
CloudNine	422	15	0	0	24	1	2	32	2	0	0	0	498
ClueBot	0	0	0	0	1	0	0	0	0	0	0	0	1
Cnwb	661	11	0	0	0	0	0	23	2	0	0	0	697
Cobaltbluetony	6646	91	0	0	428	24	8	405	20	5	0	0	7627
Cobi	51	0	0	0	1	0	0	3	1	0	0	1	57
Coelacan	1194	30	0	0	85	10	1	845	53	0	0	0	2218
Coffee	1336	180	0	0	173	10	69	378	15	85	0	8	2254
Coffeedrinker87	0	0	0	0	1	0	0	0	0	0	0	0	1
Cohesion	6798	46	0	0	2	18	1	3	0	0	0	0	6868
Colds7ream	136	6	0	0	1	1	0	2	0	0	0	2	148
Commander Keane	4777	227	0	0	40	22	0	149	29	0	0	1	5245
Conscious	13449	65	0	0	2	2	0	56	0	0	0	0	13574
Consumed Crustacean	732	22	0	0	42	3	1	354	36	1	0	0	1191
Conti	463	45	0	0	12	38	3	73	3	0	0	1	638
Cool Hand Luke	938	573	0	0	61	12	20	74	16	0	0	0	1694
Cool3	35	0	0	0	3	2	0	22	1	2	0	3	68
Coralmizu	168	2	0	0	23	1	2	47	2	1	0	0	246
Coredesat	11148	136	0	0	235	25	11	494	60	0	0	0	12109
Coren	859	23	41	1	55	7	6	189	35	3	0	1	1220
Cowman109	433	36	0	0	101	43	4	360	44	0	0	0	1021
Craigy144	3099	11	0	0	8	3	1	38	0	0	0	1	3161
Crazycomputers	443	8	0	0	54	15	6	716	40	2	0	3	1287
Crazytales	158	15	0	0	19	1	2	117	18	0	0	0	330
Cremepuff222	176	6	0	0	3	2	1	98	5	0	0	0	291
Croat Canuck	83	3	0	0	1	1	0	5	1	0	0	0	94
Crum375	183	18	0	0	92	6	18	241	12	1	0	0	571
Cryptic	9383	238	0	0	136	15	1	322	21	0	0	0	10116
CryptoDerk	1091	1	0	0	67	9	0	1014	45	0	0	0	2227
Crzrussian	5139	133	0	0	156	28	0	150	13	0	0	0	5619
Cuchullain	369	73	0	0	13	0	3	40	0	0	0	0	498
Curps	5148	166	0	0	461	101	0	26558	1065	0	0	0	33499
Cutler	69	0	0	0	0	0	0	7	0	0	0	0	76
CyborgTosser	2	0	0	0	0	0	0	0	0	0	0	0	2
Cyde	19096	107	0	0	258	32	2	830	168	0	0	0	20493
Cydebot	16308	0	0	0	0	0	0	0	0	0	0	0	16308
Cyp	3	0	0	0	0	0	0	0	0	0	0	0	3
Cyrius	1626	101	0	0	27	13	0	70	8	0	0	0	1845
D. Recorder	172	18	0	0	2	0	0	34	2	0	0	0	228
DDima	527	9	0	0	1	0	0	1	0	0	0	0	538
DESiegel	1435	179	0	0	11	2	0	42	30	0	0	0	1699
DGG	9768	225	0	0	240	7	12	118	10	6	0	1	10387
DJ Clayworth	6554	33	0	0	39	11	0	357	18	5	0	0	7017
DMacks	5662	55	0	0	329	13	56	954	11	92	0	1	7173
DO11.10	417	28	0	0	2	0	0	5	1	0	0	2	455
DVD R W	6129	53	0	0	54	17	7	962	21	0	0	3	7246
DaGizza	1080	1	0	0	8	4	1	54	3	0	0	0	1151
Dale Arnett	69	1	0	0	2	0	0	4	0	0	0	0	76
Dan100	294	16	0	0	18	12	0	186	44	0	0	0	570
DanKeshet	104	1	0	0	6	0	0	2	0	0	0	0	113
DanMS	65	0	0	0	2	1	0	0	0	0	0	0	68
Danaman5	284	4	0	0	6	0	0	4	4	0	0	1	303
Daniel	4953	266	0	0	632	41	66	567	76	4	0	13	6618
Daniel Case	2428	34	22	169	308	16	8	5203	177	37	0	11	8413
Daniel J. Leivick	766	7	0	0	19	1	0	85	5	2	0	0	885
Daniel Olsen	711	1	0	0	10	0	0	84	2	0	0	0	808
Daniel Quinlan	54	3	0	0	0	2	0	2	0	0	0	0	61
DanielCD	243	1	0	0	15	11	0	37	2	0	0	0	309
Dank	11628	94	0	0	139	7	1	3082	13	18	0	1	14983
Danny	1072	126	0	0	26	9	0	105	29	0	4	7	1378
Dannyisme	5	0	0	0	4	0	0	2	2	0	0	0	13
Dante Alighieri	683	18	0	0	20	17	3	180	29	0	0	0	950
DarkFalls	2689	143	0	0	303	37	79	792	47	9	0	7	4106
Darkoneko	3	0	3	0	0	0	0	1	0	0	1	0	8
Darthgriz98	250	4	0	0	5	0	0	115	2	0	0	0	376
Darwinek	2287	14	0	0	76	6	1	195	6	0	0	0	2585
Dave souza	79	3	0	0	14	2	0	563	20	5	0	0	686
Davemeistermoab	5	0	0	0	1	0	1	3	1	0	0	1	12
Davewild	3080	40	0	0	3	3	0	387	1	0	0	0	3514
Daveydweeb	134	1	0	0	2	0	0	4	1	0	0	0	142
David D.	26	4	0	0	12	1	5	11	2	1	0	0	62
David Eppstein	2333	36	0	0	38	7	1	53	3	2	0	0	2473
David Fuchs	1017	34	0	0	74	6	13	92	8	0	0	0	1244
David Gerard	527	43	1	0	71	7	1	1478	358	0	0	2	2488
David Kernow	635	5	0	0	45	0	0	0	0	0	0	0	685
David Levy	966	128	0	0	241	58	3	146	10	3	0	7	1562
David Newton	54	3	0	0	4	0	0	12	12	0	0	0	85
David.Monniaux	523	60	0	0	100	13	0	222	30	3	0	0	951
DavidLevinson	35	52	0	0	9	0	0	9	0	0	0	0	105
DavidWBrooks	1204	1	0	0	13	2	1	95	0	0	0	0	1316
Davidcannon	155	57	0	0	30	4	0	137	26	1	0	0	410
Davidgothberg	110	61	0	0	214	8	49	28	7	2	0	3	482
Davidruben	35	0	0	0	7	1	1	80	2	0	0	0	126
Davodd	191	29	0	0	3	3	1	25	1	0	0	0	253
Dbachmann	435	30	0	0	143	41	21	207	20	1	0	0	898
Dbenbenn	6085	109	0	0	260	583	0	26	7	0	0	0	7070
Dcoetzee	341	46	0	0	10	4	0	51	11	0	0	1	464
Ddstretch	13	0	0	0	20	5	6	207	20	6	0	0	277
Deacon of Pndapetzim	624	23	0	0	31	3	3	172	13	13	0	34	916
DeadEyeArrow	934	14	0	0	26	5	0	199	6	0	0	0	1184
Deathphoenix	1168	49	0	0	17	5	0	420	80	0	0	0	1739
Deb	13482	57	0	0	26	2	0	321	4	1	0	0	13893
Deckiller	1228	35	0	0	80	14	2	300	46	0	0	0	1705
Decltype	1426	50	0	0	9	0	2	129	5	9	0	17	1647
Decumanus	42	0	0	0	3	0	0	12	0	0	0	0	57
Deiz	955	16	0	0	163	8	3	392	20	0	0	0	1557
Dekimasu	1154	63	0	0	16	1	0	20	6	7	0	1	1268
Delirium	3470	23	0	0	20	11	0	306	18	0	0	0	3848
Delldot	1885	26	0	0	16	6	1	608	9	0	0	0	2551
Deltabeignet	836	1	0	0	5	6	0	130	2	0	0	0	980
Demi	151	32	0	0	2	1	0	51	17	0	0	0	254
Denelson83	1137	18	0	0	58	12	11	39	6	0	0	0	1281
Denni	2324	30	0	0	23	3	0	5	0	0	0	0	2385
Department of Redundancy Department	82	2	0	0	9	0	4	71	1	13	0	0	182
DerHexer	134628	44	0	0	93	3	9	5847	39	4	0	21	140688
Derek Ross	523	11	0	0	15	4	3	2	0	0	0	0	558
Deryck Chan	1	1	0	0	0	2	0	1	0	0	0	0	5
Deskana	1384	86	70	0	217	77	19	1005	111	37	335	183	3524
Deville	1015	6	0	0	16	1	0	193	4	3	0	0	1238
Dfrg.msc	35	1	0	0	0	0	0	7	0	0	0	0	43
Dgies	575	29	0	0	27	4	3	223	18	0	0	2	881
Dgrant	0	0	0	0	1	0	0	0	0	0	0	0	1
Diberri	128	3	0	0	3	1	0	5	0	0	0	0	140
Dieter Simon	3	0	0	0	36	0	2	0	0	0	0	0	41
Dijxtra	135	6	0	0	13	6	0	36	4	0	0	0	200
Dina	3371	18	0	0	49	1	0	273	5	0	0	0	3717
Dino	24	0	0	0	0	0	0	0	0	0	0	0	24
Dinoguy1000	103	5	0	0	41	1	3	7	0	0	0	1	161
Discospinster	16719	378	0	0	140	8	12	1133	6	6	0	0	18402
Djsasso	1057	198	0	0	47	7	5	358	10	1	0	8	1691
Dlohcierekim	5436	117	0	0	155	8	12	428	36	10	0	1	6203
Dmn	35	1	0	0	10	4	0	12	15	0	0	0	77
Doc glasgow	4087	123	0	0	370	42	11	1060	83	0	0	42	5818
Docu	1173	61	0	0	123	2	7	11	5	0	0	2	1384
Doczilla	73	5	0	0	9	6	0	90	8	0	0	0	191
Dominic	13280	63	47	202	81	186	2	3364	637	29	0	35	17926
DonCalo	0	0	0	0	1	0	0	0	0	0	0	0	1
Donald Albury	1157	3	0	0	7	2	2	118	4	0	0	0	1293
DoomsDay349	222	4	0	0	2	0	0	0	0	0	0	0	228
Dori	11	0	0	0	0	0	0	2	2	0	0	0	15
Doug	421	50	0	0	20	135	8	24	3	11	0	6	678
Doug Bell	2427	36	0	0	29	12	0	25	3	0	0	0	2532
Dougweller	326	7	0	0	211	16	38	1064	17	34	0	1	1714
Dpbsmith	133	4	0	0	3	2	0	17	0	0	0	0	159
Dppowell	4	0	0	0	6	1	0	112	6	0	0	0	129
DrBob	17	1	0	0	0	0	0	7	0	0	0	0	25
DrKiernan	1368	30	0	0	47	5	6	152	10	0	0	0	1618
DragonflySixtyseven	27755	354	0	0	356	37	11	4454	186	189	0	186	33528
Dragons flight	614	65	0	0	115	35	2	117	28	0	0	1	977
Dravecky	788	8	0	0	98	5	1	0	0	0	0	0	900
Dreadstar	989	78	0	0	256	12	14	1892	96	3	0	0	3340
Drilnoth	15939	57	0	0	53	2	13	0	0	0	0	6	16070
Drini	9600	93	0	0	179	38	1	4462	234	1	0	8	14616
DropDeadGorgias	340	3	0	0	24	1	0	90	5	0	0	0	463
Dsmdgold	819	11	0	0	3	0	0	3	0	0	0	0	836
Duja	875	136	0	0	20	9	2	72	9	0	0	0	1123
Duk	3834	30	0	0	61	15	2	129	25	0	0	1	4097
Dumelow	15	2	0	0	15	0	0	0	0	0	0	0	32
Duncharris	986	57	0	0	47	10	0	92	20	0	0	0	1212
Durin	2448	7	0	0	28	13	0	168	15	0	0	0	2679
Durova	24	1	0	0	211	37	11	388	66	0	0	0	738
Dustimagic	216	2	0	0	4	2	0	50	8	1	0	0	283
Dvyost	56	0	0	0	0	0	0	11	1	0	0	0	68
Dweller	1688	31	2	0	113	2	4	304	10	0	320	10	2484
Dysprosia	154	6	0	0	3	1	0	97	11	0	0	0	272
ERcheck	2944	9	0	0	66	10	0	1002	29	1	0	0	4061
ESkog	11187	76	0	0	125	22	4	898	108	2	0	0	12422
EVula	2363	95	4	24	154	20	13	919	28	1	462	41	4124
EWS23	643	3	0	0	7	2	0	136	11	0	0	0	802
Earl Andrew	111	36	0	0	28	6	0	72	12	0	0	0	265
Earle Martin	282	11	0	0	9	2	1	33	2	0	0	0	340
East718	226045	1912	0	0	5615	1632	290	3531	1007	16	0	32	240080
Ed Poor	73	13	0	0	35	32	0	71	28	0	10	16	278
Ed g2s	3050	69	0	0	30	27	2	50	5	0	0	0	3233
EdJohnston	905	28	0	0	539	28	59	809	50	20	0	4	2442
Edcolins	32	5	0	0	2	2	0	2	0	0	0	0	43
Edgar181	40306	247	0	0	509	19	19	15572	180	174	0	21	57047
Edison	827	22	0	0	4	1	1	184	3	1	0	0	1043
Edokter	1368	36	0	0	33	14	22	46	5	1	0	1	1526
Edward	372	0	0	0	1	0	0	21	3	0	0	0	397
Edward Z. Yang	12	0	0	0	3	0	0	8	1	0	0	0	24
EdwinHJ	566	4	0	0	14	4	1	23	7	0	0	0	619
Efe	1613	5	0	0	11	1	3	164	0	2	0	1	1800
Egil	61	0	0	0	1	0	0	214	3	0	0	0	279
Either way	5470	37	0	0	161	10	9	879	43	9	0	7	6625
El C	1717	52	0	0	637	58	24	2996	116	0	0	3	5603
Eleassar	149	32	0	0	6	0	0	3	0	0	0	0	190
Electionworld	1285	33	0	0	1	0	0	0	0	0	0	0	1319
Elf	138	14	0	0	0	0	0	0	0	0	0	0	152
Elf-friend	465	1	0	0	17	0	0	15	0	0	0	0	498
ElinorD	7274	69	0	0	60	1	5	254	15	0	0	0	7678
Eliz81	960	48	0	0	93	0	19	229	4	0	0	1	1354
Elkman	5946	12	0	0	45	5	4	404	29	0	0	0	6445
Ellsworth	18	0	0	0	0	0	0	1	0	0	0	0	19
Elonka	1305	21	0	0	47	13	2	533	26	8	0	0	1955
Eloquence	126	5	0	0	8	5	0	29	10	0	0	1	184
Eluchil404	960	74	0	0	6	1	1	11	0	0	0	0	1053
Emperor	49	35	0	0	1	0	0	1	1	0	0	0	87
EncMstr	607	56	0	0	244	115	33	1077	22	21	0	1	2176
Encephalon	92	22	0	0	27	6	0	28	36	0	0	0	211
Enchanter	14	0	0	0	1	3	0	2	0	0	0	0	20
EncycloPetey	126	16	0	0	69	0	3	30	2	0	0	0	246
Enigmaman	872	12	0	0	431	7	111	1027	14	216	0	2	2692
Enochlau	17605	26	0	0	72	20	1	56	4	0	0	0	17784
Epbr123	2628	8	0	0	9	0	1	635	7	3	0	1	3292
Erdem Tüzün	0	0	0	0	2	0	0	0	0	0	0	0	2
Ericorbit	186	6	0	0	200	5	9	316	0	4	0	0	726
Esanchez7587	2490	3	0	0	70	4	7	258	1	2	0	0	2835
Espresso Addict	284	8	0	0	5	1	0	2	0	0	0	0	300
Esprit15d	389	9	0	0	9	2	0	1	0	0	0	0	410
Essexmutant	19	0	0	0	1	0	0	7	1	0	0	0	28
Essjay	1806	171	0	0	218	23	0	1236	248	0	715	102	4519
Esteffect	788	24	0	0	16	6	0	95	21	0	0	0	950
Eugene van der Pijll	970	54	0	0	9	3	0	8	1	0	0	0	1045
EurekaLott	750	68	0	0	18	1	0	36	0	0	0	0	873
Euryalus	1032	8	0	0	53	1	10	351	8	16	0	3	1482
Ev	145	14	0	0	6	0	0	2	0	0	0	0	167
EvanProdromou	0	0	0	0	0	0	0	1	0	0	0	0	1
Eventtable	0	0	0	0	1	0	0	0	0	0	0	0	1
Evercat	345	6	0	0	32	25	1	259	35	0	0	0	703
Everyking	1295	4	0	0	7	12	0	28	12	0	0	0	1358
Evil Monkey	1894	13	0	0	28	12	0	284	23	0	0	0	2254
Evil saltine	1276	40	0	0	23	9	1	564	23	16	0	3	1955
Evilphoenix	835	60	0	0	79	5	0	143	16	0	0	0	1138
Explicit	5610	16	0	0	116	4	23	87	1	5	0	0	5862
Exploding Boy	1419	6	0	0	7	3	1	403	21	7	0	0	1867
Extraordinary Machine	342	142	0	0	14	5	0	178	28	0	0	0	709
Extreme Unction	543	22	0	0	26	2	0	26	4	0	0	0	623
Eye of the Mind	16	2	0	0	9	2	1	9	0	0	0	0	39
EyeSerene	240	17	0	0	72	2	17	471	27	16	0	0	862
Eyrian	633	23	0	0	33	3	0	40	1	0	0	0	733
Ezeu	897	30	0	0	37	35	3	123	9	0	0	0	1134
Ezhiki	1132	290	0	0	42	14	6	67	23	0	0	2	1576
FCYTravis	3479	174	0	0	158	46	19	192	31	0	0	0	4099
FT2	407	31	37	14	73	6	5	226	37	13	0	17	866
Fabrictramp	4603	118	0	0	216	5	22	116	3	4	0	0	5087
Faithlessthewonderboy	3326	69	0	0	201	1	1	457	3	5	0	1	4064
Falco McCloud	0	0	0	0	1	0	0	0	0	0	0	0	1
Fang Aili	29077	83	0	0	118	52	0	253	12	0	0	0	29595
Fantasy	18	4	0	0	4	2	1	1	0	0	0	0	30
Fastfission	194	11	0	0	9	6	2	160	20	0	0	0	402
Fastily	19384	246	0	0	106	3	20	820	11	31	0	36	20657
Father Goose	0	0	0	0	0	0	1	0	1	0	0	1	3
Fawcett5	813	8	0	0	3	2	0	58	0	0	0	0	884
FayssalF	409	8	0	0	309	52	13	1308	85	0	0	0	2184
Feco	3	0	0	0	0	0	0	0	0	0	0	0	3
FeloniousMonk	17	13	0	0	29	4	0	143	20	0	0	0	226
Femto	370	4	0	0	30	7	0	288	9	0	0	0	708
Fences and windows	276	10	0	0	13	0	3	35	1	3	0	0	341
Fennec	18	3	0	0	5	3	0	30	3	0	0	0	62
Ferkelparade	589	3	0	0	2	1	0	37	0	0	0	0	632
Feydey	6961	40	0	0	70	18	10	168	3	2	0	0	7272
Filelakeshoe	228	7	0	0	8	1	3	75	4	1	0	8	335
Filiocht	851	2	0	0	3	5	0	36	0	0	0	0	897
Finlay McWalter	352	3	0	0	20	6	2	431	19	0	0	0	833
Fir0002	21	0	0	0	0	0	0	1	0	0	0	0	22
Firsfron	1562	10	0	0	158	6	7	291	31	0	0	1	2066
Fish and karate	9155	209	0	0	372	21	20	634	375	1	0	11	10798
FisherQueen	7271	19	0	0	312	7	12	1638	47	133	0	0	9439
Fishhead64	24	1	0	0	0	0	0	27	0	0	0	0	52
Fl	522	7	0	0	2149	3	21	129	2	4	0	16	2853
Flcelloguy	855	42	0	0	775	720	0	268	40	0	0	0	2700
FloNight	478	5	13	17	59	6	3	152	18	0	0	0	751
Flockmeal	146	1	0	0	1	0	0	14	0	0	0	0	162
Floquenbeam	76	0	0	0	18	2	6	127	1	14	0	2	246
Flowerparty	1957	59	0	0	19	3	0	29	0	0	0	0	2067
Flucky	0	0	0	0	1	0	0	0	0	0	0	0	1
Flyguy649	1547	27	0	0	231	9	32	935	37	13	0	1	2832
FlyingToaster	59	1	0	0	0	1	0	1	0	2	0	2	66
Formeruser-81	44	0	0	0	21	3	0	25	20	0	0	0	113
Formeruser-82	199	24	0	0	45	24	0	121	25	0	0	0	438
Fox	1058	42	0	0	47	6	11	153	16	5	0	8	1346
Fram	8956	159	0	0	198	6	34	409	8	6	0	0	9776
Fran Rogers	14882	118	0	0	327	26	46	3913	822	2370	0	7	22511
Franamax	8	4	0	0	2	0	0	18	3	2	0	1	38
FrancisTyers	172	5	0	0	20	7	0	67	15	0	0	0	286
Francs2000	10097	74	0	0	122	17	0	574	21	0	0	12	10917
Frank	4612	47	0	0	50	2	5	214	10	4	0	6	4950
Frazzydee	363	13	0	0	64	32	0	12	13	0	0	0	497
Freakofnurture	9841	927	0	0	551	96	5	10422	1134	0	0	0	22976
Fred Bauder	182	47	267	7	114	32	1	331	230	56	0	43	1310
Fred J	1431	16	0	0	12	7	0	36	1	0	0	0	1503
Fredrik	209	3	0	0	1	0	0	40	1	0	0	0	254
Freestylefrappe	14	0	0	0	4	1	0	48	1	0	0	0	68
FreplySpang	6790	37	0	0	35	5	0	776	47	0	0	0	7690
Fribbler	509	4	0	0	10	0	3	3	2	1	0	2	534
Friday	9774	96	0	0	55	22	3	403	40	0	0	12	10405
Fritzpoll	1121	28	1	0	44	3	7	69	11	5	0	32	1321
Fropuff	28	1	0	0	2	0	0	2	0	0	0	0	33
Fuhghettaboutit	6754	153	0	0	195	10	0	327	9	14	0	4	7466
Func	9	0	0	0	14	1	0	1215	124	0	0	0	1363
Furrykef	110	11	0	0	0	1	0	1	0	0	0	0	123
Future Perfect at Sunrise	3839	172	0	0	482	50	41	1845	299	30	0	10	6768
Fuzheado	886	21	0	0	62	13	3	574	42	0	0	0	1601
Fvasconcellos	1680	121	0	0	223	19	49	166	7	2	0	3	2270
Fvw	2867	41	0	0	28	17	0	2226	3509	31	0	0	8719
Fys	802	7	0	0	29	13	0	168	40	0	0	0	1059
G-Man	112	33	0	0	10	5	0	12	1	0	0	0	173
G.A.S	56	4	0	0	1	0	0	0	0	0	0	0	61
GDonato	3023	33	0	0	298	19	13	428	38	1	0	11	3864
GRBerry	1667	195	0	0	53	20	1	113	10	0	0	0	2059
GTBacchus	4144	316	0	0	19	13	0	177	14	0	0	0	4683
Gabbe	636	0	0	0	1	1	2	21	3	0	0	0	664
Gadfium	2093	33	0	0	66	13	5	2728	183	5	0	10	5136
Gadget850	451	31	0	0	5	1	0	0	0	0	0	0	488
Gaillimh	27	13	0	0	13	2	0	35	7	0	0	0	97
Gaius Cornelius	9	0	0	0	1	0	0	68	3	0	0	0	81
Galwhaa	235	6	0	0	2	0	0	11	3	0	0	0	257
Gamaliel	1559	111	0	0	188	73	11	1104	168	8	0	0	3222
Ganeshk	845	133	0	0	11	7	0	20	10	0	0	0	1026
Garion96	13286	335	0	0	67	11	7	218	9	2	0	7	13942
Garzo	351	4	0	0	40	5	2	444	8	0	0	0	854
Gatoclass	126	2	0	0	48	28	1	1	0	0	0	0	206
Gator1	172	15	0	0	55	3	0	183	26	0	0	0	454
Gazimoff	327	3	0	0	5	2	1	73	2	1	0	2	416
Gdr	337	10	0	0	47	45	0	5	0	0	0	0	444
Ged UK	3570	39	0	0	557	10	77	421	1	23	0	2	4700
GeeJo	709	8	0	0	63	33	0	4	0	0	0	0	817
GeneralPatton	25	0	0	0	3	3	0	13	3	0	0	0	47
Geni	10219	307	0	0	182	102	4	457	90	0	0	6	11367
Geniac	190	0	0	0	57	17	3	466	4	0	0	0	737
Gentgeen	99	6	0	0	2	0	1	35	4	0	0	0	147
Geogre	5178	12	0	0	21	2	0	221	16	1	0	0	5451
Geometry guy	255	25	0	0	2	1	3	3	0	2	0	3	294
Georgewilliamherbert	63	111	0	0	174	4	19	1127	105	14	0	1	1618
Gerald Farinas	65	0	0	0	3	4	1	4	1	0	0	0	78
Geschichte	6837	82	0	0	3	0	0	19	6	0	0	0	6947
Getluv	0	0	0	0	1	0	0	0	0	0	0	0	1
Gilliam	1029	4	0	0	130	24	17	7026	15	9	0	0	8254
Gimmetrow	945	70	0	0	230	3	85	496	29	15	0	10	1883
Ginkgo100	963	17	0	0	38	13	0	527	14	0	0	2	1574
Gladys j cortez	5	0	0	0	24	2	2	86	4	7	0	0	130
GlassCobra	2513	67	0	0	77	8	9	1387	13	8	0	9	4091
Glen	1641	83	0	0	182	17	1	4516	198	0	0	0	6638
Gnangarra	1626	34	0	0	192	18	6	239	40	1	0	2	2158
Gnasher29	0	0	0	0	1	0	0	0	0	0	0	0	1
Goatasaur	16	2	0	0	1	1	0	2	0	0	0	0	22
Gogo Dodo	33150	110	0	0	820	7	115	4301	40	125	0	1	38669
Golbez	5721	85	0	0	224	81	20	1358	165	9	0	2	7665
Goldom	1938	7	0	0	8	0	0	50	4	0	0	0	2007
GoneAwayNowAndRetired	149	4	0	0	135	4	41	89	3	12	0	2	439
Gonzo fan2007	3778	80	0	0	405	38	66	240	21	0	0	9	4637
Good Olfactory	7836	410	0	0	56	16	3	78	7	5	0	0	8411
Goodnightmush	626	1	0	0	13	1	4	105	1	0	0	0	751
Goodoldpolonius2	1	0	0	0	4	2	0	27	0	0	0	0	34
Graeme Bartlett	5591	86	0	0	60	2	9	404	1	22	0	5	6180
GraemeL	971	6	0	0	59	28	2	1177	87	3	0	0	2333
Graft	3	1	0	0	1	1	2	0	0	0	0	0	8
Graham87	6041	10486	0	0	118	7	25	128	7	6	0	4	16822
GrahamColm	41	2	0	0	13	3	3	27	4	0	0	0	93
Grandmasterka	3058	35	0	0	118	12	2	528	30	1	0	3	3787
Grant65	6	5	0	0	2	1	0	3	0	0	0	0	17
Greeves	323	5	0	0	6	2	0	26	0	0	0	7	369
GregAsche	239	1	0	0	13	17	0	152	9	0	0	0	431
GregRobson	1	0	0	0	0	0	0	0	0	0	0	0	1
Grenavitar	864	32	0	0	3	2	0	41	7	0	0	1	950
Grendelkhan	38	2	0	0	0	0	0	4	0	0	0	0	44
Grm wnr	533	6	0	0	4	2	0	38	5	0	0	0	588
Grossmünster	0	0	0	0	1	0	0	0	0	0	0	0	1
Ground Zero	64	0	0	0	29	6	4	33	0	3	0	0	139
Grue	200	103	0	0	10	18	0	25	7	0	0	0	363
Grunt	86	5	0	0	4	2	0	10	2	0	0	0	109
Grutness	2479	103	0	0	91	10	3	24	16	0	0	0	2726
Gryffindor	111	8	0	0	5	0	0	1	1	0	0	0	126
Gtrmp	403	12	0	0	3	0	0	1	0	0	0	0	419
Guanaco	513	188	0	0	40	42	0	387	257	0	0	0	1427
Guettarda	206	74	0	0	44	27	7	70	18	0	0	0	446
Guillom	3	0	0	0	0	0	0	0	0	0	0	0	3
Gurch	36411	1467	0	0	76	22	0	695	17	0	0	0	38688
Gurubrahma	309	6	0	0	144	93	0	39	2	0	0	0	593
Gutza	12	1	0	0	2	1	2	5	3	0	0	0	26
Gwalla	929	10	0	0	2	1	0	75	8	0	0	0	1025
Gwen Gale	7212	242	0	0	529	40	40	1123	157	60	0	9	9412
Gwernol	3832	26	0	0	344	45	11	4359	157	0	0	0	8774
Gyrofrog	160	11	0	0	12	2	2	277	14	3	0	0	481
H	6668	26	0	0	96	39	0	1080	129	0	0	0	8038
Hadal	1484	0	0	0	6	7	0	316	3	0	0	0	1816
Haemo	2305	14	0	0	69	7	18	226	43	0	0	0	2682
Hajor	163	7	0	0	13	12	0	16	1	0	0	0	212
Hall Monitor	460	12	0	0	270	32	1	2964	235	0	0	0	3974
Hamster Sandwich	3	1	0	0	1	0	0	26	3	3	0	0	37
Happy-melon	2527	57	24	4	201	52	20	0	0	0	0	4	2889
HappyCamper	4332	105	0	0	121	87	0	586	458	0	0	0	5689
Happyme22	572	9	0	0	44	1	7	11	0	0	0	0	644
Harej	2793	76	0	0	145	46	8	38	21	2	0	9	3138
Harold Oxley	0	0	0	0	2	0	0	0	0	0	0	0	2
Harro5	4810	33	0	0	72	4	0	168	10	0	0	0	5097
Harryboyles	2379	2	0	0	10	1	0	4	1	0	0	0	2397
Hashar	19	0	0	0	0	0	0	0	0	0	0	0	19
Hatricide	0	0	0	0	1	0	0	0	0	0	0	0	1
Haukurth	1198	68	0	0	15	34	0	81	13	0	0	3	1412
Hawkeye7	1	0	0	0	0	0	0	0	0	0	0	0	1
Hawstom	3	0	0	0	5	1	0	6	1	0	0	0	16
Hbdragon88	673	7	0	0	7	1	2	1	0	0	0	0	691
Hcheney	20	0	0	0	0	0	0	15	0	0	0	0	35
Hdt83	25	1	0	0	9	2	0	76	2	0	0	1	116
Heah	782	14	0	0	17	6	0	92	9	0	0	0	920
Heimstern	448	19	0	0	99	8	7	931	38	7	0	0	1557
Hemanshu	447	5	0	0	0	0	0	5	0	0	0	0	457
Hemlock Martinis	817	44	0	0	28	2	5	84	8	0	0	0	988
Henrik	530	32	0	0	48	15	7	197	23	1	0	5	858
Henry Flower	125	3	0	0	18	10	0	213	8	0	0	0	377
Henrygb	1491	36	0	0	6	3	0	21	0	0	0	0	1557
Hephaestos	1	2	0	0	3	2	0	0	0	0	0	0	8
Herbythyme	3022	11	0	0	45	2	6	515	25	7	0	1	3634
HereToHelp	140	5	0	0	40	11	3	17	3	0	0	0	219
Hermione1980	501	4	0	0	4	3	1	11	2	0	0	0	526
Hernando Magallanes	0	0	0	0	4	0	0	0	0	0	0	0	4
Heron	24	2	0	0	0	0	0	54	4	0	0	0	84
Herostratus	5268	77	0	0	14	4	0	65	6	0	0	0	5434
Hersfold	3273	67	0	0	995	20	361	1222	218	145	0	47	6348
Hesperian	2286	201	0	0	96	16	4	357	55	1	0	0	3016
Hiberniantears	953	8	0	0	66	3	22	1021	24	8	0	2	2107
Hiding	1868	134	0	0	35	25	1	52	14	0	0	4	2133
Hit bull, win steak	182	8	0	0	2	0	0	32	0	1	0	0	225
Hmhur	0	0	0	0	1	0	0	0	0	0	0	0	1
Hmwith	5442	52	3	0	40	2	1	69	4	3	0	1	5617
Hoary	442	16	0	0	79	5	9	246	10	2	0	0	809
Horologium	519	4	0	0	122	4	31	78	2	6	0	1	767
HorsePunchKid	189	0	0	0	0	0	0	0	0	0	0	0	189
HowDumbAreYou	0	0	0	0	1	0	0	0	0	0	0	0	1
Howcheng	18992	179	3	1	68	101	2	75	11	0	0	1	19433
Hu12	1469	56	0	0	365	14	3	1064	37	1	0	2	3011
Humblefool	596	11	0	0	3	2	0	4	2	0	0	0	618
Humus sapiens	73	2	0	0	64	4	0	124	12	0	0	0	279
Huntster	502	34	0	0	35	4	2	28	0	0	0	0	605
Hurricanehink	214	2	0	0	0	0	0	7	0	0	0	0	223
Husnock	59	1	0	0	22	8	0	27	9	0	0	0	126
Husond	1241	11	0	0	422	39	22	1139	39	0	0	1	2914
Hut 8.5	5850	65	0	0	629	17	37	1190	17	4	0	19	7828
Hyacinth	717	14	0	0	0	1	0	6	1	0	0	0	739
IMatthew	0	0	0	0	1	0	0	0	0	0	0	0	1
Ian Dalziel	0	0	0	0	1	0	0	0	0	0	0	0	1
Ian13	1926	51	0	0	30	8	2	65	21	0	0	0	2103
IanManka	1212	236	0	0	73	11	7	225	26	2	0	0	1792
Ianblair23	132	39	0	0	1	2	0	0	0	0	0	0	174
Icairns	272	7	0	0	1	1	0	4092	69	2	0	0	4444
Ice Cold Beer	1457	11	0	0	10	3	2	320	11	6	0	0	1820
IceKarma	1743	8	0	0	2	2	0	0	1	0	0	0	1756
Icestorm815	1596	29	0	0	97	7	24	418	11	21	0	5	2208
Icewedge	711	5	0	0	5	0	1	164	1	5	0	3	895
Idont Havaname	159	5	0	0	3	2	0	48	0	0	0	0	217
Ihcoyc	283	5	0	0	23	0	0	1	0	0	0	0	312
Ike9898	303	3	0	0	5	1	1	30	3	0	0	0	346
Ikiroid	62	5	0	0	6	0	0	20	1	0	0	0	94
Ilmari Karonen	1081	641	0	0	32	2	1	210	32	0	0	1	2000
Ilyanep	153	2	0	0	6	2	0	32	7	0	15	18	235
Improv	1233	9	0	0	188	11	0	79	15	0	0	0	1535
Imran	1	0	0	0	0	0	0	1	0	0	0	0	2
InShaneee	3951	20	0	0	91	5	0	528	56	0	0	0	4651
Infrogmation	4682	81	0	0	136	8	4	6168	116	9	2	1	11207
Inter	649	4	0	0	6	1	0	181	10	0	0	0	851
Interiot	1319	23	0	0	14	8	0	11	1	0	0	0	1376
Ioeth	2830	54	0	0	135	30	15	1784	42	10	0	12	4912
Iridescent	3376	81	0	0	124	10	37	839	44	8	0	8	4527
Irina Spalko	0	0	0	0	1	0	0	0	0	0	0	0	1
Irishguy	11708	25	0	0	107	3	0	1413	14	0	0	0	13270
IronGargoyle	3594	247	0	0	60	21	6	132	2	0	0	0	4062
Ish ishwar	46	3	0	0	1	0	0	11	1	0	0	0	62
Islander	684	23	0	0	109	1	6	79	5	1	0	4	912
Isomorphic	213	0	0	0	1	0	0	14	1	0	0	0	229
Isotope23	2009	23	0	0	124	33	10	490	59	0	0	0	2748
It Is Me Here	227	3	0	0	13	2	0	9	3	1	0	3	261
Ixfd64	3604	98	0	0	74	317	6	1342	3741	11	0	4	9197
Izehar	148	3	0	0	18	21	0	89	20	0	0	0	299
J Di	1548	57	0	0	75	32	0	581	44	0	0	0	2337
J Greb	2657	107	0	0	129	2	17	40	2	1	0	0	2955
J Milburn	7997	170	0	0	52	7	22	85	0	0	0	10	8343
J-stan	178	7	0	0	7	3	4	76	6	0	0	24	305
J.J.	1	2	0	0	0	0	0	1	0	0	0	0	4
J.delanoy	8547	260	0	0	789	32	242	16446	246	844	0	86	27492
J.smith	1176	48	0	0	27	7	2	240	42	0	0	0	1542
J04n	8	3	0	0	0	0	0	2	0	0	0	0	13
JCarriker	122	29	0	0	9	4	0	61	13	0	0	0	238
JDoorjam	1760	44	0	0	100	18	3	121	21	0	0	0	2067
JForget	6851	99	0	0	470	506	185	1644	13	13	0	0	9781
JGHowes	290	17	0	0	32	0	3	90	1	5	0	0	438
JHunterJ	1123	103	0	0	11	2	3	13	2	0	0	0	1257
JIP	7509	70	0	0	25	4	1	150	3	0	0	0	7762
JLaTondre	14034	69	0	0	34	4	0	1293	15	0	0	0	15449
JPD	622	5	0	0	2	2	0	19	1	0	0	0	651
JPG-GR	6817	70	0	0	14	2	0	19	0	0	0	0	6922
JRM	174	9	0	0	11	17	0	15	28	0	0	0	254
JWSchmidt	43	2	0	0	13	5	0	58	1	0	0	1	123
JYolkowski	2375	20	0	0	11	27	0	139	9	1	0	0	2582
JaGa	0	0	0	0	1	0	0	0	0	0	0	0	1
Jac16888	17159	64	0	0	68	3	13	296	15	192	0	2	17812
Jacoplane	326	33	0	0	92	48	4	159	11	0	0	0	673
Jafeluv	1249	56	0	0	4	1	0	8	0	0	0	0	1318
Jake Nelson	21	1	0	0	0	0	0	1	0	0	0	0	23
Jake Wartenberg	1976	92	0	0	113	9	11	492	31	30	0	52	2806
James086	4107	26	0	0	17	1	2	343	12	0	0	1	4509
JamesR	1156	8	0	0	55	5	11	105	10	1	0	3	1354
JamesTeterenko	222	2	0	0	27	18	0	160	4	0	0	0	433
Jamesday	6	7	0	0	2	0	0	6	1	0	0	0	22
JamieS93	7902	67	0	0	136	14	36	112	1	7	0	35	8310
Jaranda	17921	149	0	0	323	98	2	1208	229	0	0	0	19930
Jarry1250	684	10	0	0	11	1	2	30	1	3	0	3	745
Jasonbres	0	0	0	0	1	0	0	0	0	0	0	0	1
Jauerback	1265	8	0	0	56	8	7	878	57	9	0	4	2292
Jaxl	1604	10	0	0	3	1	0	36	0	0	0	0	1654
Jay	18	8	0	0	0	0	0	0	0	0	0	0	26
Jayjg	1783	168	3	2	436	68	2	1993	230	1	0	0	4686
Jayron32	1533	26	0	0	313	9	38	1624	216	82	0	19	3860
Jbmurray	89	8	0	0	7	6	0	18	1	0	0	0	129
Jc37	1453	101	0	0	41	9	9	60	7	1	0	1	1682
Jclemens	15659	141	0	0	195	3	2	673	5	31	0	8	16717
Jcw69	67	1	0	0	0	0	0	108	3	0	0	0	179
Jdavidb	81	0	0	0	13	2	0	48	2	0	0	0	146
Jdforrester	390	53	2	1	23	7	0	48	12	0	0	0	536
JeLuF	146	3	0	0	2	0	0	2	1	0	0	4	158
Jedi6	14	0	0	0	2	3	0	10	1	0	0	0	30
Jeepday	525	9	0	0	16	1	0	573	8	5	0	0	1137
Jeffrey O. Gustafson	14386	197	0	0	469	28	37	727	107	0	0	1	15952
Jehochman	170	26	0	0	102	13	12	511	88	11	0	1	934
Jengod	126	0	0	0	7	0	0	0	0	0	0	0	133
Jennavecia	4317	517	0	0	284	29	58	438	49	1	0	13	5706
JeremyA	2102	16	0	0	37	16	0	275	14	1	0	0	2461
Jerry	3517	200	0	0	99	14	1	73	10	0	0	3	3917
Jersey Devil	559	10	0	0	28	6	2	194	18	0	0	0	817
Jersyko	578	1	0	0	52	10	5	116	6	0	0	0	768
Jerzy	303	163	0	0	4	0	0	111	5	3	0	0	589
Jesse Viviano	1727	71	0	0	11	5	2	370	63	9	0	0	2258
JesseW	29055	126	0	0	37	8	0	78	21	0	0	1	29326
Jfdwolff	444	41	0	0	106	16	8	268	19	0	0	1	903
Jiang	373	19	0	0	17	5	0	89	3	0	0	0	506
Jimbo Wales	300	16	0	0	43	13	3	79	41	0	0	9	504
Jimfbleak	31878	135	0	0	787	37	4	1459	234	1	0	0	34535
Jimregan	3	0	0	0	0	0	0	0	0	0	0	0	3
Jimtinman3909	0	0	0	0	1	0	0	0	0	0	0	0	1
Jingiby	0	0	0	0	1	0	0	0	0	0	0	0	1
Jinian	1846	5	0	0	9	3	0	0	0	0	0	0	1863
Jitse Niesen	627	24	0	0	14	9	2	35	4	0	0	0	715
Jj137	5102	59	0	0	286	30	49	876	20	0	0	33	6455
Jkelly	3628	61	0	0	35	17	0	188	12	0	0	0	3941
Jmabel	178	34	0	0	7	7	0	130	5	0	0	0	361
Jmlk17	11140	72	0	0	942	48	79	2032	52	0	0	0	14365
Jnc	1906	158	0	0	114	34	0	46	20	0	0	0	2278
Jni	19112	26	0	0	24	4	0	199	2	0	0	0	19367
Jnothman	62	1	0	0	1	0	0	1	1	0	0	0	66
JoJan	7494	39	0	0	118	2	6	1338	9	2	0	0	9008
JoanneB	1180	48	0	0	51	22	0	816	105	0	0	0	2222
JodyB	1880	38	0	0	23	4	4	311	22	0	0	0	2282
Joe Beaudoin Jr.	544	1	0	0	17	3	0	68	2	0	0	0	635
Joelr31	661	12	0	0	9	8	0	83	1	0	0	0	774
Jogers	91	0	0	0	0	0	0	0	0	0	0	0	91
Johan Elisson	352	14	0	0	11	4	0	42	5	0	0	0	428
Johann Wolfgang	58	2	0	0	2	1	0	58	1	0	0	0	122
John	2731	20	0	0	97	4	7	1276	25	2	0	1	4163
John Carter	332	3	0	0	22	2	2	43	4	18	0	3	429
John Kenney	190	33	0	0	4	3	0	8	4	0	0	0	242
John Reaves	11925	176	0	0	418	161	42	2262	228	1	0	49	15262
John Vandenberg	903	201	106	11	93	17	24	150	36	2	0	19	1562
JohnCD	6515	92	0	0	28	1	4	580	0	18	0	0	7238
JohnOwens	6	0	0	0	0	1	0	0	0	0	0	0	7
Johnleemk	1752	20	0	0	6	3	0	240	20	0	0	0	2041
Johntex	131	28	0	0	27	4	1	180	11	0	0	0	382
Joke137	15	0	0	0	1	1	0	29	3	0	0	0	49
Jon513	1326	20	0	0	3	0	0	43	1	0	0	2	1395
JonMoore	39	1	0	0	2	2	0	0	0	0	0	0	44
Jonathunder	141	13	0	0	8	1	0	66	3	0	0	0	232
Jondel	243	1	0	0	33	8	1	75	1	0	0	0	362
Jonny-mt	1027	40	0	0	67	5	10	217	15	0	0	8	1389
Joolz	244	3	0	0	0	1	0	0	1	0	0	0	249
Josephjames21	0	0	0	0	1	0	0	0	0	0	0	0	1
Josh Grosse	38	2	0	0	0	0	0	0	0	0	0	0	40
Joshbuddy	22	0	0	0	0	0	0	5	0	0	0	0	27
JoshuaZ	597	51	0	0	102	13	0	627	71	0	0	0	1461
Josiah Rowe	116	25	0	0	76	10	0	335	19	0	0	0	581
Jossi	760	34	0	0	356	95	28	2058	77	2	0	1	3411
Journalist	405	7	0	0	53	20	9	127	14	1	0	4	640
Joy	296	101	0	0	20	7	0	4	0	0	0	0	428
Joyous!	8435	13	0	0	133	50	0	453	18	0	0	0	9102
Jpgordon	995	22	1	0	203	17	10	3182	305	82	0	2	4819
Jrdioko	429	0	0	0	0	0	0	18	0	0	0	0	447
Jredmond	584	12	0	0	37	4	1	203	10	19	0	1	871
Jreferee	1375	49	0	0	144	6	27	36	4	0	0	0	1641
Jtdirl	112	30	0	0	118	44	0	432	29	0	0	0	765
Jtkiefer	870	100	0	0	53	15	0	403	85	0	0	0	1526
Judas Preist is effin awsome	0	0	0	0	2	0	0	0	0	0	0	0	2
Juliancolton	17206	298	0	0	634	36	220	2893	49	35	0	396	21767
Jusjih	1441	88	0	0	9	1	1	5	0	0	0	0	1545
Justinc	520	2	0	0	0	0	0	0	0	0	0	0	522
Jwrosenzweig	40	0	0	0	1	0	0	7	0	0	0	1	49
JzG	10196	258	0	0	645	36	20	1381	90	6	0	0	12632
Jza84	343	0	0	0	68	1	6	149	6	1	0	6	580
Jéské Couriano	602	121	0	0	928	175	210	1104	118	144	0	6	3408
K1Bond007	354	8	0	0	3	3	0	37	4	0	0	0	409
KF	511	16	0	0	2	0	0	1	0	0	0	0	530
KFP	754	119	0	0	243	4	1	67	10	0	0	0	1198
Kafziel	2000	33	0	0	218	24	25	1463	60	11	0	8	3842
Kaihsu	339	27	0	0	11	6	0	128	15	0	0	0	526
Kaiser matias	21	4	0	0	4	0	0	16	0	0	0	0	45
Kaisershatner	70	0	0	0	14	3	2	481	16	0	0	0	586
Kakofonous	66	3	0	0	5	1	0	4	1	0	0	1	81
Kaldari	271	28	0	0	69	19	12	74	11	3	0	0	487
Kane5187	241	6	0	0	1	0	0	1	0	0	0	0	249
Kanonkas	613	27	0	0	82	12	55	1275	66	503	0	19	2652
Karada	625	16	0	0	48	8	1	561	23	1	0	0	1283
Karanacs	699	12	0	0	13	0	2	14	0	2	0	5	747
Karl Dickman	2774	41	0	0	9	8	0	33	10	0	0	0	2875
Karmafist	165	35	0	0	15	5	0	160	21	0	0	0	401
Katefan0	841	20	0	0	212	128	0	351	52	0	0	0	1604
Kateshortforbob	503	3	0	0	10	2	0	36	3	1	0	2	560
Kathryn NicDhàna	59	0	0	0	11	1	0	7	1	0	0	0	79
Kbdank71	22396	57	0	0	43	2	0	357	13	7	0	1	22876
Kbh3rd	112	10	0	0	23	0	1	1159	47	12	0	0	1364
Kbthompson	145	26	0	0	25	1	1	134	2	0	0	3	337
Kcordina	1220	41	0	0	9	0	0	168	7	0	0	0	1445
Keegan	3831	140	49	154	102	20	14	264	36	6	0	18	4634
Keenan Pepper	297	1	0	0	3	0	0	11	0	0	0	0	312
Keeper76	3086	78	0	0	67	12	10	89	14	0	0	22	3378
Keilana	1635	51	0	0	72	12	9	615	19	0	0	11	2424
Keith D	1101	581	0	0	145	0	11	59	1	0	0	1	1899
Kelly Martin	736	56	0	0	27	11	0	413	60	0	0	0	1303
Kevin	3966	79	0	0	182	9	42	620	29	8	0	6	4941
Khaosworks	330	12	0	0	10	4	0	162	80	0	0	0	598
Khendon	3	0	0	0	1	2	0	0	0	0	0	0	6
Khoikhoi	1198	298	0	0	594	223	11	1760	144	3	0	1	4232
Khukri	1056	12	0	0	60	7	2	444	14	1	0	0	1596
Khym Chanur	0	0	0	0	6	0	0	0	0	0	0	0	6
Kicking222	529	1	0	0	0	0	0	0	0	0	0	0	530
KieferSkunk	757	11	0	0	3	0	3	15	3	0	0	0	792
KillerChihuahua	1237	37	0	0	109	12	11	405	30	8	0	0	1849
Killervogel5	13	0	0	0	6	0	3	12	0	0	0	0	34
Killiondude	2678	50	0	0	65	4	19	171	1	16	0	15	3019
Kilo-Lima	1207	2	0	0	36	9	0	668	69	0	0	0	1991
Kim Bruning	49	5	0	0	11	3	0	33	14	0	0	0	115
Kim Dent-Brown	284	1	0	0	17	2	0	3	1	0	0	0	308
Kimchi.sg	43507	717	0	0	541	118	21	2192	211	21	0	0	47328
KimvdLinde	893	55	0	0	66	23	1	47	7	1	0	0	1093
King of Hearts	5602	170	0	0	463	80	35	1748	551	14	0	14	8677
Kingboyk	3143	316	0	0	103	12	0	214	24	0	0	2	3814
Kingpin13	127	1	0	0	0	0	0	60	0	1	0	2	191
Kingturtle	745	26	0	0	174	14	28	338	10	7	1489	77	2908
Kinu	7600	43	0	0	469	20	9	812	62	15	0	0	9030
Kirill Lokshin	1848	50	0	0	22	2	5	161	15	0	0	1	2104
Kizor	60	253	0	0	9	8	2	25	3	0	0	0	360
Kjkolb	517	14	0	0	1	1	0	138	8	0	0	0	679
Kmccoy	201	5	0	0	23	3	4	44	9	5	0	4	298
KnightLago	1051	54	1	3	206	16	35	858	94	9	0	1	2328
Knowledge Seeker	115	32	0	0	19	19	0	110	75	0	0	0	370
KnowledgeOfSelf	1671	27	0	0	261	27	17	5512	114	0	0	0	7629
Konstable	1080	91	0	0	97	25	0	435	135	0	0	0	1863
Kosebamse	335	0	0	0	1	0	0	10	0	0	0	0	346
Kotra	25	1	0	0	2	1	0	2	0	0	0	0	31
Kpjas	121	0	0	0	2	0	0	1	0	0	0	0	124
KrakatoaKatie	3346	70	0	0	99	5	17	319	16	0	0	3	3875
Kralizec!	859	100	0	0	813	204	112	3686	43	40	0	14	5871
Ktsquare	11	0	0	0	0	0	0	0	1	0	0	0	12
Kubigula	8494	39	0	0	117	9	1	576	19	2	0	0	9257
Kukini	920	11	0	0	50	2	2	3481	4	2	0	0	4472
Kungfuadam	16119	264	0	0	186	39	0	2570	245	0	0	0	19423
Kurt Shaped Box	2102	18	0	0	135	6	33	1748	20	13	0	0	4075
Kuru	1997	5	0	0	275	10	7	4276	66	107	0	11	6754
Kurykh	6225	108	0	0	186	19	42	600	72	4	0	4	7260
Kusma	11430	101	0	0	173	36	10	955	31	6	0	8	12750
Kwamikagami	773	33	0	0	132	10	19	244	16	13	0	0	1240
Kwsn	1720	13	0	0	47	4	17	220	32	0	0	0	2053
Kyle Barbour	477	115	0	0	2	0	0	46	11	0	0	0	651
Kylu	1427	44	0	0	191	12	25	246	26	0	0	35	2006
Kyorosuke	1014	46	0	0	43	23	0	162	47	0	0	0	1335
Kzollman	125	34	0	0	1	0	0	2	1	0	0	0	163
L'Aquatique	667	10	0	0	21	3	13	46	8	0	0	3	771
LAX	220	3	0	0	3	4	1	95	1	0	0	4	331
LFaraone	289	7	0	0	12	2	2	8	0	0	0	2	322
La goutte de pluie	598	30	0	0	32	17	2	184	37	0	0	0	900
Lachatdelarue	237	7	0	0	0	1	0	6	1	0	0	0	252
Lacrimosus	222	3	0	0	17	1	0	44	1	0	0	0	288
LadyofShalott	1733	17	0	0	29	4	1	89	6	1	0	2	1882
Lankiveil	1089	29	0	0	18	0	5	149	3	14	0	1	1308
Lar	980	89	1	0	119	29	13	590	44	4	0	12	1881
Larry V	272	11	0	0	1	1	0	2	0	0	0	0	287
Laser brain	196	1	0	0	2	1	0	14	2	0	0	0	216
Laurascudder	848	4	0	0	3	2	0	9	1	0	0	0	867
Law	361	20	0	0	15	2	1	205	6	5	0	1	616
Lazulilasher	211	9	0	0	16	4	5	59	1	2	0	2	309
LeaveSleaves	0	0	0	0	6	0	0	0	0	0	0	0	6
Lectonar	16782	71	0	0	221	152	89	396	9	9	0	0	17729
Leebo	547	11	0	0	16	0	0	128	7	0	0	0	709
Leinad	4	0	1	0	0	0	0	0	0	0	0	0	5
Leithp	367	22	0	0	6	1	0	329	12	0	0	0	737
Lenticel	227	5	0	0	1	0	0	0	0	0	0	0	233
Leonard^Bloom	372	0	0	0	13	0	1	7	1	2	0	0	396
LessHeard vanU	577	60	0	0	300	14	32	2969	81	40	0	0	4073
Lethe	35	13	0	0	3	2	0	34	16	0	0	0	103
Lexi Marie	605	28	0	0	41	25	0	157	52	0	0	0	908
Lexicon	167	23	0	0	10	3	1	57	5	0	0	0	266
Lexor	40	0	0	0	0	0	0	0	0	0	0	0	40
Lid	2442	11	0	0	17	0	0	49	0	0	0	0	2519
Lifebaka	2783	158	0	0	44	11	10	155	12	8	0	2	3183
Lightdarkness	1528	18	0	0	5	3	0	183	19	0	0	0	1756
Ligulem	4947	12	0	0	749	660	0	150	6	0	0	0	6524
LinguistAtLarge	175	2	0	0	1	0	0	0	0	0	0	2	180
Linuxbeak	339	5	0	0	64	17	0	389	34	0	20	15	883
Lipinki	0	0	0	0	2	0	0	0	0	0	0	0	2
LiquidGhoul	27	1	0	0	1	0	0	0	0	0	0	0	29
LittleDan	34	1	0	0	1	2	0	4	0	0	0	0	42
Llywrch	163	15	0	0	18	6	1	30	8	1	0	0	242
Lommer	737	2	0	0	1	2	0	1	0	0	0	0	743
Lomn	9	0	0	0	2	2	1	9	0	0	0	0	23
Longhair	5717	10	0	0	124	38	3	1680	41	1	0	4	7618
Lord Emsworth	2	0	0	0	0	0	0	0	0	0	0	0	2
Lord Voldemort	182	1	0	0	9	26	0	4	4	0	0	0	226
LordAmeth	52	1	0	0	0	0	0	0	0	0	0	0	53
Loren36	76	1	0	0	12	4	1	302	20	0	0	0	416
Lostintherush	797	7	0	0	27	6	2	112	6	0	0	0	957
LouI	35	1	0	0	0	0	0	0	0	0	0	0	36
Lowellian	268	76	0	0	7	1	2	0	0	0	0	0	354
Lquilter	22	1	0	0	0	0	0	6	0	0	0	0	29
Lradrama	181	2	0	0	0	0	0	201	15	0	0	1	400
Lucky 6.9	27946	129	0	0	766	50	0	1919	248	0	0	0	31058
Ludraman	16	3	0	0	2	2	0	4	0	0	0	0	27
Luigi30	3280	15	0	0	52	2	0	152	5	0	0	0	3506
Luis Hernández García	0	0	0	0	2	0	0	0	0	0	0	0	2
Luk	28581	219	0	0	622	26	126	3996	346	128	0	19	34063
Luna Santin	6258	102	21	1	1822	160	123	12686	1035	110	0	16	22334
Lupin	642	1	0	0	5	3	0	126	8	0	0	0	785
Lupo	1915	16	0	0	9	0	0	401	21	0	0	0	2362
Lyrl	257	1	0	0	0	1	0	5	0	0	0	0	264
M7	0	0	0	0	0	0	0	0	0	1	0	0	1
MBK004	739	18	0	0	149	5	20	352	17	11	0	21	1332
MBisanz	60244	687	0	0	523	19	82	1378	92	22	1864	392	65303
MBoarSidwell	0	0	0	0	1	0	0	0	0	0	0	0	1
MC MasterChef	103	0	0	0	0	0	0	35	4	0	0	0	142
MCB	1166	17	0	0	33	4	3	422	17	1	0	0	1663
MECU	5336	21	0	0	2	0	1	7	0	0	0	0	5367
MER-C	0	0	0	0	15	0	0	0	0	0	0	0	15
MGodwin	3	0	0	0	0	0	0	0	0	0	0	0	3
MJCdetroit	104	6	0	0	28	3	11	5	0	0	0	0	157
MLauba	582	105	0	0	14	1	0	12	1	3	0	0	718
MONGO	3035	27	0	0	116	35	0	396	39	0	0	0	3648
MPF	441	9	0	0	7	0	0	17	0	0	0	0	474
MPUploadBot	50	7	0	0	52	0	3	0	0	0	0	0	112
MSGJ	1274	147	0	0	98	51	34	62	1	5	0	24	1696
MZMcBride	805733	586	0	0	7292	950	422	172	118	190	0	2	815465
MacGyverMagic	5629	110	0	0	195	106	3	281	33	0	0	0	6357
Mackensen	2517	107	0	0	71	7	1	1581	237	0	0	0	4521
Mackeriv	96	1	0	0	3	0	0	14	3	0	0	0	117
Madchester	514	15	0	0	111	18	4	242	10	0	0	0	914
Madman	873	61	0	0	24	5	4	140	16	3	0	0	1126
Maedin	279	224	0	0	2	2	0	8	1	1	0	4	521
Magioladitis	3242	19	0	0	28	2	4	65	3	2	0	0	3365
Magnus Manske	889	4	0	0	1	1	0	14	0	0	0	0	909
Mahanga	903	10	0	0	12	1	3	61	3	0	0	0	993
Mailer diablo	49322	246	22	301	157	15	3	253	14	2	0	1	50336
Mairi	765	5	0	0	3	2	0	5	0	0	0	0	780
Majorly	15244	506	0	0	548	104	7	660	39	0	0	10	17118
Makemi	4809	53	0	0	79	13	0	378	25	0	0	0	5357
Malcolm	1295	63	0	0	47	17	2	274	19	0	0	0	1717
Malcolm Farmer	776	3	0	0	0	0	0	24	1	0	0	0	804
Malcolmxl5	6420	43	0	0	213	7	13	35	1	3	0	2	6737
Malik Shabazz	2677	25	0	0	13	2	4	54	3	1	0	0	2779
Malinaccier	728	4	0	0	277	20	68	672	15	9	0	267	2060
Mallanox	1860	19	0	0	2	1	0	5	0	0	0	0	1887
Malo	3612	20	0	0	113	8	1	2249	246	0	0	0	6249
Mangojuice	4269	82	0	0	108	12	8	846	342	62	0	31	5760
Manning Bartlett	1403	12	0	0	8	1	10	31	5	1	0	3	1474
Marasmusine	4525	33	0	0	43	4	0	262	4	0	0	0	4871
Mardetanha	0	0	0	0	0	0	0	2	1	0	0	0	3
Marianocecowski	242	8	0	0	0	3	0	32	0	0	0	0	285
Marine 69-71	288	5	0	0	68	27	0	121	35	0	0	1	545
Mark	454	84	0	0	121	26	8	158	37	3	0	0	891
Mark Dingemanse	293	0	0	0	1	3	0	45	3	0	0	0	345
Mark Richards	0	0	0	0	0	0	0	0	5	0	0	0	5
Mark83	368	10	0	0	1	2	0	3	0	0	0	0	384
MarkGallagher	1932	27	0	0	81	61	0	116	26	0	0	0	2243
MarkSweep	1945	23	0	0	105	5	0	1133	41	0	0	0	3252
Markles	65	8	0	0	48	4	12	1	0	0	0	0	138
Marshman	25	0	0	0	0	0	0	30	2	0	0	0	57
Marskell	40	2	0	0	32	16	3	25	0	0	0	0	118
Martijn Hoekstra	1179	14	0	0	4	1	0	122	4	1	0	2	1327
MartinHarper	14	0	0	0	0	1	0	0	0	0	0	0	15
Martinp23	1387	89	0	0	228	31	4	359	71	2	0	4	2175
Martyman	131	2	0	0	2	0	0	35	1	0	0	0	171
Marudubshinki	4852	55	0	0	28	14	0	448	30	0	0	0	5427
Marumari	0	0	0	0	0	0	1	8	0	0	0	0	9
Masamage	841	16	0	0	16	2	3	19	1	0	0	0	898
Masem	96	17	0	0	9	0	2	13	0	0	0	0	137
MastCell	5582	74	0	0	520	23	50	996	77	3	0	1	7326
Master Jay	196	8	0	0	82	7	1	304	36	0	0	0	634
Master Thief Garrett	1144	6	0	0	7	1	0	12	2	0	0	0	1172
Master of Puppets	2544	68	0	0	279	32	55	988	35	13	0	10	4024
Materialscientist	7443	56	0	0	376	4	35	3783	14	112	0	0	11823
Matilda	221	20	0	0	33	15	1	231	10	0	0	0	531
Matt Britt	5	2	0	0	2	0	0	1	0	0	0	0	10
Matt Crypto	132	22	0	0	38	22	0	174	18	0	0	0	406
Mattbr	2561	66	0	0	4	0	0	9	0	0	0	0	2640
Mattgirling	387	0	0	0	1	0	0	44	1	1	0	0	434
MatthewUND	53	1	0	0	0	0	0	5	0	0	0	0	59
Matthewedwards	2126	89	0	0	30	8	1	26	3	0	0	0	2283
Mattinbgn	1116	39	0	0	43	3	9	81	2	0	0	0	1293
Mattyb420	0	0	0	0	2	0	0	0	0	0	0	0	2
Maunus	1	0	0	0	8	0	1	3	0	0	0	0	13
Maury Markowitz	154	19	0	0	0	0	1	47	5	0	0	0	226
Mav	505	12	0	0	126	2	1	18	7	0	0	0	671
MaxSem	4846	23	0	0	167	25	7	343	96	3	0	14	5524
Maxim	106756	925	0	0	2479	276	563	2484	137	84	0	200	113904
Maxim's JS test account	0	0	0	0	1	0	0	0	0	0	0	0	1
Maximus Rex	68	0	0	0	0	0	0	0	0	0	0	0	68
Mazca	1096	9	0	0	28	2	9	378	4	13	0	3	1542
Mbecker	0	0	0	0	1	3	0	3	1	0	0	0	8
Mdale	2	0	0	0	0	0	0	0	0	0	0	0	2
Mdd4696	2234	8	0	0	31	8	0	89	4	0	0	0	2374
MediaWiki default	1310	0	0	0	0	0	0	0	0	0	0	0	1310
Meegs	8893	33	0	0	1	0	0	97	5	0	0	0	9029
Meelar	1264	7	0	0	2	1	0	121	1	0	0	0	1396
MegaHL90	0	0	0	0	1	0	0	0	0	0	0	0	1
Mel Etitis	3126	19	0	0	160	24	0	848	57	0	0	0	4234
Melburnian	126	6	0	0	7	1	0	30	0	0	0	0	170
Melchoir	1169	9	0	0	31	1	0	95	2	1	0	0	1308
Melesse	26482	64	0	0	3	0	0	1	0	0	0	0	26550
Menchi	23	2	0	0	0	0	0	0	0	0	0	0	25
Meno25	528	35	0	0	3	1	1	7	3	1	0	18	597
Mentifisto	5640	21	0	0	41	0	10	6867	15	76	0	67	12737
Mercury	314	93	0	0	82	34	25	137	62	0	0	0	747
Merkinsmum	0	0	0	0	3	0	0	0	0	0	0	0	3
Merope	11766	60	0	0	56	6	0	834	15	0	0	0	12737
Merovingian	2018	100	0	0	33	14	0	275	21	0	0	29	2490
Merphant	1	2	0	0	0	0	0	0	0	0	0	0	3
Metalx97856	0	0	0	0	1	0	0	0	0	0	0	0	1
Metamagician3000	111	4	0	0	11	4	0	28	5	0	0	0	163
Metropolitan90	2796	25	0	0	1	0	1	6	2	0	0	0	2831
Mets501	9382	98	0	0	207	38	0	293	23	0	0	0	10041
Mfield	902	17	0	0	154	7	32	673	10	25	0	1	1821
Miborovsky	46	3	0	0	19	13	0	30	5	0	0	0	116
Michael Greiner	867	14	0	0	10	7	0	13	1	5	0	0	917
Michael Hardy	312	81	0	0	1	0	0	18	5	1	0	0	418
Michael Snow	875	106	0	0	22	164	1	54	68	1	0	0	1291
MichaelBillington	507	8	0	0	6	0	0	4567	70	0	0	2	5160
Michaelas10	363	22	0	0	80	8	1	61	8	0	0	0	543
Midom	0	0	0	0	1	0	0	1	0	0	0	0	2
Mifter	1768	9	0	0	128	4	12	419	1	30	0	37	2408
Mikaey	1109	1130	0	0	11	1	2	73	0	1	0	2	2329
Mike 7	1263	16	0	0	39	3	0	285	6	0	0	0	1612
Mike Cline	15	0	0	0	0	0	0	0	0	0	0	0	15
Mike Halterman	149	9	0	0	13	9	1	64	10	0	0	0	255
Mike Peel	3032	21	0	0	4	4	0	4	0	1	0	0	3066
Mike Rosoft	14653	409	0	0	430	47	19	2307	390	11	0	0	18266
Mike Selinker	2021	15	0	0	11	4	0	17	1	0	0	0	2069
Mike.lifeguard	3	0	0	0	0	0	0	0	1	0	0	0	4
Mikeblas	128	1	0	0	0	0	0	0	0	0	0	0	129
MilborneOne	486	1	0	0	10	4	0	21	0	0	0	0	522
Mindmatrix	2344	26	0	0	26	2	0	48	1	1	0	1	2449
Mindspillage	2299	75	0	0	53	27	2	92	46	0	0	0	2594
Minesweeper	13	2	0	0	0	0	0	1	0	0	0	0	16
Mirv	1146	28	0	0	38	37	0	40	46	0	0	1	1336
MisfitToys	79	8	0	0	0	0	0	0	0	0	0	0	87
Misza13	223397	280	0	0	284	22	2	4609	271	0	0	6	228871
Mitchazenia	131	8	0	0	4	2	0	23	2	0	0	0	170
Mjroots	77	1	0	0	23	3	6	64	5	5	0	0	184
Mkmcconn	20	0	0	0	3	3	0	0	0	0	0	0	26
Mkweise	30	2	0	0	0	1	0	1	0	0	0	0	34
Mlaffs	211	1	0	0	1	0	0	0	0	0	0	0	213
Mo0	3125	23	0	0	14	3	0	229	21	1	0	0	3416
MoRsE	57	3	0	0	0	0	0	25	1	0	0	0	86
Modemac	14	0	0	0	3	5	0	6	1	0	0	0	29
Moink	304	3	0	0	2	0	0	7	7	0	0	0	323
Molikroth	0	0	0	0	1	0	0	0	0	0	0	0	1
Moncrief	99	1	0	0	4	3	0	41	1	0	0	0	149
Moni3	44	4	0	0	84	1	20	29	0	2	0	0	184
Montrealais	22	1	0	0	0	0	0	0	0	0	0	0	23
Moondyne	1958	55	0	0	58	14	2	299	38	0	0	0	2424
Moonriddengirl	9577	1396	0	0	248	26	16	389	24	14	0	1	11691
Moreschi	1044	26	0	0	200	11	43	900	81	10	0	20	2335
Moriori	3534	3	0	0	0	0	0	252	5	0	0	0	3794
Morven	814	26	0	0	7	1	0	224	54	1	0	0	1127
Morwen	615	14	0	0	6	1	0	84	8	0	0	0	728
Mr. Lefty	1550	10	0	0	62	6	0	614	31	1	0	0	2274
Mr.Z-man	19517	242	5	36	482	50	285	1640	182	31	0	26	22496
MrDarcy	222	5	0	0	36	7	0	143	12	0	0	0	425
MrKIA11	4778	24	0	0	0	0	0	4	1	1	0	0	4808
Mtmelendez	1041	5	0	0	11	0	0	2	0	0	0	0	1059
MuZemike	1951	75	0	0	123	3	18	1694	62	129	0	8	4063
Mufka	2163	10	0	0	61	1	6	623	1	21	0	0	2886
Mulad	44	6	0	0	0	0	0	0	0	0	0	0	50
Mushroom	21998	188	0	0	38	9	8	454	90	1	0	0	22786
Musical Linguist	324	149	0	0	109	24	0	900	71	0	0	0	1577
Mustafaa	131	1	0	0	0	3	0	10	1	0	0	0	146
MykReeve	2	0	0	0	0	0	0	0	0	0	0	0	2
Myleslong	22	29	0	0	6	3	0	28	8	0	0	0	96
Mysekurity	728	14	0	0	40	21	0	81	2	0	0	0	886
Mysid	2493	2	0	0	2	1	0	14	5	0	0	0	2517
Mzajac	148	4	0	0	8	2	1	46	4	0	0	0	213
NCurse	1616	11	0	0	1	1	0	34	0	0	0	0	1663
NJA	2647	60	0	0	230	6	44	1849	56	86	0	53	5031
NSLE	561	11	0	0	90	18	0	440	101	0	0	0	1221
Nabla	900	50	0	0	16	5	1	1	0	0	0	0	973
Nae'blis	844	53	0	0	28	2	0	15	2	0	0	0	944
Nagy	0	0	0	0	1	0	0	0	0	0	0	0	1
Nakon	35178	392	0	0	609	67	31	12879	6151	24	0	91	55422
Nancy	12474	89	0	0	377	20	15	916	13	18	0	9	13931
Nandesuka	694	29	0	0	96	16	2	383	27	1	0	0	1248
Nanfoodle	0	0	0	0	1	0	0	0	0	0	0	0	1
Nanobug	1	0	0	0	0	0	0	0	0	0	0	0	1
Nat	190	35	0	0	156	9	31	263	15	0	0	0	699
Natalie Erin	4503	23	0	0	69	3	0	988	27	0	0	0	5613
Natalya	325	13	0	0	36	7	3	109	39	0	0	0	532
NawlinWiki	174426	7145	0	0	9393	26	698	15486	473	420	0	6	208073
Necrothesp	379	11	0	0	2	0	1	107	8	0	0	0	508
Nehrams2020	4710	20	0	0	6	2	1	126	2	0	0	0	4867
Netsnipe	1161	60	0	0	605	91	10	3675	1757	12	0	1	7372
Neutrality	3914	32	0	0	48	10	0	175	58	0	0	0	4237
Nev1	319	16	0	0	43	3	21	195	3	6	0	0	606
Newyorkbrad	779	15	0	0	50	5	2	539	32	0	0	1	1423
Ngb	622	62	0	0	9	6	0	10	0	0	0	0	709
Nichalp	1191	70	0	0	50	16	4	72	9	0	979	163	2554
NicholasTurnbull	212	14	0	0	15	10	0	139	17	0	0	0	407
Nick	2911	130	0	0	246	23	20	673	67	9	0	2	4081
Nick-D	547	12	0	0	108	14	10	429	18	28	0	0	1166
Nickptar	612	13	0	0	3	1	0	116	31	0	0	0	776
Nickshanks	54	1	0	0	3	0	0	0	0	0	0	0	58
Nicman911	0	0	0	0	2	0	0	0	0	0	0	0	2
Night Gyr	490	38	0	0	10	3	1	31	2	0	0	0	575
Nightmarishnight	0	0	0	0	1	0	0	0	0	0	0	0	1
Nightscream	28	9	0	0	74	7	5	155	2	7	0	0	287
Nightstallion	1772	128	0	0	71	7	0	29	2	0	0	0	2009
Nihiltres	12695	189	0	0	119	30	27	278	17	2	0	12	13369
Nihonjoe	6179	319	0	0	272	36	8	1067	33	56	160	7	8137
Nikki311	443	2	0	0	25	1	2	46	1	0	0	1	521
Nilfanion	571	25	0	0	4	3	0	3	0	0	0	0	606
Nishkid64	7435	349	1	0	1519	641	130	7481	306	652	0	29	18543
Niteowlneils	4157	80	0	0	1	0	0	16	1	0	0	0	4255
Nixdorf	2	0	0	0	0	0	0	0	0	0	0	0	2
Nixeagle	10319	243	0	0	93	14	9	3324	84	26	0	2	14114
Nlu	1601	93	0	0	603	226	13	3542	220	0	0	0	6298
Nmajdan	219	5	0	0	9	8	4	63	2	0	0	0	310
No Guru	927	11	0	0	33	14	0	442	8	1	0	0	1436
NoSeptember	1595	48	0	0	24	25	1	122	61	0	0	45	1921
NodpiW	0	0	0	0	1	0	0	0	0	0	0	0	1
Nohat	266	38	0	0	39	33	0	62	5	0	0	0	443
Noldoaran	2	0	0	0	0	0	0	0	0	0	0	0	2
Notheruser	70	0	0	0	0	0	0	0	0	0	0	0	70
Nousernamesleft	198	7	0	0	5	2	3	2	1	0	0	3	221
NrDg	1619	123	0	0	279	19	28	846	27	44	0	4	2989
NuclearWarfare	8748	246	0	0	570	19	138	2511	76	145	0	103	12556
Nufy8	371	1	0	0	36	2	7	333	15	1	0	0	766
Number 57	6133	72	0	0	74	2	1	53	4	0	0	0	6339
Nunh-huh	456	29	0	0	27	3	1	321	12	3	0	1	853
Nv8200p	59585	181	0	0	26	3	0	108	3	0	0	0	59906
Nyttend	6680	214	0	0	49	1	0	189	2	4	0	0	7139
Oberiko	294	3	0	0	8	2	0	162	0	0	0	0	469
Obli	1047	6	0	0	28	5	0	99	7	0	0	0	1192
Ocatecir	1340	11	0	0	106	16	1	250	9	0	0	0	1733
Ocee	196	2	0	0	3	3	10	95	5	0	0	0	314
Od Mishehu	7023	201	0	0	182	25	26	347	59	111	0	4	7978
OhanaUnited	509	35	0	0	11	3	1	139	7	0	0	8	713
Ohnoitsjamie	4793	62	0	0	293	12	20	2628	52	30	0	0	7890
Okiefromokla	195	2	0	0	21	3	3	208	7	0	0	0	439
OlEnglish	72	5	0	0	3	2	0	24	0	0	0	1	107
Olaf Davis	140	4	0	0	0	0	0	6	0	0	0	1	151
OldakQuill	325	22	0	0	6	2	0	2	1	0	0	0	358
Oldboy212	0	0	0	0	1	0	0	0	0	0	0	0	1
Oldelpaso	667	12	0	0	19	10	0	36	1	0	0	2	747
Oldwindybear	2	0	0	0	0	0	0	2	1	0	0	0	5
Oleg Alexandrov	691	57	0	0	14	8	0	35	10	0	0	1	816
Olessi	142	6	0	0	0	0	0	14	1	0	0	0	163
Oliver Pereira	2	6	0	0	0	1	0	0	0	0	0	0	9
Olivier	193	8	0	0	7	1	0	24	0	0	0	0	233
Omegatron	308	90	0	0	27	12	0	15	0	0	0	0	452
One	974	103	0	0	117	18	1	143	28	1	0	0	1385
Opabinia regalis	1410	5	0	0	15	2	0	3	0	0	0	0	1435
Orangemike	22866	146	0	0	593	25	16	5159	43	46	0	0	28894
Orderinchaos	4800	149	0	0	99	19	9	248	36	3	0	1	5364
Oren0	188	7	0	0	26	6	7	48	8	3	0	4	297
Orioane	114	1	0	0	4	2	0	11	0	0	0	0	132
Orlady	144	11	0	0	21	3	6	41	0	3	0	0	229
Orphaned image deletion bot	971	0	0	0	0	0	0	0	0	0	0	0	971
Orphaned talkpage deletion bot	1074	58	0	0	0	0	0	0	0	0	0	0	1132
Oscarthecat	3345	21	0	0	254	5	0	310	7	2	0	0	3944
OverlordQ	654	7	0	0	31	1	1	505	90	42	0	0	1331
Owen	254	24	0	0	15	33	0	84	23	0	0	0	433
OwenX	2324	22	0	0	184	20	1	1254	82	3	0	8	3898
Oxymoron83	11351	98	0	0	411	11	64	5432	34	52	0	0	17453
PDH	9821	82	0	0	355	197	0	243	21	0	0	0	10719
PFHLai	3465	134	0	0	853	757	1	58	1	0	0	0	5269
PMDrive1061	26692	353	0	0	1472	29	40	4582	150	572	0	8	33898
PS2pcGAMER	2303	23	0	0	25	32	0	87	18	0	0	0	2488
PZFUN	94	3	0	0	6	2	0	14	6	0	0	0	125
Pablo-flores	920	2	0	0	16	6	2	180	2	0	0	0	1128
Paginazero	3	3	0	0	0	0	0	0	0	0	0	0	6
Pagrashtak	3191	13	0	0	3	2	0	10	1	0	0	0	3220
Pakaran	164	13	0	0	22	37	12	55	6	0	48	30	387
Pamri	707	1	0	0	0	4	0	0	0	0	0	0	712
Papa November	3183	48	0	0	24	6	15	236	13	1	0	0	3526
Parsecboy	2672	111	0	0	34	6	0	404	11	2	0	4	3244
Parthian Scribe	0	0	0	0	1	0	0	0	0	0	0	0	1
Pascal.Tesson	16382	95	0	0	87	2	1	803	20	0	0	2	17392
Pastor Theo	474	0	0	0	8	0	0	59	9	1	0	1	552
Pastordavid	1312	9	0	0	8	6	0	10	1	0	0	0	1346
Patar knight	267	7	0	0	3	0	0	8	1	2	0	0	288
Pathoschild	8368	151	1	0	151	33	1	2440	705	77	0	1	11928
Patrick	135	112	0	0	9	1	1	3	1	0	0	0	262
Pats1	535	61	0	0	150	8	17	414	7	6	0	0	1198
Paul A	92	18	0	0	0	0	0	0	0	0	0	0	110
Paul August	1118	10	0	0	8	1	3	124	3	0	0	0	1267
Paul Benjamin Austin	25	4	0	0	45	9	0	65	16	0	0	0	164
Paul Erik	1918	53	0	0	15	2	0	416	6	5	0	0	2415
Pax:Vobiscum	577	38	0	0	182	6	13	34	1	0	0	0	851
Paxse	7	0	0	0	0	0	0	4	1	0	0	0	12
Pb30	858	1	0	0	0	0	1	278	3	0	0	0	1141
Pcb21	101	43	0	0	3	6	0	1	1	0	0	0	155
PeaceNT	5087	175	0	0	105	10	8	298	9	0	0	0	5692
PedanticallySpeaking	41	8	0	0	2	0	0	0	0	0	0	0	51
Pedro	8859	42	0	0	93	14	11	801	17	9	0	274	10120
Pedro Paulo Vasconcellos	0	0	0	0	2	0	0	0	0	0	0	0	2
Pegship	191	2	0	0	1	0	0	1	0	0	0	0	195
Penader	0	0	0	0	1	0	0	0	0	0	0	0	1
Pending deletion script	1210	0	0	0	0	0	0	0	0	0	0	0	1210
Pengo	51	14	0	0	2	1	0	7	0	0	0	0	75
Penwhale	147	8	0	0	45	6	14	52	13	1	0	0	286
Pepsidrinka	993	33	0	0	34	19	0	395	34	0	0	0	1508
Perceval	29	0	0	0	5	4	0	19	0	0	0	0	57
Peripitus	9677	73	0	0	98	18	14	167	10	9	0	4	10070
Persian Poet Gal	2300	96	0	0	1001	25	39	3340	141	16	0	1	6959
Peruvianllama	624	7	0	0	18	4	0	366	6	0	0	0	1025
Peteforsyth	20	8	0	0	5	2	3	11	2	3	0	0	54
Peter	3642	47	0	0	74	23	0	652	39	0	0	0	4477
PeterSymonds	6252	211	0	0	1109	357	386	2660	130	411	0	454	11970
Pgk	3711	73	0	0	556	54	0	4060	2204	0	0	0	10658
Phaedriel	3551	55	0	0	199	30	16	308	19	0	0	0	4178
Phantomsteve	300	3	0	0	9	3	4	11	4	3	0	5	342
Pharos	403	70	0	0	593	153	0	41	7	1	0	0	1268
Phil Bordelon	0	0	0	0	2	1	0	0	0	0	0	0	3
Phil Boswell	532	10	0	0	79	1	3	19	4	0	0	0	648
Phil Sandifer	676	138	0	0	80	58	8	280	69	0	0	0	1309
PhilKnight	24370	422	0	0	864	52	34	4772	190	142	0	27	30873
Philip Baird Shearer	419	76	0	0	83	16	21	15	2	0	0	0	632
Philippe	4559	57	0	0	372	34	47	1532	68	5	0	8	6682
Philippe (WMF)	2	0	2	0	4	0	0	0	0	0	0	0	8
Philosopher	1202	20	0	0	28	2	5	35	2	7	0	25	1326
Phils	15	1	0	0	0	0	0	26	2	0	0	0	44
Philwelch	933	44	0	0	28	7	0	72	14	0	0	0	1098
Phuntsok2000	0	0	0	0	2	0	0	0	0	0	0	0	2
Physchim62	1115	41	0	0	34	5	0	107	17	0	0	0	1319
Piazzajordan2	0	0	0	0	1	0	0	0	0	0	0	0	1
Picaroon	4039	61	0	0	55	12	5	461	27	0	0	1	4661
PierreAbbat	0	0	0	0	0	0	0	6	0	0	0	0	6
Pigman	1024	9	0	0	15	0	1	21	4	0	0	0	1074
Pilotguy	7231	64	0	0	294	29	1	2576	685	0	0	0	10880
PinchasC	119	18	0	0	48	14	1	188	6	0	0	0	394
Pinkville	1	0	0	0	6	0	0	2	0	0	0	0	9
Piotrus	619	178	0	0	19	8	2	80	17	0	0	0	923
Pjacobi	230	6	0	0	16	3	0	100	2	0	0	0	357
Plange	123	0	0	0	3	1	0	32	0	0	0	0	159
Plastikspork	5330	161	0	0	287	28	27	23	0	5	0	0	5861
Please try again.	0	0	0	0	1	0	0	0	0	0	0	0	1
Poeloq	22	1	0	0	0	0	0	52	2	0	0	4	81
Polaron	0	0	0	0	1	0	0	0	0	0	0	0	1
Pollinator	35	0	0	0	4	0	0	146	1	0	0	0	186
Poor Yorick	93	0	0	0	7	3	2	0	0	0	0	0	105
Postdlf	5713	85	0	0	121	5	3	750	9	3	0	0	6689
Pratyeka	1	2	0	0	0	0	0	0	0	0	0	0	3
Premeditated Chaos	1732	18	0	0	3	0	0	19	1	0	0	0	1773
PrimeHunter	84	8	0	0	3	2	0	0	0	0	0	1	98
ProcseeBot	0	0	0	0	0	0	0	118300	0	0	0	0	118300
Prodego	2173	277	0	0	148	108	72	1330	228	77	0	46	4459
ProhibitOnions	257	1	0	0	0	1	0	50	0	0	0	0	309
Prolog	1279	39	0	0	81	5	10	721	2	4	0	2	2143
Promethean	0	0	0	0	1	0	0	0	0	0	0	0	1
Proteus	117	0	0	0	2	0	0	11	10	0	0	0	140
Protonk	2731	1224	0	0	97	7	14	206	21	28	0	4	4332
ProveIt	4433	7	0	0	3	0	0	2	0	0	0	0	4445
Pschemp	2135	247	0	0	169	29	0	3327	319	0	0	0	6226
Psy guy	110	0	0	0	10	9	0	181	17	0	0	0	327
Qaz	75	0	0	0	0	0	0	0	0	0	0	0	75
Quadell	95659	301	0	0	51	16	3	120	11	1	0	0	96162
Quarl	7973	111	0	0	22	10	0	37	3	0	0	0	8156
Quell	0	0	0	0	1	0	0	0	0	0	0	0	1
Quercusrobur	15	2	0	0	3	2	0	8	0	0	0	0	30
Qwghlm	592	31	0	0	17	1	0	17	0	0	0	0	658
R'n'B	9088	221	0	0	22	10	0	6	0	0	0	0	9347
R-Con 9	0	0	0	0	1	0	0	0	0	0	0	0	1
R. Baley	8	3	0	0	26	1	11	78	6	0	0	1	134
R. fiend	2822	21	0	0	19	4	0	56	1	0	0	0	2923
R3m0t	1340	15	0	0	30	0	0	4	4	0	0	0	1393
RG2	3298	61	0	0	18	1	0	162	8	0	0	0	3548
RHaworth	45928	2980	0	0	2427	43	2	563	16	6	0	1	51966
RJFJR	35	2	0	0	0	0	0	1	0	0	0	0	38
RL0919	195	0	0	0	1	0	0	1	0	0	0	0	197
RN	706	132	0	0	17	15	0	28	7	0	0	0	905
Radiant!	2464	50	0	0	180	45	0	178	23	0	0	0	2940
RadicalBender	510	8	0	0	3	0	0	13	0	0	0	0	534
RadioKirk	2676	77	0	0	164	15	0	1678	74	0	0	0	4684
Ragesoss	358	42	0	0	5	1	2	6	0	0	0	0	414
Ragib	501	18	0	0	55	8	2	268	12	0	0	0	864
Raith Sienar	0	0	0	0	8	0	0	0	0	0	0	0	8
Ral315	2267	121	0	0	353	28	24	347	49	0	0	2	3191
Ram-Man	834	3	0	0	16	0	1	25	6	0	0	0	885
Rama	872	13	0	0	18	10	0	317	13	1	0	0	1244
Rama's Arrow	1202	3	0	0	46	9	0	200	25	0	0	0	1485
Ramallite	2	0	0	0	0	0	0	6	0	0	0	0	8
Rambo's Revenge	102	8	0	0	2	0	2	6	0	1	0	0	121
Ran	194	3	0	0	7	0	2	87	2	0	0	0	295
Random832	609	127	0	0	30	11	10	33	8	0	0	9	837
RandomXYZb	2778	36	0	0	242	19	24	1506	49	8	0	7	4669
Raso mk	0	0	0	0	1	0	0	0	0	0	0	0	1
RasputinAXP	2198	13	0	0	28	5	0	84	3	0	0	0	2331
Raul654	1165	104	0	0	1703	505	42	2495	226	5	148	83	6476
Raven4x4x	407	2	0	0	3	0	0	200	1	0	0	1	614
Raymolayenie	0	0	0	0	1	0	0	0	0	0	0	0	1
Raymond arritt	874	2	0	0	32	8	5	344	21	0	0	0	1286
Rbrwr	346	2	0	0	0	0	0	1	0	0	0	0	349
Rd232	1753	10	0	0	69	8	20	88	6	2	0	0	1956
Rdsmith4	3200	65	0	0	139	61	0	598	269	2	874	96	5304
Rebecca	2222	71	0	0	35	3	2	138	71	0	0	0	2542
Recurring dreams	6	0	0	0	1	0	0	21	1	0	0	0	29
RedWolf	14624	50	0	0	2	0	0	3	0	0	0	0	14679
RedWordSmith	240	11	0	0	13	20	0	20	1	0	0	0	305
RedirectCleanupBot	4377	0	0	0	0	0	0	0	0	0	0	0	4377
Redux	196	12	0	0	24	7	0	48	1	0	131	129	548
Redvers	17422	164	0	0	906	28	22	2238	201	324	0	1	21306
Redwolf24	1943	48	0	0	50	25	0	208	45	0	0	0	2319
Reedy	1133	32	0	0	40	14	13	40	11	0	0	10	1293
Refdoc	61	5	0	0	11	4	0	28	5	0	0	0	114
Reflex Reaction	511	14	0	0	1	2	0	6	0	0	0	0	534
RegentsPark	341	9	0	0	163	20	64	98	2	3	0	0	700
Remember the dot	816	11	0	0	26	2	7	18	1	0	0	13	894
Renata3	4840	37	0	0	16	2	0	61	4	0	0	0	4960
Renesis	148	0	0	0	25	1	0	19	6	0	0	0	199
Resolute	1231	21	0	0	24	2	2	63	2	0	0	0	1345
Retired username	12142	239	0	0	115	33	8	206	14	0	0	2	12759
RetiredUser2	376	88	0	0	25	15	0	12	6	0	0	0	522
Rettetast	22289	70	0	0	21	70	12	444	6	1	0	21	22934
Revolving Bugbear	102	7	0	0	5	1	0	25	11	0	0	0	151
RexNL	2299	11	0	0	153	11	9	4191	66	15	0	0	6755
ReyBrujo	952	36	0	0	101	29	5	138	2	0	0	0	1263
Rfl	364	39	0	0	0	0	0	0	0	0	0	0	403
Rhobite	719	15	0	0	67	26	0	617	47	0	0	0	1491
Rholton	277	3	0	0	8	1	0	22	3	0	0	0	314
Riana	14438	155	0	0	1058	108	108	2446	192	3	0	18	18526
Rich Farmbrough	3020	237	0	0	84	33	16	248	30	10	0	3	3681
Richardcavell	433	8	0	0	29	9	1	73	2	0	0	0	555
Richardshusr	992	38	0	0	53	24	12	16	3	0	0	0	1138
Rick Block	633	3	0	0	3	1	0	66	2	0	0	0	708
RickK	2466	14	0	0	53	5	0	651	26	0	0	0	3215
Ricky81682	4097	23	0	0	34	73	20	143	16	11	0	0	4417
Rifleman 82	393	41	0	0	34	9	5	118	7	4	0	3	614
Rigadoun	216	10	0	0	2	1	0	2	1	0	0	0	232
Risker	542	67	211	76	123	31	81	239	16	36	0	5	1427
Rjanag	866	32	0	0	71	8	8	145	18	16	0	1	1165
Rjd0060	15150	390	0	0	698	49	112	1193	134	70	0	30	17826
Rje	1462	8	0	0	93	171	0	316	5	0	0	0	2055
Rkitko	703	48	0	0	15	2	2	11	1	0	0	0	782
Rklawton	880	14	0	0	25	2	2	495	15	14	0	0	1447
Rlandmann	1098	84	0	0	23	3	0	45	3	0	0	0	1256
Rlendog	0	0	0	0	0	0	0	2	0	0	0	0	2
Rlevse	1392	61	27	0	151	20	29	2746	159	12	551	98	5246
Rlquall	4	1	0	0	0	0	0	1	1	0	0	0	7
Rmhermen	2070	15	0	0	26	7	4	55	0	0	0	0	2177
Roadrunner	0	0	0	0	0	0	0	5	0	0	0	0	5
RobH	0	0	0	0	0	0	0	0	0	0	1	0	1
RobLa	2	1	0	0	0	0	0	0	0	0	0	0	3
Robchurch	714	11	0	0	6	4	0	83	12	0	0	0	830
Robdurbar	1591	72	0	0	147	84	0	112	25	0	0	0	2031
Robert Merkel	0	1	0	0	0	0	0	5	4	0	0	0	10
RobertG	6062	23	0	0	39	5	4	398	23	0	0	1	6555
Robin Patterson	0	0	0	0	0	0	0	1	0	0	0	0	1
Robth	3830	187	0	0	5	3	0	10	0	0	0	0	4035
RobyWayne	122	0	0	0	0	0	0	14	0	0	0	0	136
RockMFR	2049	171	0	0	176	124	25	319	5	2	0	1	2872
Rockero	78	1	0	0	5	2	0	13	0	0	0	0	99
Rockpocket	474	18	0	0	30	9	4	145	17	1	0	1	699
Rocky Road	0	0	0	0	1	0	0	0	0	0	0	0	1
Rodhullandemu	1067	67	0	0	878	31	206	2888	107	112	0	15	5371
Roger Davies	439	24	20	0	10	4	3	50	20	11	0	4	585
Rogerd	589	11	0	0	24	5	0	139	1	0	0	0	769
Ronhjones	1203	37	0	0	40	3	4	223	12	6	0	0	1528
Ronline	62	3	0	0	6	9	0	11	1	0	0	0	92
Ronnotel	19	2	0	0	45	11	6	87	25	1	0	1	197
Roozbeh	152	2	0	0	27	7	0	8	1	0	0	0	197
Rosiestep	11	5	0	0	2	2	0	0	0	0	0	2	22
Rossami	1006	467	0	0	36	9	1	230	2	0	0	0	1751
RoyBoy	132	2	0	0	37	2	1	617	13	0	0	0	804
RoySmith	347	11	0	0	29	7	0	236	10	1	0	0	641
Royalbroil	981	25	0	0	69	23	5	50	4	0	0	1	1158
Royalguard11	1825	32	0	0	267	379	28	179	19	0	0	0	2729
Royboycrashfan	6095	107	0	0	73	0	0	386	22	0	0	0	6683
Rschen7754	1081	53	0	0	347	5	21	534	52	11	0	7	2111
Rspeer	119	5	0	0	15	1	0	112	24	1	0	0	277
Ruhrfisch	298	17	0	0	50	4	2	53	4	4	0	1	433
Runcorn	72	4	0	0	5	2	0	143	79	0	0	0	305
Rune.welsh	819	5	0	0	28	7	0	33	1	0	0	0	893
Runningonbrains	171	5	0	0	9	2	2	27	2	4	0	0	222
Ruslik0	2200	24	0	0	185	16	42	191	4	8	0	28	2698
Ruud Koot	1299	82	0	0	68	16	4	314	61	1	0	1	1846
Rwiggum	0	0	0	0	1	0	0	0	0	0	0	0	1
RxS	793	3	0	0	12	3	4	480	10	2	0	0	1307
Ryan Postlethwaite	1378	96	0	0	271	55	67	1362	148	16	0	57	3450
RyanGerbil10	3623	18	0	0	46	4	2	190	11	0	0	2	3896
Ryulong	10729	212	0	0	1213	49	77	6278	615	62	0	2	19237
S@bre	67	2	0	0	2	0	2	4	0	0	0	0	77
SB Johnny	39	2	0	0	10	0	4	9	4	0	0	0	68
SCEhardt	5235	50	0	0	12	0	0	306	3	0	0	1	5607
SCZenz	447	17	0	0	17	21	5	149	26	0	0	0	682
SD6-Agent	1	0	0	0	0	0	0	0	0	0	0	0	1
SGGH	2139	33	0	0	18	6	0	795	28	9	0	2	3030
SQL	2451	46	0	0	372	10	66	262	124	0	0	34	3365
ST47	37691	4965	0	0	229	74	89	5847	2327	2	0	3	51227
SWAdair	1600	7	0	0	49	1	0	38	1	0	0	0	1696
Sabine's Sunbird	43	0	0	0	7	0	3	0	0	0	0	0	53
Sadalmelik	0	0	0	0	1	0	0	0	0	0	0	0	1
Sade	148	5	0	0	3	0	0	1	2	0	0	0	159
Salix alba	112	7	0	0	8	4	4	6	0	0	0	0	141
Sam	104	21	0	0	24	4	0	22	0	0	0	2	177
Sam Blacketer	2387	15	0	0	45	8	2	193	33	1	0	1	2685
Sam Hocevar	6	7	0	0	0	0	0	1	2	0	0	0	16
Sam Korn	1014	21	6	8	65	10	13	974	76	4	0	13	2204
Sam Vimes	42	5	0	0	0	0	0	34	0	0	0	0	81
Samir	2583	98	0	0	260	132	10	484	58	0	0	10	3635
Samotnik	0	0	0	0	2	0	0	0	0	0	0	0	2
Samsara	36	21	0	0	73	4	2	63	33	0	0	0	232
Samuel Blanning	1742	97	0	0	157	65	0	1197	170	0	0	0	3428
Samulili	2	0	0	0	0	0	0	1	0	0	0	0	3
Sanchom	233	3	0	0	4	1	0	58	8	0	0	0	307
Sandahl	7936	95	0	0	361	8	8	3490	65	9	0	2	11974
Sandstein	6532	81	0	0	420	24	18	1089	216	43	0	3	8426
Sango123	4193	11	0	0	41	3	0	1567	66	0	0	0	5881
Sannse	882	30	0	0	19	10	0	57	35	0	0	0	1033
Sarah	2628	142	0	0	132	42	4	479	106	8	0	41	3582
Saravask	406	15	0	0	27	17	10	78	13	0	0	0	566
Sardanaphalus	0	0	0	0	7	0	0	0	0	0	0	0	7
SarekOfVulcan	873	61	0	0	76	8	17	196	30	28	0	0	1289
Sasquatch	1915	25	0	0	83	25	1	677	104	0	0	1	2831
Sassygurl192	0	0	0	0	2	0	0	0	0	0	0	0	2
Satori Son	1372	50	0	0	191	11	2	497	14	5	0	1	2143
SatyrTN	2569	21	0	0	18	8	4	36	7	0	0	0	2663
Savidan	63	5	0	0	13	5	0	3	0	0	0	0	89
Saxifrage	292	2	0	0	10	4	0	13	0	0	0	0	321
Scarian	650	23	0	0	179	3	22	1014	65	4	0	5	1965
Sceptre	1628	92	0	0	81	8	0	518	89	0	0	0	2416
Schissel	11	0	0	0	1	0	0	2	2	0	0	0	16
Schneelocke	30	3	0	0	15	2	0	11	2	0	0	0	63
SchuminWeb	12800	277	0	0	130	12	6	497	6	18	0	0	13746
Schutz	837	3	0	0	3	0	0	3	0	0	0	0	846
Scientizzle	2857	56	0	0	177	16	5	931	30	4	0	3	4079
Scimitar	192	3	0	0	9	3	0	97	4	0	0	0	308
Scipius	0	0	0	0	0	0	0	1	0	0	0	0	1
Scjessey	0	0	0	0	1	0	0	0	0	0	0	0	1
Scm83x	229	5	0	0	6	1	0	37	2	0	0	0	280
Scorpion0422	0	0	0	0	1	0	0	0	0	0	0	0	1
Scott Burley	842	1	0	0	11	1	0	33	3	0	0	0	891
Scott MacDonald	701	15	0	0	19	0	2	24	4	1	0	0	766
Scott5114	1225	6	0	0	121	5	0	30	5	0	0	1	1393
ScottDavis	301	36	0	0	9	5	0	37	4	0	0	0	392
Seabhcan	193	3	0	0	5	2	0	27	2	0	0	0	232
Sean Whitton	439	16	0	0	18	7	0	55	3	0	0	2	540
Sean William	868	45	0	0	109	8	4	414	35	0	0	2	1485
Searchme	147	0	0	0	0	0	0	11	0	0	0	0	158
Seattle Skier	287	8	0	0	12	0	1	28	1	0	0	0	337
SebastianHelm	225	20	0	0	10	2	2	6	5	0	0	0	270
Sebastiankessel	2	2	0	0	8	4	0	38	1	0	0	0	55
Secret	6060	64	0	0	144	6	9	252	19	4	0	21	6579
Secretlondon	427	6	0	0	2	0	0	420	8	0	849	24	1736
Seddon	80	3	0	0	20	1	2	76	3	10	0	6	201
Seglea	192	4	0	0	2	0	0	1	0	0	0	0	199
Seicer	1867	43	0	0	337	37	47	707	48	12	0	0	3098
Selket	1184	8	0	0	19	3	2	212	16	0	0	0	1444
Sephiroth BCR	909	17	0	0	36	6	1	323	7	0	0	0	1299
Seraphim	404	35	0	0	40	9	11	135	22	1	0	3	660
Seraphimblade	2717	17	0	0	39	9	2	709	50	2	0	3	3548
Seresin	3008	90	0	0	186	8	29	170	1	3	0	5	3500
Sesel	76	4	0	0	19	12	0	12	0	0	0	0	123
Seth Ilys	343	2	0	0	7	2	0	5	3	0	0	0	362
Sethant	1	2	0	0	0	0	0	0	0	0	0	0	3
Sfoskett	11	1	0	0	1	0	0	0	0	0	0	0	13
Sgeureka	452	20	0	0	1	0	0	3	1	1	0	0	478
Shadow1	284	13	0	0	32	4	0	170	27	0	0	0	530
ShamelessAngel	0	0	0	0	1	0	0	0	0	0	0	0	1
Shanel	4684	76	1	0	71	17	0	2595	517	0	0	0	7961
Shanes	2432	21	0	0	89	162	3	1097	24	0	0	0	3828
Shauri	44	0	0	0	0	1	0	2	0	0	0	0	47
SheffieldSteel	43	5	0	0	28	2	10	115	17	17	0	0	237
Sheldon Rampton	2	0	0	0	0	0	0	1	0	0	0	0	3
Shell Kinney	10862	302	4	1	56	7	3	672	83	5	0	2	11997
Shereth	820	34	0	0	12	4	1	484	10	0	0	1	1366
Sherool	42079	70	0	0	19	6	0	18	1	0	0	0	42193
Shii	402	32	0	0	24	12	0	66	55	0	0	2	593
Shimeru	789	0	0	0	6	0	0	2	0	0	0	0	797
Shimgray	1287	140	0	0	150	4	5	37	18	0	0	9	1650
Shirahadasha	171	2	0	0	10	4	3	55	8	0	0	0	253
Shizhao	1	1	0	0	1	0	0	0	0	0	0	0	3
Shoeofdeath	903	4	0	0	7	1	0	117	0	1	0	0	1033
Shreshth91	2323	19	0	0	33	12	0	390	48	0	0	0	2825
Shubinator	477	0	0	0	3	0	0	0	0	0	0	1	481
Shyam	16920	56	0	0	19	2	0	57	1	0	0	1	17056
Shyamal	77	6	0	0	21	2	5	27	2	0	0	3	143
Silence	24	0	0	0	0	1	0	0	0	0	0	0	25
SilkTork	374	32	0	0	15	2	7	2	1	3	0	1	437
Silsor	523	6	0	0	35	41	0	139	137	0	0	0	881
SimonP	5306	60	0	0	12	276	0	45	2	0	0	0	5701
Singularity	7381	115	0	0	61	15	2	79	7	0	0	1	7661
Sir Nicholas de Mimsy-Porpington	2149	60	0	0	84	11	4	814	82	0	0	0	3204
SirFozzie	347	18	1	0	90	8	40	310	32	4	0	0	850
Siroxo	73	4	0	0	0	0	0	18	0	0	0	0	95
Sitthisoneout1	0	0	0	0	1	0	0	0	0	0	0	0	1
Sj	115	164	0	0	10	9	1	57	8	0	0	0	364
Sjakkalle	4710	378	0	0	43	29	1	835	66	3	0	0	6065
Sjc	19	1	0	0	0	0	0	3	0	0	0	0	23
Sjorford	428	34	0	0	4	5	0	3	0	0	0	0	474
Skier Dude	67755	2105	0	0	376	8	29	686	1418	11	0	7	72395
Skomorokh	1563	112	0	0	128	3	7	0	0	0	0	6	1819
Sky Harbor	0	0	0	0	0	0	0	1	0	0	0	0	1
Slakr	3957	61	0	0	277	24	87	9111	97	22	0	14	13650
Slambo	697	18	0	0	33	0	0	184	5	0	0	0	937
SlimVirgin	1203	301	0	0	766	393	19	1139	229	0	0	1	4051
Slowking Man	1350	29	0	0	130	25	1	859	132	0	0	0	2526
Slp1	480	17	0	0	31	9	6	141	3	7	0	0	694
Slrubenstein	34	2	0	0	28	7	2	43	10	4	0	0	130
Slumgum	154	1	0	0	1	0	0	0	0	0	0	0	156
Smalljim	802	7	0	0	13	2	0	390	7	3	0	0	1224
Smashville	1674	14	0	0	65	4	1	398	20	31	0	0	2207
Smith03	117	4	0	0	5	0	1	6	68	0	0	0	201
Smith609	149	2	0	0	3	0	2	3	2	2	0	0	163
SmthManly	519	4	0	0	32	9	1	51	2	0	0	0	618
Smurrayinchester	67	3	0	0	10	6	0	17	6	0	0	0	109
Sn0wflake	406	3	0	0	15	2	0	107	2	0	0	0	535
Snowolf	693	15	0	0	40	6	2	603	30	2	0	3	1394
Snoyes	95	0	0	0	1	0	0	40	0	0	0	0	136
SoLando	296	14	0	0	18	7	0	191	6	0	0	0	532
SoWhy	7873	100	0	0	696	57	139	275	8	12	0	10	9170
Solid Falcon	0	0	0	0	2	0	0	0	0	0	0	0	2
Solipsist	78	1	0	0	136	49	0	108	12	0	0	0	384
Someguy1221	1299	20	0	0	24	3	3	525	4	27	0	4	1909
Somno	866	22	0	0	14	5	2	16	0	1	0	0	926
SorryGuy	11	2	0	0	2	2	0	18	2	0	0	0	37
Sortior	1	0	0	0	0	0	0	0	0	0	0	0	1
Soumyasch	2802	55	0	0	74	10	3	670	32	0	0	6	3652
SouthernNights	2087	51	0	0	131	35	10	254	6	4	0	0	2578
SpacemanSpiff	1834	9	0	0	82	2	4	318	0	11	0	3	2263
Spangineer	262	10	0	0	16	11	0	94	8	0	0	0	401
Spartaz	3573	254	0	0	195	33	10	341	83	9	0	11	4509
Spebi	1549	31	0	0	165	9	26	493	26	0	0	10	2309
Spellcast	8027	423	0	0	636	7	38	9208	642	125	0	11	19117
Spencer	207	3	0	0	29	3	4	264	3	0	0	1	514
Spencer195	12	0	0	0	0	0	0	3	0	0	0	0	15
Spike Wilbury	2640	102	0	0	24	4	1	147	4	1	0	1	2924
Spinningspark	113	14	0	0	23	2	11	148	1	7	0	0	319
Splash	8210	319	0	0	262	758	7	414	136	0	0	1	10107
SpuriousQ	625	1	0	0	17	1	0	569	5	0	0	0	1218
Srikeit	1840	18	0	0	86	45	0	387	22	0	0	0	2398
Ssd	1699	2	0	0	7	1	0	14	0	0	0	0	1723
Staecker	1692	21	0	0	1	1	0	2	0	0	0	0	1717
Stan Shebs	2652	74	0	0	1	0	0	25	0	0	1	0	2753
Star Mississippi	2054	56	0	0	79	4	6	247	8	1	0	0	2455
Starblind	2530	13	0	0	95	1	1	249	6	1	0	0	2896
Staxringold	335	5	0	0	3	0	0	43	0	0	0	0	386
Steel	9468	74	0	0	969	333	27	1202	89	2	0	7	12171
Steinsky	34	0	0	0	7	2	0	32	1	0	0	0	76
Stemonitis	3698	126	0	0	10	13	2	38	2	0	0	0	3889
Stephan Schulz	8	1	0	0	17	1	3	103	3	1	0	1	138
Stephen	6811	83	0	0	83	2	0	1400	72	9	0	9	8469
Stephen Bain	1746	42	0	0	85	23	1	96	18	0	0	0	2011
StephenBuxton	768	18	0	0	30	3	3	271	9	0	0	0	1102
Steve	193	3	0	0	2	1	0	1	1	0	0	0	201
Steve Smith	1331	95	4	0	111	6	22	331	34	11	0	3	1948
SteveSims	0	0	0	0	1	0	0	0	0	0	0	0	1
Steven Walling	695	3	0	0	74	1	10	61	3	0	0	0	847
Stevenfruitsmaak	95	10	0	0	10	0	0	11	0	0	0	0	126
Stevenj	34	1	0	0	23	0	0	43	1	0	0	0	102
Stevertigo	136	16	0	0	46	11	0	22	14	0	0	0	245
Stewartadcock	828	0	0	0	10	3	0	6	1	0	0	0	848
Stifle	18658	537	0	0	526	55	52	495	65	10	0	42	20440
Stormie	2441	63	0	0	46	6	3	376	11	0	0	2	2948
StuffOfInterest	173	5	0	0	29	2	0	104	2	0	0	0	315
Stuffdoing	0	0	0	0	1	0	0	0	0	0	0	0	1
Stwalkerster	2544	63	0	0	80	1	7	360	44	3	0	33	3135
Sub619	0	0	0	0	1	0	0	0	0	0	0	0	1
Sue Anne	499	9	0	0	0	0	0	1	0	0	0	0	509
Sugarfish	2	2	0	0	1	1	0	0	0	0	0	0	6
Sundar	39	13	0	0	0	0	1	6	3	0	0	0	62
Superm401	255	24	0	0	22	22	24	47	12	0	0	1	407
Sverdrup	501	4	0	0	1	2	0	2	2	0	0	0	512
Swatjester	951	30	0	0	183	16	30	375	49	0	0	5	1639
Syrthiss	3262	42	0	0	212	24	8	1959	96	61	0	7	5671
TFOWR	0	0	0	0	2	0	0	0	0	0	0	0	2
TKD	2746	150	0	0	75	17	19	315	30	3	0	3	3358
TPK	62	0	0	0	0	0	0	0	0	0	0	0	62
TSO1D	89	1	0	0	34	8	2	21	2	0	0	0	157
TShilo12	59	4	0	0	8	2	0	5	2	0	0	0	80
TUF-KAT	542	39	0	0	0	0	0	12	1	0	0	0	594
Ta bu shi da yu	1396	57	0	0	88	47	0	171	56	0	0	0	1815
Tabercil	397	31	0	0	52	8	1	177	4	1	0	0	671
Tadakuni	9	0	0	0	0	0	0	0	0	0	0	0	9
Taelus	56	0	0	0	49	2	10	17	3	6	0	0	143
Talrias	255	8	0	0	23	14	0	82	17	0	0	0	399
Tango	341	2	0	0	4	2	0	75	4	0	0	0	428
Tangotango	1509	28	0	0	23	1	1	621	17	0	0	0	2200
Tanner-Christopher	9	0	0	0	12	0	4	1	1	0	0	0	27
Tannin	57	2	0	0	1	0	0	22	1	0	0	0	83
Tanthalas39	2252	25	0	0	1019	41	156	3224	66	48	0	6	6837
Tariqabjotu	306	27	0	0	826	90	46	452	75	2	0	0	1824
Tassedethe	2399	110	0	0	4	3	0	7	0	1	0	0	2524
Taw	88	17	0	0	0	2	0	0	0	0	0	0	107
Tawker	4360	51	0	0	281	18	12	1753	349	0	0	9	6833
Taxman	246	19	1	2	15	10	0	175	12	0	34	337	851
Tbo 157	30	2	0	0	3	1	0	24	6	0	0	0	66
Tbsdy lives	2600	50	0	0	147	5	13	55	5	6	0	0	2881
Tcncv	186	2	0	0	113	4	28	183	4	10	0	0	530
TeaDrinker	1774	21	0	0	22	1	7	253	4	2	0	1	2085
Tedder	1582	17	0	0	836	57	177	488	15	51	0	3	3226
TenOfAllTrades	407	14	0	0	67	5	9	625	41	10	0	3	1181
TerriersFan	1412	60	0	0	153	12	9	246	10	2	0	0	1904
Terrillja	0	0	0	0	1	0	0	0	0	0	0	0	1
TexasAndroid	18747	470	0	0	350	41	12	637	37	1	0	1	20296
Texture	450	10	0	0	1	1	0	34	1	0	0	0	497
Tfinc	0	0	0	0	0	0	0	0	0	0	0	2	2
ThaddeusB	1549	269	0	0	9	1	4	31	5	1	0	1	1870
Thatcher	2740	118	9	96	243	59	27	3065	338	25	0	32	6752
Thatcher131	0	1	0	0	0	0	0	0	0	0	0	0	1
Thatislifeandlove	0	0	0	0	2	0	0	0	0	0	0	0	2
The Anome	3298	85	0	0	340	34	25	4340	192	76	0	2	8392
The Cunctator	7	63	0	0	5	17	0	11	6	0	0	0	109
The Earwig	1033	142	0	0	15	1	0	13	0	0	0	8	1212
The Epopt	3283	41	0	0	27	2	0	44	12	0	0	0	3409
The JPS	7723	43	0	0	205	23	13	405	14	0	0	0	8426
The Land	454	6	0	0	12	5	0	96	13	0	0	0	586
The Placebo Effect	366	12	0	0	41	8	7	27	4	0	0	2	467
The Rambling Man	3141	8	0	0	78	3	4	743	6	0	261	25	4269
The Random Editor	88	0	0	0	21	0	0	39	1	0	0	0	149
The Singing Badger	25	0	0	0	0	0	0	2	0	0	0	0	27
The Tom	144	12	0	0	41	12	0	4	0	0	0	0	213
The Transhumanist	0	0	0	0	3	0	0	0	0	0	0	0	3
The ed17	128	9	0	0	44	4	15	20	0	10	0	3	233
The undertow	809	10	0	0	38	9	4	112	7	0	0	4	993
The wub	6389	53	0	0	26	5	0	171	9	0	0	2	6655
The-G-Unit-Boss	1409	5	0	0	102	3	12	24	0	0	0	0	1555
TheCoffee	29318	43	0	0	18	14	0	28	1	1	0	0	29423
TheCustomOfLife	43	0	0	0	6	1	0	3	0	0	0	0	53
TheDJ	1038	24	0	0	7	1	4	0	0	0	0	0	1074
TheParanoidOne	12440	29	0	0	0	0	0	0	0	0	0	0	12469
TheProject	2205	13	0	0	21	8	0	67	3	0	0	0	2317
Thedemonhog	28	0	0	0	0	0	1	0	0	0	0	2	31
Thehelpfulone	629	20	0	0	222	8	42	133	7	15	0	7	1083
TheoClarke	269	17	0	0	0	1	0	17	2	0	0	0	306
Therequiembellishere	0	0	0	0	1	0	0	0	0	0	0	0	1
Theresa knott	1785	53	0	0	246	59	16	1527	233	1	0	0	3920
Thespian	2	1	0	0	4	0	0	2	1	0	0	0	10
Thingg	3543	42	0	0	60	3	10	440	7	8	0	5	4118
Thogo	0	0	2	0	0	0	0	0	0	0	0	0	2
Thorpe	319	4	0	0	10	2	1	22	4	0	0	0	362
Thryduulf	819	56	0	0	75	42	2	56	18	1	0	0	1069
Thue	8063	32	0	0	29	8	0	370	37	1	0	0	8540
Thunderboltz	610	28	0	0	13	6	0	79	0	0	0	0	736
Thunderbrand	3589	9	0	0	3	2	0	39	2	0	0	0	3644
TigerShark	1146	55	0	0	42	11	3	1031	43	0	0	0	2331
Tijuana Brass	2988	48	0	0	33	4	0	99	10	0	0	0	3182
Tikiwont	6616	684	0	0	78	16	0	479	10	12	0	0	7895
Tillwe	45	0	0	0	0	0	0	3	0	0	0	0	48
Tim Ivorson	8	4	0	0	1	0	0	0	0	0	0	0	13
Tim Starling	42	11	1	0	7	3	0	15	23	0	5	0	107
Tim!	854	27	0	0	4	3	0	46	2	0	0	0	936
TimVickers	1311	43	0	0	200	15	81	887	28	10	0	5	2580
Timc	35	1	0	0	0	1	0	2	0	0	0	0	39
Timichal	1	17	0	0	0	0	0	0	0	0	0	0	18
Timrollpickering	346	2	0	0	22	3	7	7	0	0	0	0	387
Timwi	337	17	0	0	3	6	0	0	0	0	0	0	363
Tinselfairy1	0	0	0	0	2	0	0	0	0	0	0	0	2
Tinucherian	3	1	0	0	37	0	5	0	0	0	0	4	50
Tiptoety	6168	147	0	0	1172	1107	253	4560	223	411	0	236	14277
Titoxd	2935	419	0	0	106	42	3	1562	366	0	0	5	5438
Tivedshambo	2047	25	0	0	33	3	4	648	15	15	0	23	2813
Tizio	1866	51	0	0	21	31	0	21	1	0	0	0	1991
Tkinias	3	0	0	0	0	0	0	0	0	0	0	0	3
Tnxman307	8947	43	0	0	163	1	4	3781	28	61	0	9	13037
Toby Bartels	20	148	0	0	1	3	0	0	1	0	0	0	173
Toddst1	6178	87	0	0	739	45	73	6347	250	180	0	27	13926
Tom	1374	30	0	0	33	11	5	82	1	0	0	0	1536
Tom harrison	3135	160	0	0	368	113	32	1856	104	5	0	0	5773
Tom-	37	3	0	0	8	3	0	4	0	0	0	0	55
TomStar81	353	5	0	0	57	6	5	48	2	0	0	0	476
TomTheHand	97	54	0	0	0	2	0	61	8	0	0	0	222
Tompagenet	5	0	0	0	0	0	0	0	0	0	0	0	5
Tone	17290	171	0	0	51	3	6	134	0	0	0	0	17655
Tony Fox	1447	8	0	0	77	2	9	539	10	6	0	0	2098
Tony Sidaway	1039	403	0	0	359	596	0	357	124	0	0	0	2878
Tonywalton	3248	11	0	0	35	5	7	354	23	15	0	2	3700
Toon05	1201	76	0	0	57	10	4	155	7	16	0	5	1531
Topbanana	665	5	0	0	7	0	2	3	0	0	0	0	682
Tra	115	11	0	0	37	5	0	5	0	0	0	0	173
TravisTX	889	14	0	0	64	3	11	225	42	35	0	5	1288
Trebor	296	3	0	0	75	26	0	83	7	0	0	0	490
Tregoweth	4330	57	0	0	140	18	0	890	40	0	0	0	5475
Trevor MacInnis	2229	232	0	0	136	7	18	472	11	2	0	1	3108
Trevor Parscal	1	0	0	0	0	0	0	0	0	0	0	0	1
Trialsanderrors	662	291	0	0	52	60	0	20	2	0	0	0	1087
Triddle	5	0	0	0	3	2	0	4	0	0	0	0	14
Trilobite	514	1	0	0	3	3	0	63	6	0	0	0	590
Tristanb	5	7	0	0	0	0	0	0	0	0	0	0	12
Troy 07	0	0	0	0	1	0	0	0	0	0	0	0	1
Trusilver	757	11	0	0	61	1	4	1224	35	12	0	1	2106
Trödel	178	23	0	0	6	2	0	60	12	1	0	0	282
Turnstep	786	8	0	0	2	0	0	1	0	0	0	0	797
TwinsMetsFan	355	21	0	0	0	1	0	14	0	0	0	0	391
Typesships	0	0	0	0	1	0	0	0	0	0	0	0	1
Tyrenius	2589	60	0	0	64	12	7	261	31	1	0	7	3032
Tznkai	222	5	0	0	80	7	17	137	21	6	0	2	497
UberScienceNerd	165	2	0	0	0	0	0	69	0	0	0	0	236
Ucucha	678	50	0	0	18	4	6	21	0	0	0	0	777
Ugen64	1037	30	0	0	33	6	1	174	22	0	0	0	1303
UkPaolo	1439	57	0	0	15	5	0	131	3	0	0	0	1650
Ultraexactzz	3139	67	0	0	89	4	4	457	54	5	0	2	3821
Uncle G	1888	220	0	0	31	0	5	161	1	1	0	0	2307
UninvitedCompany	1546	40	0	0	57	27	0	119	33	0	8	42	1872
UpstateNYer	398	1	0	0	1	0	4	4	1	0	0	75	484
Urhixidur	386	21	0	0	2	0	0	8	0	0	0	0	417
Useight	1755	20	0	0	38	3	4	340	8	0	90	7	2265
User2004	117	2	0	0	16	6	0	124	27	0	0	0	292
Utcursch	6579	155	0	0	77	4	9	2256	18	1	0	0	9099
UtherSRG	5414	90	0	0	53	8	2	708	19	0	0	0	6294
Vague Rant	26	4	0	0	0	2	0	4	1	0	0	0	37
Valley2city	531	7	0	0	23	5	8	190	1	9	0	15	789
VampWillow	388	1	0	0	30	8	0	12	3	0	0	0	442
Vancouverguy	935	0	0	0	0	0	0	0	0	0	0	0	935
Vanished user	166	16	0	0	29	8	2	105	14	0	0	0	340
Vaoverland	43	2	0	0	0	0	0	17	0	0	0	0	62
Vary	650	55	0	0	33	4	3	202	9	1	0	0	957
Vassyana	599	15	30	0	31	4	3	120	30	0	0	0	832
VegaDark	11932	283	0	0	167	150	104	801	334	1	0	0	13772
Vegaswikian	10070	50	0	0	76	5	10	33	1	2	0	0	10247
Veinor	2215	18	0	0	36	4	1	360	24	2	0	0	2660
Verrai	748	5	0	0	14	6	0	69	2	1	0	0	845
Versageek	3303	26	0	0	105	1	17	670	16	17	0	12	4167
Viajero	52	4	0	0	10	9	0	15	4	0	0	0	94
Vianello	854	8	0	0	19	1	2	118	3	8	0	0	1013
Vicky Lee	0	0	0	0	1	0	0	0	0	0	0	0	1
Victuallers	73	5	0	0	220	2	12	12	0	1	0	0	325
Violetriga	1640	119	0	0	79	33	0	131	43	0	0	0	2045
Viridae	1042	101	0	0	86	34	26	532	88	11	0	19	1939
VirtualSteve	1822	40	0	0	404	22	37	1486	36	48	0	8	3903
Vishal	1	0	0	0	5	3	0	0	0	0	0	0	9
Visorstuff	6	1	0	0	4	1	0	0	0	0	0	0	12
Visviva	51	0	0	0	3	1	0	3	1	0	0	0	59
Voice of All	5632	83	1	0	488	2115	6	1046	107	0	0	6	9484
Vsmith	1267	4	0	0	156	11	34	4904	26	13	0	3	6418
Vulcan Hephaestus	0	0	0	0	4	0	0	0	0	0	0	0	4
WAvegetarian	270	20	0	0	8	3	0	69	6	0	0	0	376
WJBscribe	9393	221	0	0	396	497	40	2635	165	0	2689	307	16343
WODUP	2286	35	0	0	86	3	10	665	57	6	0	10	3158
Wafulz	5400	95	0	0	160	11	9	1297	44	0	0	0	7016
Waggers	885	2	0	0	46	1	2	1100	8	0	0	0	2044
Walter	0	0	0	0	0	0	0	1	0	0	0	0	1
Walton One	842	19	0	0	3	3	0	25	2	0	0	0	894
Waltpohl	29	0	0	0	2	0	0	0	0	0	0	0	31
Wangi	822	45	0	0	23	21	2	387	22	0	0	0	1322
Wapcaplet	2	0	0	0	0	0	0	0	0	0	0	0	2
Warofdreams	1003	25	0	0	5	1	1	27	1	0	257	147	1467
Wassupwestcoast	224	22	0	0	14	5	2	14	2	0	0	0	283
Water Bottle	282	22	0	0	2	0	0	30	3	0	0	0	339
Wayward	1420	1	0	0	2	2	0	695	30	0	0	0	2150
Wee Jas	0	0	0	0	1	0	0	0	0	0	0	0	1
Wehwalt	346	6	0	0	27	14	13	58	11	10	0	6	491
Werdna	362	9	1	0	35	1	4	74	24	4	0	7	521
Werdna648	0	0	0	0	1	0	0	0	0	0	0	0	1
WereSpielChequers	4322	115	0	0	76	0	1	156	1	1	0	88	4760
Wernher	49	0	0	0	0	0	0	1	0	0	0	0	50
Wesley	0	1	0	0	0	0	0	2	0	0	0	0	3
Wgfinley	159	5	0	0	9	1	0	19	10	0	0	0	203
Where	412	4	0	0	0	0	0	81	11	0	0	0	508
WhisperToMe	410	167	0	0	54	10	2	29	4	0	0	0	676
Who	1298	5	0	0	15	9	0	456	98	0	0	0	1881
Whouk	511	6	0	0	1	1	0	13	0	0	0	0	532
Wickethewok	2740	44	0	0	18	0	0	62	2	0	0	0	2866
Wiglaf	48	3	0	0	4	1	0	26	6	0	0	0	88
Wiki alf	1888	18	0	0	59	27	0	1503	32	5	0	0	3532
WikiLeon	535	18	0	0	110	20	2	545	61	10	0	5	1306
Wikiacc	779	31	0	0	7	5	0	31	8	0	0	0	861
Wikibofh	246	7	0	0	42	48	0	784	37	0	0	0	1164
Wile E. Heresiarch	619	1	0	0	1	0	0	25	0	0	0	0	646
Wilfried Derksen	75	7	0	0	13	5	0	2	0	0	0	0	102
Will Beback	893	105	0	0	435	120	31	1622	109	19	0	2	3336
William M. Connolley	510	18	0	0	173	29	25	2029	223	27	0	0	3034
William Pietri	450	4	0	0	1	0	0	10	0	0	0	0	465
WilliamH	287	4	0	0	24	2	1	121	2	3	0	16	460
Willking1979	3319	64	0	0	79	2	17	2180	12	61	0	5	5739
WilyD	1596	52	0	0	25	2	8	175	15	1	0	1	1875
Wimt	622	30	0	0	59	8	2	917	21	0	0	12	1671
Winhunter	7310	71	0	0	292	52	5	1376	252	1	0	3	9362
Wissel Wall	0	0	0	0	1	0	0	0	0	0	0	0	1
Wizardman	13661	106	57	0	516	14	25	323	12	4	0	6	14724
Wknight94	16210	381	0	0	793	192	105	8407	203	48	0	5	26344
Wneedham02	0	0	0	0	1	0	0	0	0	0	0	0	1
Woggly	167	7	0	0	12	0	0	75	14	0	0	0	275
Woody	4829	63	0	0	172	12	24	202	34	11	0	8	5355
Woohookitty	7758	162	0	0	503	474	5	1257	171	0	0	2	10332
Woooooooooop	0	0	0	0	1	0	0	0	0	0	0	0	1
Worldtraveller	215	0	0	0	4	4	0	19	2	0	0	0	244
Wouterstomp	19	0	0	0	0	0	0	0	0	0	0	0	19
Wpedzich	4	0	0	0	0	0	0	0	0	0	0	0	4
Wrp103	1	0	0	0	0	0	0	111	0	0	0	0	112
Wtmitchell	31	0	0	0	3	1	0	34	0	5	0	0	74
Wwoods	143	13	0	0	86	4	9	58	0	0	0	0	313
Wwwwolf	2625	27	0	0	39	5	0	5	1	0	0	0	2702
X!	2054	47	0	0	64	17	15	223	36	14	0	19	2489
XDanielx	65	5	0	0	0	0	0	0	0	0	0	0	70
XJamRastafire	7	0	0	0	5	3	0	0	0	0	0	0	15
Xaosflux	7808	309	0	0	612	287	251	852	83	31	0	12	10245
Xavexgoem	395	25	0	0	51	11	10	115	12	6	0	4	629
Xdamr	1035	10	0	0	2	0	0	28	1	1	0	0	1077
Xeno	10013	672	0	0	308	202	450	1136	477	79	0	280	13617
Xezbeth	8055	87	0	0	56	10	0	388	6	2	0	0	8604
Xiner	210	4	0	0	10	1	0	72	4	0	0	0	301
Xnuala	62	0	0	0	0	0	0	3	1	0	0	0	66
Xoloz	7424	810	0	0	211	56	1	70	6	0	0	0	8578
Xy7	2053	45	0	0	149	42	9	2330	203	0	0	0	4831
Xymmax	877	65	0	0	167	16	43	94	4	6	0	4	1276
Y	2410	49	0	0	51	11	8	92	5	0	0	0	2626
Y0u	345	0	0	0	0	0	0	13	2	0	0	0	360
Yamamoto Ichiro	1123	19	0	0	218	21	17	1565	35	9	0	67	3074
Yamla	3567	27	0	0	1223	59	16	4159	980	0	0	0	10031
Yandman	304	3	0	0	16	1	2	134	8	0	0	0	468
Yanksox	2711	57	0	0	113	30	0	228	20	0	0	0	3159
Yann	2	0	0	0	0	0	0	0	0	0	0	0	2
Yannismarou	295	2	0	0	18	6	1	47	1	0	0	1	371
YellowMonkey	8838	225	1	0	774	96	69	2090	161	19	0	5	12278
Yelyos	43	0	0	0	1	1	0	8	1	0	0	0	54
Yet Another Redirect Cleanup Bot	3308	0	0	0	0	0	0	0	0	0	0	0	3308
Ynhockey	193	3	0	0	5	1	0	4	0	0	0	0	206
Yomangani	1125	9	0	0	36	8	0	31	2	0	0	0	1211
Yonatan	255	54	0	0	10	9	6	85	9	0	0	2	430
Youngamerican	1271	52	0	0	56	23	3	33	2	0	0	0	1440
Zanimum	1370	61	0	0	56	17	0	119	12	0	0	0	1635
Zedla	873	6	0	0	32	2	2	122	9	0	0	0	1046
Zemaiteska	0	0	0	0	1	0	0	0	0	0	0	0	1
Zero0000	108	3	0	0	16	5	2	39	2	1	0	0	176
ZimZalaBim	2604	19	0	0	58	8	0	139	2	0	0	0	2830
Zippy	13	8	0	0	5	2	4	35	6	0	0	0	73
Zocky	262	18	0	0	21	8	0	21	8	0	0	0	338
Zoe	5859	83	0	0	244	12	0	1240	99	0	0	0	7537
Zoicon5	33	0	0	0	0	0	0	0	0	0	0	0	33
Zoney	20	11	0	0	3	2	0	1	1	0	0	0	38
Zscout370	11482	270	0	0	315	62	27	604	94	3	0	6	12863
Zsinj	2556	13	0	0	38	2	0	442	39	0	0	0	3090
Zzuuzz	5461	204	0	0	1075	1222	582	9195	736	280	0	22	18777
Zzyzx11	9356	304	0	0	1213	563	18	375	53	6	0	2	11890
^demon	28641	182	0	0	40	7	3	75	12	1	0	1	28962
Ævar Arnfjörð Bjarmason	213	3	0	0	1	0	0	7	2	0	0	0	226
Ø	0	0	0	0	2	0	0	0	0	0	0	0	2
èªç±åå¤	0	0	0	0	1	0	0	0	0	0	0	0	1
ï¾	0	0	0	0	2	0	0	0	0	0	0	0	2
Totals	6361604	129761	1387	1480	198220	41028	19096	1035092	78893	16523	15827	10729	7909640
