User	DL	UD	RD	PT	UP	PM	BL	UB	BM	UR	RM	Total
(aeropagitica)	11928	38	0	50	2	0	1733	42	0	0	0	13793
172	16	0	0	23	7	0	52	40	0	0	0	138
17Drew	317	1	0	2	0	0	37	1	0	0	0	358
23skidoo	537	8	0	32	6	0	131	13	0	0	0	727
52 Pickup	104	3	0	6	1	0	73	6	0	0	0	193
@pple	527	51	0	4	1	0	66	9	0	0	0	658
A Man In Black	3052	63	0	164	24	1	179	34	0	0	0	3517
A Train	237	6	0	19	4	0	51	2	2	0	0	321
A. B.	121	587	0	100	2	4	238	32	6	0	0	1090
AA	493	5	0	2	1	0	10	2	0	0	0	513
ABCD	3138	29	0	432	27	0	62	41	0	0	2	3731
AGK	1726	121	0	243	60	56	574	83	3	0	62	2928
AKeen	9	5	0	8	0	2	0	0	0	0	0	24
AQu01rius	298	2	0	12	5	0	41	0	0	0	0	358
AZT2008	0	0	0	1	0	0	0	0	0	0	0	1
Aarktica	207	2	0	1	0	0	2	1	0	0	0	213
Aaron Brenneman	1030	25	0	41	81	1	136	13	0	0	0	1327
Abecedare	136	4	0	14	1	2	79	1	5	0	1	243
Academic Challenger	19760	38	0	183	34	0	2663	21	5	0	0	22704
Acalamari	5880	69	0	2867	71	187	1275	112	13	0	802	11276
Accounting4Taste	22825	51	0	323	12	2	81	0	0	0	3	23297
Acetic Acid	65	3	0	7	2	0	66	9	0	0	0	152
Acropolis now	0	0	0	3	0	0	0	0	0	0	0	3
Acroterion	22386	50	0	479	17	18	1920	44	58	0	12	24984
Adam Bishop	3638	17	0	45	13	2	121	22	0	0	1	3859
Adambiswanger1	75	0	0	15	4	0	48	1	0	0	0	143
Adambro	1612	15	0	35	1	3	147	6	2	0	4	1825
Adashiel	362	51	0	51	33	1	369	29	0	0	0	896
Addshore	556	7	0	3	1	2	183	7	4	0	5	768
AdjustShift	164	0	0	17	1	1	551	2	29	0	2	767
Admiral Norton	380	6	0	6	0	0	6	0	0	0	2	400
Admrboltz	2754	4	0	27	15	0	101	11	0	0	2	2914
Aecis	3805	39	0	91	5	0	163	3	0	0	0	4106
Aervanath	1887	301	0	43	5	6	51	10	2	0	0	2305
After Midnight	31698	186	0	32	6	0	57	6	0	0	0	31985
Agathoclea	1130	52	0	51	5	4	167	16	1	0	1	1427
Ahoerstemeier	13552	107	0	43	5	1	1999	11	2	0	0	15720
Ais523	299	16	0	16	3	0	8	6	0	0	0	348
Aitias	3438	68	0	224	18	298	1224	78	51	0	74	5473
Akhilleus	856	4	0	42	3	4	427	30	1	0	0	1367
Akradecki	5185	53	0	168	3	3	304	22	31	0	0	5769
Aksi great	1926	12	0	26	8	1	591	30	0	0	0	2594
Al Ameer son	27	3	0	7	2	2	6	1	0	0	1	49
Alai	1393	17	0	10	3	0	42	3	0	0	0	1468
AlainV	1	0	0	0	0	0	0	0	0	0	0	1
Alasdair	547	3	0	11	1	0	226	11	1	0	0	800
Aldux	109	1	0	170	35	0	201	18	0	0	0	534
Ale jrb	1219	5	0	3	1	0	200	1	1	0	1	1431
Alex Bakharev	1729	147	0	481	46	47	1772	179	5	0	0	4406
Alex S	34	4	0	0	0	0	0	0	0	0	0	38
Alex.muller	549	24	0	22	1	1	306	15	0	0	11	929
Alex756	2	0	0	0	0	0	0	0	0	0	0	2
Alexf	14816	92	0	286	10	60	4337	39	7	0	0	19647
AlexiusHoratius	6	0	0	85	5	28	67	0	1	0	0	192
Alhutch	621	3	0	15	6	0	175	9	0	0	0	829
Alison	2389	129	116	1118	199	131	4779	337	14	0	63	9275
AlisonW	488	11	0	56	5	2	123	10	0	0	0	695
AlistairMcMillan	205	16	0	16	1	0	61	3	0	0	0	302
AliveFreeHappy	192	1	0	2	0	0	2	0	0	0	0	197
Alkivar	2396	136	0	252	27	9	470	41	0	0	0	3331
Allen3	10909	52	0	194	51	12	131	5	0	0	1	11355
AllyUnion	1913	26	0	98	11	0	38	11	0	0	0	2097
Alphachimp	6552	108	0	292	146	1	3924	117	2	0	0	11142
Altenmann	4992	257	0	272	63	16	1241	99	2	0	0	6942
Alteripse	2	0	0	2	1	0	13	1	0	0	0	19
Alvestrand	451	29	0	6	4	0	53	4	1	0	0	548
Amalas	1220	2	0	4	52	0	0	0	0	0	0	1278
Amalthea	2358	65	0	49	11	5	73	12	13	0	13	2599
Amberrock	544	7	0	19	3	0	115	9	0	0	0	697
Amcaja	54	3	0	0	1	0	58	2	0	0	0	118
Ameliorate!	390	6	0	46	3	2	126	8	1	0	2	584
AmiDaniel	2801	138	0	165	44	2	749	126	1	0	1	4027
Amire80	289	39	0	5	2	1	30	4	0	0	1	371
Amophar	0	0	0	1	0	0	0	0	0	0	0	1
Ams80	12	0	0	0	0	0	0	0	0	0	0	12
Anas Salloum	665	5	0	1	0	0	351	2	0	0	0	1024
Ancheta Wis	15	2	0	1	0	0	5	0	0	0	0	23
AndonicO	374	28	0	291	30	45	1347	51	0	0	0	2166
Andre Engels	2	0	0	0	0	0	1	0	0	0	0	3
Andres	3	3	0	1	0	0	0	0	0	0	0	7
Andrevan	703	88	0	21	11	0	85	28	0	1203	61	2200
Andrew Levine	718	15	0	19	2	0	34	6	0	0	0	794
Andrew Norman	48	1	0	27	2	0	75	7	0	0	0	160
Andrew Yong	16	1	0	0	0	0	0	0	0	0	0	17
Andrew c	1391	55	0	33	2	1	118	8	1	0	0	1609
Andrewa	85	6	0	0	0	0	0	0	0	0	0	91
Andris	17	0	0	0	0	0	0	0	0	0	0	17
Android79	3349	27	0	56	13	0	260	29	0	0	0	3734
Andrwsc	7637	88	0	63	54	9	112	1	0	0	0	7964
AndyZ	911	12	0	0	0	0	113	4	0	0	0	1040
AnemoneProjectors	829	74	0	89	48	2	136	1	5	0	0	1184
Anetode	9138	318	0	250	13	7	1242	57	0	0	8	11033
AngelOfSadness	1029	2	0	44	2	5	133	14	1	0	0	1230
Angela	2316	43	0	5	2	0	59	30	0	157	7	2619
Angelo.romano	942	116	0	121	15	8	79	2	0	0	0	1283
Angr	34344	206	0	201	52	27	771	29	2	0	0	35632
Angusmclellan	13996	135	0	11	2	1	61	6	0	0	17	14229
AniMate	174	4	0	9	2	0	69	5	3	0	1	267
Animum	1925	276	0	225	29	54	1710	319	4	0	28	4570
AnonEMouse	146	24	0	30	4	2	122	9	0	0	0	337
Anonymous Dissident	1376	23	0	376	33	56	485	14	1	503	50	2917
Anonymous editor	481	1	0	57	16	0	431	32	0	0	0	1018
Antandrus	7422	26	0	419	56	30	5369	354	45	0	1	13722
Anthere	38	1	0	4	4	0	4	1	0	0	2	54
Anthony Appleyard	24527	3381	0	60	6	14	1	0	0	0	0	27989
Anthony.bradbury	13185	65	0	59	2	3	1601	35	26	0	1	14977
AntiAbuseBot	50	0	0	0	0	46	1018	1	18	0	0	1133
AntonioMartin	9	5	0	6	3	0	5	18	0	0	0	46
Apokryltaros	0	0	0	1	0	0	0	0	0	0	0	1
Appraiser	323	6	0	5	0	0	1	0	0	0	0	335
Aqwis	204	7	0	71	6	26	54	2	0	0	5	375
Aranel	1087	18	0	13	0	0	24	3	0	0	0	1145
Arcadian	211	23	0	31	1	0	74	4	0	0	0	344
Archtransit	5	2	0	13	2	1	17	15	0	0	0	55
Arctic.gnome	206	5	0	18	2	1	25	1	0	0	1	259
Aris Katsaris	6	0	0	1	0	0	0	0	0	0	0	7
Arjun01	555	6	0	117	23	0	395	14	0	0	0	1110
Arminius	130	1	0	7	3	0	14	2	0	0	0	157
ArnoldReinhold	221	2	0	6	2	2	5	1	1	0	0	240
Art LaPella	71	2	0	0	0	0	0	0	0	0	0	73
Arthur Rubin	460	44	0	44	10	5	346	47	11	0	2	969
Aruk Besadii Aora	0	0	0	2	0	0	0	0	0	0	0	2
Arvindn	13	0	0	1	1	0	0	0	0	0	0	15
Arwel Parry	148	8	0	39	8	0	659	39	1	0	0	902
Asbestos	72	2	0	0	0	0	25	3	0	0	0	102
Asterion	95	7	0	69	8	3	121	15	0	0	0	318
AstroNomer	0	0	0	0	0	0	1	0	0	0	0	1
Athaenara	23149	133	0	15	2	1	27	5	0	0	0	23332
Atlant	92	1	0	11	0	0	572	20	2	0	0	698
AuburnPilot	2959	223	0	506	68	51	1120	139	24	0	19	5109
Audacity	20	2	0	2	1	0	1	1	0	0	0	27
Aude	1173	39	0	47	11	5	516	17	0	0	2	1810
Ausir	23	2	0	0	0	0	1	0	0	0	0	26
Avraham	1323	146	13	173	35	16	949	107	33	282	82	3159
Awiseman	19	2	0	14	0	0	9	0	0	0	0	44
Awolf002	13	0	0	0	0	0	2	0	0	0	0	15
AxelBoldt	40	6	0	8	1	0	0	0	0	0	0	55
AzaToth	1679	122	0	118	39	30	159	22	1	0	8	2178
B	14206	199	0	299	28	28	810	100	6	0	11	15687
BD2412	3293	1627	0	47	14	1	214	24	1	0	0	5221
BOZ	12	90	0	26	3	5	1	0	0	0	0	137
Babajobu	297	2	0	1	1	0	19	3	0	0	0	323
Baboon Faceless	0	0	0	2	0	0	0	0	0	0	0	2
Backslash Forwardslash	4139	88	0	82	3	12	374	6	59	0	7	4770
Balloonman	271	12	0	13	2	1	50	8	4	0	2	363
Banes	62	7	0	2	0	0	158	2	0	0	0	231
Banno	10	5	0	9	2	0	50	2	0	0	0	78
BanyanTree	1868	63	0	202	245	4	396	11	0	0	0	2789
Barneca	1231	47	0	110	11	14	1013	46	19	0	1	2492
Barneca sock 1	0	0	0	1	0	0	0	0	0	0	0	1
BaronLarf	180	18	0	4	1	0	97	1	0	0	0	301
Bastique	353	92	0	48	8	4	121	51	0	6	51	734
Bazonka	0	0	0	1	0	0	0	0	0	0	0	1
Bbatsell	391	9	0	18	2	0	350	18	0	0	0	788
Bcorr	131	7	0	9	1	0	67	10	0	2	1	228
Bdesham	25	0	0	3	0	0	0	0	0	0	0	28
Bduke	258	18	0	24	7	3	24	0	0	0	0	334
Bearcat	3958	211	0	100	6	5	75	8	2	0	0	4365
Bearian	1034	19	0	205	4	2	666	33	2	0	1	1966
Bedford	9	3	0	50	0	4	5	2	0	0	0	73
Beeblebrox	917	0	0	244	5	30	261	3	15	0	1	1476
Beetstra	687	34	0	95	18	10	410	31	7	0	1	1293
Bel123456	0	0	0	1	0	0	0	0	0	0	0	1
Beland	193	1	0	14	12	1	11	0	0	0	0	232
Ben MacDui	356	2	0	2	0	0	8	0	0	0	0	368
Bencherlite	3986	98	0	184	5	14	540	8	11	0	11	4857
Berig	28	0	0	2	0	2	10	0	0	0	1	43
Betacommand	7463	46	0	76	379	0	3297	120	0	0	0	11381
Bettia	388	8	0	11	0	0	5	1	1	0	0	414
Bhadani	1301	7	0	95	19	1	478	10	0	0	0	1911
Bibliomaniac15	3960	26	0	219	31	19	1378	23	5	812	49	6522
BigHaz	3152	2	0	8	6	0	33	2	0	0	0	3203
BigrTex	960	10	0	2	0	0	1	0	0	0	0	973
Bigtimepeace	428	6	0	2	1	0	72	4	1	0	0	514
Bill	0	0	0	1	0	0	0	0	0	0	0	1
Billinghurst	998	3	0	2	0	0	4	0	3	0	0	1010
BillyH	47	2	0	0	1	0	1	0	0	0	0	51
BirgitteSB	168	7	0	0	0	0	1	1	0	0	1	178
Bishonen	574	75	0	196	47	7	571	209	1	0	0	1680
Bishzilla	53	11	0	16	2	2	24	6	0	0	5	119
Bjarki S	91	0	0	2	1	0	41	4	0	0	0	139
Bjelleklang	642	7	0	4	0	3	12	2	0	0	0	670
Bkell	1166	13	0	0	0	0	1	0	0	0	0	1180
Bkonrad	708	102	0	3	0	0	144	2	0	0	0	959
Black Falcon	4293	66	0	3	1	0	27	1	0	0	0	4391
Black Kite	4960	141	0	394	50	53	1274	102	30	0	15	7019
Blankfaze	386	1	0	3	2	0	7	1	0	0	0	400
Blood Red Sandman	663	5	0	5	0	0	242	10	2	0	1	928
Blubberboy92	0	0	0	1	0	0	0	0	0	0	0	1
Blueboy96	1309	23	0	216	5	31	2497	126	89	0	0	4296
Bluemoose	10610	47	0	27	10	0	93	18	0	0	0	10805
Bmicomp	404	2	0	6	4	0	38	11	0	0	0	465
Bobak	229	12	0	157	6	9	744	11	11	0	0	1179
Bobet	4965	181	0	56	18	1	224	10	0	0	0	5455
Bobo192	4955	3	0	2	3	0	2	0	0	0	0	4965
Bogdangiusca	3140	66	0	28	10	1	107	13	0	0	0	3365
Bongwarrior	8779	59	0	440	8	108	3691	34	111	0	2	13232
Bonkers Bobcat	0	0	0	1	0	0	0	0	0	0	0	1
Bookofjude	650	27	0	29	5	0	85	9	0	0	0	805
Bopped Kia	0	0	0	1	0	0	0	0	0	0	0	1
BorgHunter	597	25	0	54	19	1	117	28	0	0	0	841
BorgQueen	3995	37	0	1153	123	44	3435	168	19	0	0	8974
Borisblue	248	1	0	14	39	0	92	8	0	0	0	402
Bovlb	23	2	0	14	1	0	28	2	0	0	0	70
BozMo	285	6	0	15	3	0	122	13	0	0	0	444
BradBeattie	294	0	0	6	0	0	118	3	0	0	0	421
BradPatrick	17	0	0	4	0	0	5	0	0	0	0	26
Bradeos Graphon	4877	19	0	65	19	3	1211	79	0	0	0	6273
Brandon	3754	74	0	106	39	26	621	29	27	0	16	4692
Bratsche	568	16	0	18	46	0	145	19	0	0	0	812
Brendanconway	955	23	0	26	8	0	87	14	0	0	0	1113
BrendelSignature	3	0	0	74	5	4	105	8	0	0	0	199
Brian	6	2	0	3	0	1	2	1	0	0	0	15
Brian Kendig	28	3	0	5	6	0	2	0	0	0	0	44
Brian0918	931	79	0	258	47	4	2142	109	0	0	0	3570
Brianga	2283	9	0	1	1	1	445	7	5	0	0	2752
Briangotts	138	7	0	1	0	0	7	0	0	0	0	153
Brighterorange	181	12	0	1	0	0	21	1	0	0	0	216
Brion VIBBER	192	9	0	12	0	1	27	11	0	0	4	256
Brockert	189	51	0	3	3	0	31	30	0	0	0	307
BrokenSegue	1363	11	0	62	67	0	153	40	0	0	0	1696
Brookie	3997	53	0	212	3	0	229	4	0	0	0	4498
BrownHairedGirl	786	114	0	139	6	9	125	16	0	0	0	1195
Bryan Derksen	828	324	0	5	7	0	10	0	0	0	2	1176
Bubba hotep	2638	69	0	38	3	2	779	12	18	0	4	3563
Buchanan-Hermit	514	18	0	28	6	0	452	20	0	0	0	1038
Bucketsofg	644	22	0	66	6	0	224	8	0	0	0	970
Buckshot06	287	4	0	2	0	0	7	0	1	0	0	301
Bumm13	842	39	0	6	1	0	31	4	0	0	5	928
Bunchofgrapes	738	10	0	62	44	0	203	37	0	0	0	1094
Burgundavia	1105	0	0	4	0	0	1	0	0	0	0	1110
Burstorder	0	0	0	2	0	0	0	0	0	0	0	2
Butseriouslyfolks	5143	83	0	36	3	1	137	15	0	0	0	5418
C-3PO	0	0	0	3	0	0	0	0	0	0	0	3
C.Fred	7669	62	0	211	5	6	1545	31	16	0	0	9545
C12H22O11	1351	5	0	49	8	0	47	7	0	0	0	1467
CALR	29	0	0	0	0	0	1	0	0	0	0	30
CAT:TEMP deletion bot	2120	0	0	0	0	0	0	0	0	0	0	2120
CBDunkerson	3497	64	0	683	49	0	30	22	0	0	1	4346
CBM	4348	139	0	236	96	22	56	18	1	0	3	4919
CIreland	1035	32	0	171	12	23	367	18	9	0	1	1668
CJ	1927	79	0	112	22	3	277	18	0	0	1	2439
CJCurrie	398	19	0	126	8	2	126	13	0	0	0	692
CJLL Wright	1850	30	0	58	3	7	243	3	0	0	0	2194
CLW	13900	54	0	3	0	0	26	0	0	0	0	13983
CMBJ	0	0	0	1	0	0	0	0	0	0	0	1
COGDEN	53	14	0	2	0	0	4	0	1	0	0	74
CRGreathouse	7	0	0	0	0	0	1	1	1	0	0	10
CSTAR	58	4	0	6	3	0	93	3	0	0	0	167
CYD	1	0	0	1	0	0	0	0	0	0	0	2
Cactus.man	592	16	0	61	34	0	178	10	0	0	0	891
CactusWriter	672	103	0	12	2	0	31	3	5	0	3	831
Cacycle	179	11	0	26	2	1	12	1	0	0	1	233
Cailil	116	3	0	33	0	2	50	12	0	0	0	216
Caknuck	1943	8	0	185	30	32	706	11	6	0	0	2921
Calliopejen1	2730	80	0	11	2	0	5	0	0	0	0	2828
Caltrop	57	22	0	0	0	0	6	3	0	0	0	88
Camaron	747	286	0	311	50	76	283	27	21	0	20	1821
CambridgeBayWeather	14605	259	0	212	18	136	983	22	5	0	0	16240
Camembert	11	2	0	0	1	0	0	0	0	0	0	14
Camw	314	7	0	3	0	0	171	0	7	0	0	502
Can't sleep, clown will eat me	9514	230	0	3000	125	133	32088	586	0	0	0	45676
Canadian Paul	974	30	0	14	5	0	21	2	0	0	0	1046
Canadian-Bacon	426	2	0	16	3	0	232	5	0	0	0	684
CanadianCaesar	3505	62	0	53	14	0	1084	85	0	0	0	4803
Canderson7	1183	11	0	18	13	1	220	2	0	0	0	1448
Canley	873	8	0	0	1	0	4	0	0	0	0	886
Canterbury Tail	1325	7	0	71	7	8	390	20	11	0	0	1839
Cantthinkofagoodname	2	0	0	0	0	0	2	0	0	0	0	4
CapitalR	356	2	0	3	5	0	49	1	1	0	1	418
Capitalistroadster	620	1	0	3	0	0	23	3	0	0	0	650
Carabinieri	415	7	0	4	3	0	3	2	0	0	0	434
Carbonite	188	3	0	28	10	0	226	22	0	0	0	477
Carcharoth	33	75	0	2	1	0	1	2	0	0	0	114
Caribbean H.Q.	348	11	0	64	10	7	229	18	0	0	0	687
Carioca	2427	10	0	6	1	0	9	0	0	0	0	2453
Carlosguitar	2924	20	0	30	1	3	166	11	0	0	0	3155
Carlossuarez46	10571	129	0	27	2	0	66	6	1	0	0	10802
Carnildo	2388	98	0	90	17	2	60	21	0	0	3	2679
Cary Bass	2	2	14	5	1	1	1	2	0	2	0	30
Casliber	102	53	7	131	6	23	110	6	0	0	2	440
Catbar	28	0	0	2	1	0	11	0	0	0	0	42
CatherineMunro	69	13	0	0	0	0	3	3	0	0	0	88
CattleGirl	908	12	0	19	3	1	42	7	0	0	0	992
Caulde	2522	84	0	423	28	54	892	36	0	0	78	4117
Causa sui	1691	40	0	88	53	18	255	17	3	0	1	2166
Cbl62	12	0	0	6	0	0	0	0	0	0	0	18
Cbrown1023	3423	75	0	401	72	7	205	32	0	0	8	4223
Cburnett	48	18	0	6	2	0	14	5	0	0	0	93
Cdc	2188	10	0	10	9	0	21	2	0	0	0	2240
Cecropia	39	3	0	36	5	0	6	6	0	215	334	644
Cedrus-Libani	101	4	0	1	0	0	0	0	0	0	0	106
Celestianpower	735	9	0	19	3	0	170	70	0	0	0	1006
Cenarium	1527	65	0	357	139	172	127	4	6	0	21	2418
Centrx	17216	403	0	1002	947	13	1333	212	0	0	0	21126
CesarB	3606	141	0	123	49	0	942	212	0	0	0	5073
Ceyockey	1778	47	0	4	0	0	15	2	0	0	0	1846
Chadloder	0	0	0	0	0	0	6	0	0	0	0	6
Chairboy	5156	13	0	69	8	0	187	14	0	0	0	5447
Chamal N	87	4	0	21	3	5	51	2	1	0	0	174
Chancemill	0	0	0	1	1	0	2	0	0	0	0	4
Charles Matthews	1936	33	0	3	1	0	127	20	0	0	0	2120
Chase me ladies, I'm the Cavalry	2526	48	0	441	26	48	855	32	16	0	1	3993
Chaser	1986	86	0	279	41	34	839	111	5	0	8	3389
Ched Davis	116	6	0	4	0	0	10	4	0	0	4	144
Chell and the cake	0	0	0	2	0	0	0	0	0	0	0	2
Chessnotator1967	0	0	0	1	0	0	0	0	0	0	0	1
Chick Bowen	4673	197	0	72	14	2	135	30	0	0	1	5124
Chillum	1467	26	0	54	11	7	669	43	70	0	8	2355
Chmod007	13	2	0	2	0	0	1	1	0	0	0	19
Chochopk	27	37	0	1	0	0	2	1	0	0	0	68
Choess	7	4	0	0	0	0	0	0	0	0	0	11
Cholmes75	4580	10	0	26	0	0	112	3	0	0	0	4731
Chris 73	1933	15	0	59	8	1	709	30	3	0	0	2758
Chris G	6866	156	0	248	15	38	2912	70	225	0	9	10539
Chris Roy	3	0	0	0	0	0	1	0	0	0	0	4
ChrisGriswold	1126	16	0	51	8	0	210	21	0	0	0	1432
ChrisO	2405	22	0	337	63	35	757	39	3	0	1	3662
ChrisTheDude	687	17	0	6	1	0	16	2	0	0	0	729
Chrislk02	4100	61	0	134	21	8	1632	91	12	0	5	6064
Christopher Mahan	38	5	0	0	0	0	0	0	0	0	0	43
Christopher Parham	604	6	0	4	2	0	24	1	0	0	0	641
Christopher Sundita	62	39	0	8	4	0	17	2	0	0	0	132
Chuck SMITH	0	1	0	0	0	0	0	0	0	0	0	1
Chunky Rice	342	1	0	4	3	0	31	2	0	0	0	383
Chuq	215	19	0	13	2	1	93	6	0	0	0	349
CieloEstrellado	0	0	0	1	0	0	0	0	0	0	0	1
Cimon Avaro	214	10	0	2	5	1	4	0	0	6	3	245
Circeus	1737	8	0	50	27	0	155	13	0	0	0	1990
Cirt	7500	62	0	394	19	54	3938	30	15	0	2	12014
Citicat	689	15	0	21	1	0	34	4	0	0	0	764
Ck lostsword	308	4	0	13	1	5	308	16	0	0	0	655
Ckatz	1321	51	0	184	5	38	769	18	17	0	1	2404
Clarkk	23	0	0	0	1	0	0	0	0	0	0	24
Cleared as filed	1346	19	0	0	0	0	53	2	0	0	0	1420
Climie.ca	0	0	0	2	1	0	12	1	1	0	1	18
ClockworkLunch	20	4	0	11	1	0	4	0	0	0	0	40
ClockworkSoul	758	46	0	38	7	4	214	19	3	0	0	1089
Closedmouth	14936	99	0	68	2	2	923	28	39	0	32	16129
CloudNine	422	15	0	24	1	2	32	2	0	0	0	498
ClueBot	0	0	0	1	0	0	0	0	0	0	0	1
Cnwb	661	11	0	0	0	0	23	2	0	0	0	697
Cobaltbluetony	6526	91	0	421	24	8	392	20	4	0	0	7486
Cobi	50	0	0	1	0	0	3	1	0	0	1	56
Coelacan	1194	30	0	85	10	1	845	53	0	0	0	2218
Coffee	863	56	0	91	7	36	237	9	0	0	4	1303
Coffeedrinker87	0	0	0	1	0	0	0	0	0	0	0	1
Cohesion	6798	46	0	2	18	1	3	0	0	0	0	6868
Colds7ream	108	2	0	1	1	0	2	0	0	0	2	116
Commander Keane	4768	219	0	38	22	0	138	29	0	0	1	5215
Conscious	13449	65	0	2	2	0	56	0	0	0	0	13574
Consumed Crustacean	732	22	0	42	3	1	354	36	1	0	0	1191
Conti	463	41	0	12	38	2	73	3	0	0	1	633
Cool Hand Luke	938	573	0	61	12	20	71	16	0	0	0	1691
Cool3	32	0	0	3	2	0	21	1	2	0	3	64
Coralmizu	168	2	0	23	1	2	47	2	1	0	0	246
Coredesat	11148	136	0	235	25	11	494	60	0	0	0	12109
Coren	850	22	37	54	7	6	183	35	3	0	1	1198
Cowman109	431	36	0	101	43	4	360	44	0	0	0	1019
Craigy144	3099	11	0	8	3	1	38	0	0	0	0	3160
Crazycomputers	443	8	0	54	15	6	714	40	2	0	3	1285
Crazytales	156	15	0	18	1	2	117	18	0	0	0	327
Cremepuff222	176	6	0	3	2	1	96	4	0	0	0	288
Croat Canuck	83	3	0	1	1	0	5	1	0	0	0	94
Crum375	177	18	0	89	6	9	224	12	0	0	0	535
Cryptic	9383	238	0	136	15	1	322	21	0	0	0	10116
CryptoDerk	1091	1	0	67	9	0	1014	45	0	0	0	2227
Crzrussian	5139	133	0	156	28	0	150	13	0	0	0	5619
Cuchullain	312	53	0	12	0	3	38	0	0	0	0	418
Curps	5148	166	0	461	101	0	26558	1065	0	0	0	33499
Cutler	69	0	0	0	0	0	7	0	0	0	0	76
CyborgTosser	2	0	0	0	0	0	0	0	0	0	0	2
Cyde	19067	106	0	258	32	2	829	168	0	0	0	20462
Cydebot	11798	0	0	0	0	0	0	0	0	0	0	11798
Cyp	3	0	0	0	0	0	0	0	0	0	0	3
Cyrius	1621	101	0	26	13	0	69	8	0	0	0	1838
D. Recorder	172	18	0	2	0	0	34	2	0	0	0	228
DDima	524	9	0	1	0	0	1	0	0	0	0	535
DESiegel	892	112	0	9	2	0	40	29	0	0	0	1084
DGG	8865	206	0	179	6	10	110	10	6	0	1	9393
DJ Clayworth	6089	31	0	39	11	0	331	18	3	0	0	6522
DMacks	5046	52	0	303	13	45	783	11	59	0	0	6312
DO11.10	417	28	0	2	0	0	2	1	0	0	2	452
DVD R W	6129	53	0	54	17	7	962	21	0	0	3	7246
DaGizza	904	1	0	8	4	1	54	3	0	0	0	975
Dale Arnett	69	1	0	2	0	0	4	0	0	0	0	76
Dan100	294	16	0	18	12	0	186	44	0	0	0	570
DanKeshet	104	1	0	6	0	0	2	0	0	0	0	113
DanMS	65	0	0	2	1	0	0	0	0	0	0	68
Danaman5	284	4	0	6	0	0	4	4	0	0	1	303
Daniel	4953	266	0	631	41	65	566	76	4	0	13	6615
Daniel Case	2357	34	21	277	16	8	4626	160	32	0	9	7540
Daniel J. Leivick	732	7	0	19	1	0	76	5	1	0	0	841
Daniel Olsen	711	1	0	10	0	0	84	2	0	0	0	808
Daniel Quinlan	54	3	0	0	2	0	2	0	0	0	0	61
DanielCD	243	1	0	15	11	0	37	2	0	0	0	309
Dank	9852	84	0	124	7	1	2175	13	17	0	1	12274
Danny	1072	126	0	26	9	0	105	29	0	4	7	1378
Dannyisme	5	0	0	4	0	0	2	2	0	0	0	13
Dante Alighieri	683	18	0	20	17	3	180	29	0	0	0	950
DarkFalls	2652	143	0	296	37	75	737	41	4	0	5	3990
Darkoneko	2	0	0	0	0	0	1	0	0	1	0	4
Darthgriz98	250	4	0	5	0	0	115	2	0	0	0	376
Darwinek	2176	13	0	69	5	0	191	6	0	0	0	2460
Dave souza	78	3	0	14	2	0	542	20	5	0	0	664
Davemeistermoab	4	0	0	1	0	1	3	1	0	0	1	11
Davewild	3059	40	0	3	3	0	381	1	0	0	0	3487
Daveydweeb	134	1	0	2	0	0	4	1	0	0	0	142
David D.	26	4	0	12	1	5	11	2	1	0	0	62
David Eppstein	2233	28	0	35	7	1	45	2	1	0	0	2352
David Fuchs	943	32	0	66	5	12	87	8	0	0	0	1153
David Gerard	526	43	0	69	7	1	1439	357	0	0	1	2443
David Kernow	635	5	0	45	0	0	0	0	0	0	0	685
David Levy	930	119	0	225	58	3	142	10	2	0	7	1496
David Newton	54	3	0	4	0	0	12	12	0	0	0	85
David.Monniaux	523	60	0	100	13	0	222	30	3	0	0	951
DavidLevinson	35	52	0	9	0	0	9	0	0	0	0	105
DavidWBrooks	1204	1	0	13	2	1	94	0	0	0	0	1315
Davidcannon	155	57	0	30	4	0	137	26	1	0	0	410
Davidgothberg	69	58	0	89	6	28	19	6	0	0	0	275
Davidruben	35	0	0	7	1	1	79	2	0	0	0	125
Davodd	191	29	0	3	3	1	23	1	0	0	0	251
Dbachmann	424	29	0	136	41	20	206	20	1	0	0	877
Dbenbenn	6085	109	0	260	583	0	26	7	0	0	0	7070
Dcoetzee	341	46	0	10	4	0	51	11	0	0	1	464
Ddstretch	13	0	0	20	5	6	207	20	6	0	0	277
Deacon of Pndapetzim	569	23	0	30	3	3	163	13	12	0	34	850
DeadEyeArrow	934	14	0	26	5	0	199	6	0	0	0	1184
Deathphoenix	1168	49	0	17	5	0	420	80	0	0	0	1739
Deb	13099	54	0	26	1	0	311	4	1	0	0	13496
Deckiller	1228	35	0	80	14	2	300	46	0	0	0	1705
Decltype	910	38	0	5	0	0	88	5	9	0	14	1069
Decumanus	42	0	0	3	0	0	12	0	0	0	0	57
Deiz	953	16	0	163	8	3	392	20	0	0	0	1555
Dekimasu	1090	63	0	15	1	0	17	1	2	0	1	1190
Delirium	3469	23	0	20	11	0	305	18	0	0	0	3846
Delldot	1793	24	0	15	6	1	606	9	0	0	0	2454
Deltabeignet	836	1	0	5	6	0	130	2	0	0	0	980
Demi	151	32	0	2	1	0	51	17	0	0	0	254
Denelson83	1136	18	0	57	12	11	39	6	0	0	0	1279
Denni	2324	30	0	23	3	0	5	0	0	0	0	2385
DerHexer	134628	44	0	93	3	9	5844	38	3	0	20	140682
Derek Ross	523	11	0	14	4	3	2	0	0	0	0	557
Deryck Chan	1	1	0	0	2	0	1	0	0	0	0	5
Deskana	1376	86	67	216	77	18	998	109	33	333	183	3496
Deville	1015	6	0	16	1	0	191	4	3	0	0	1236
Dfrg.msc	35	1	0	0	0	0	7	0	0	0	0	43
Dgies	575	29	0	27	4	3	223	18	0	0	2	881
Dgrant	0	0	0	1	0	0	0	0	0	0	0	1
Diberri	127	3	0	3	1	0	5	0	0	0	0	139
Dieter Simon	3	0	0	28	0	2	0	0	0	0	0	33
Dijxtra	135	6	0	13	6	0	36	4	0	0	0	200
Dina	3371	18	0	49	1	0	273	5	0	0	0	3717
Dino	24	0	0	0	0	0	0	0	0	0	0	24
Dinoguy1000	96	5	0	40	1	3	7	0	0	0	1	153
Discospinster	16527	372	0	137	8	12	1118	6	6	0	0	18186
Djsasso	991	182	0	37	5	2	348	10	1	0	8	1584
Dlohcierekim	5190	115	0	151	7	12	414	36	9	0	1	5935
Dmn	35	1	0	10	4	0	12	15	0	0	0	77
Doc glasgow	4087	123	0	370	42	11	1060	83	0	0	42	5818
Docu	1162	59	0	123	2	6	11	5	0	0	2	1370
Doczilla	73	5	0	9	6	0	87	8	0	0	0	188
Dominic	13273	59	40	81	186	2	3250	635	23	0	34	17583
DonCalo	0	0	0	1	0	0	0	0	0	0	0	1
Donald Albury	1157	3	0	7	2	2	118	4	0	0	0	1293
DoomsDay349	222	4	0	2	0	0	0	0	0	0	0	228
Dori	11	0	0	0	0	0	2	2	0	0	0	15
Doug	402	48	0	20	134	6	23	3	10	0	4	650
Doug Bell	2427	36	0	29	12	0	25	3	0	0	0	2532
Dougweller	269	5	0	125	16	28	756	16	30	0	0	1245
Dpbsmith	133	4	0	3	2	0	17	0	0	0	0	159
Dppowell	4	0	0	5	0	0	112	6	0	0	0	127
DrBob	17	1	0	0	0	0	7	0	0	0	0	25
DrKiernan	1302	23	0	42	5	3	133	8	0	0	0	1516
DragonflySixtyseven	22742	321	0	336	35	9	4197	180	164	0	125	28109
Dragons flight	612	65	0	115	35	1	117	28	0	0	1	974
Dravecky	626	5	0	85	5	1	0	0	0	0	0	722
Dreadstar	960	72	0	241	12	14	1864	96	2	0	0	3261
Drilnoth	15900	51	0	53	2	13	0	0	0	0	6	16025
Drini	9599	93	0	178	38	1	4455	233	1	0	8	14606
DropDeadGorgias	340	3	0	24	1	0	90	5	0	0	0	463
Dsmdgold	819	11	0	3	0	0	3	0	0	0	0	836
Duja	875	136	0	20	9	2	72	9	0	0	0	1123
Duk	3834	30	0	61	15	2	129	25	0	0	1	4097
Duncharris	986	57	0	47	10	0	92	20	0	0	0	1212
Durin	2448	7	0	28	13	0	168	15	0	0	0	2679
Durova	24	1	0	211	37	11	388	66	0	0	0	738
Dustimagic	216	2	0	4	2	0	50	8	1	0	0	283
Dvyost	56	0	0	0	0	0	11	1	0	0	0	68
Dweller	1594	24	0	103	2	4	282	9	0	262	10	2290
Dysprosia	154	6	0	3	1	0	97	11	0	0	0	272
ERcheck	2944	9	0	66	10	0	1002	29	1	0	0	4061
ESkog	10922	76	0	117	22	4	884	108	2	0	0	12135
EVula	2359	95	3	153	20	12	912	27	1	452	39	4073
EWS23	643	3	0	7	2	0	136	11	0	0	0	802
Earl Andrew	110	36	0	26	6	0	67	12	0	0	0	257
Earle Martin	264	11	0	6	2	1	31	2	0	0	0	317
East718	226040	1910	0	5511	1632	290	3526	1007	15	0	31	239962
Ed Poor	73	13	0	35	32	0	71	28	0	10	16	278
Ed g2s	3049	69	0	30	27	2	50	5	0	0	0	3232
EdJohnston	893	25	0	465	23	51	726	44	8	0	1	2236
Edcolins	32	4	0	2	2	0	2	0	0	0	0	42
Edgar181	34018	219	0	440	18	17	13683	175	122	0	19	48711
Edison	796	18	0	3	1	1	180	3	0	0	0	1002
Edokter	1309	33	0	32	14	20	45	5	0	0	1	1459
Edward	367	0	0	1	0	0	21	3	0	0	0	392
Edward Z. Yang	12	0	0	3	0	0	8	1	0	0	0	24
EdwinHJ	564	4	0	14	4	1	23	7	0	0	0	617
Efe	1506	5	0	11	1	3	163	0	2	0	1	1692
Egil	61	0	0	1	0	0	214	3	0	0	0	279
Either way	5469	36	0	161	10	9	879	43	9	0	7	6623
El C	1717	52	0	637	58	24	2996	116	0	0	3	5603
Eleassar	144	32	0	6	0	0	3	0	0	0	0	185
Electionworld	1285	33	0	1	0	0	0	0	0	0	0	1319
Elf	138	14	0	0	0	0	0	0	0	0	0	152
Elf-friend	465	1	0	17	0	0	15	0	0	0	0	498
ElinorD	7274	69	0	60	1	5	254	15	0	0	0	7678
Eliz81	960	48	0	93	0	19	229	4	0	0	1	1354
Elkman	5946	12	0	45	5	4	404	29	0	0	0	6445
Ellsworth	18	0	0	0	0	0	1	0	0	0	0	19
Elonka	1300	21	0	45	13	2	491	25	3	0	0	1900
Eloquence	126	5	0	8	5	0	29	10	0	0	1	184
Eluchil404	941	58	0	5	0	0	11	0	0	0	0	1015
Emperor	49	35	0	0	0	0	1	1	0	0	0	86
EncMstr	573	55	0	234	115	32	937	19	16	0	1	1982
Encephalon	92	22	0	27	6	0	28	36	0	0	0	211
Enchanter	14	0	0	1	3	0	2	0	0	0	0	20
EncycloPetey	121	15	0	66	0	2	30	2	0	0	0	236
Enigmaman	701	8	0	284	5	84	557	7	118	0	0	1764
Enochlau	17605	26	0	72	20	1	56	4	0	0	0	17784
Epbr123	2311	8	0	8	0	1	633	7	3	0	1	2972
Erdem Tüzün	0	0	0	2	0	0	0	0	0	0	0	2
Ericorbit	178	5	0	173	5	8	303	0	3	0	0	675
Esanchez7587	2316	3	0	68	4	7	242	1	0	0	0	2641
Espresso Addict	284	8	0	5	1	0	2	0	0	0	0	300
Esprit15d	389	9	0	9	2	0	1	0	0	0	0	410
Essexmutant	19	0	0	1	0	0	7	1	0	0	0	28
Essjay	1806	171	0	218	23	0	1236	248	0	715	102	4519
Esteffect	788	24	0	16	6	0	95	21	0	0	0	950
Eugene van der Pijll	969	54	0	9	3	0	8	1	0	0	0	1044
EurekaLott	729	67	0	18	1	0	33	0	0	0	0	848
Euryalus	842	5	0	45	1	10	328	8	13	0	3	1255
Ev	145	14	0	6	0	0	2	0	0	0	0	167
EvanProdromou	0	0	0	0	0	0	1	0	0	0	0	1
Eventtable	0	0	0	1	0	0	0	0	0	0	0	1
Evercat	338	5	0	32	24	1	259	35	0	0	0	694
Everyking	1272	4	0	7	12	0	28	12	0	0	0	1335
Evil Monkey	1894	13	0	28	12	0	284	23	0	0	0	2254
Evil saltine	956	39	0	20	9	0	467	20	6	0	3	1520
Evilphoenix	835	60	0	79	5	0	143	16	0	0	0	1138
Explicit	0	0	0	4	0	0	0	0	0	0	0	4
Exploding Boy	1419	6	0	7	3	1	403	21	7	0	0	1867
Extraordinary Machine	342	142	0	14	5	0	178	28	0	0	0	709
Extreme Unction	543	22	0	26	2	0	26	4	0	0	0	623
Eye of the Mind	16	2	0	9	2	1	9	0	0	0	0	39
EyeSerene	96	15	0	47	2	13	302	16	8	0	0	499
Eyrian	633	23	0	33	3	0	40	1	0	0	0	733
Ezeu	896	30	0	37	35	3	123	9	0	0	0	1133
Ezhiki	1092	257	0	42	13	6	65	23	0	0	1	1499
FCYTravis	3479	174	0	158	46	19	192	31	0	0	0	4099
FT2	407	31	37	73	6	5	226	37	13	0	17	852
Fabrictramp	4457	97	0	209	5	22	113	3	4	0	0	4910
Faithlessthewonderboy	3176	69	0	194	1	1	443	3	5	0	1	3893
Falco McCloud	0	0	0	1	0	0	0	0	0	0	0	1
Fang Aili	29076	83	0	118	52	0	253	12	0	0	0	29594
Fantasy	18	4	0	4	2	1	1	0	0	0	0	30
Fastfission	194	11	0	9	6	2	160	20	0	0	0	402
Fastily	3086	22	0	32	0	4	241	4	9	0	7	3405
Fawcett5	813	8	0	3	2	0	58	0	0	0	0	884
FayssalF	409	8	0	309	52	13	1308	84	0	0	0	2183
Feco	3	0	0	0	0	0	0	0	0	0	0	3
FeloniousMonk	17	13	0	29	4	0	143	20	0	0	0	226
Femto	370	4	0	30	7	0	288	9	0	0	0	708
Fennec	18	3	0	5	3	0	30	3	0	0	0	62
Ferkelparade	589	3	0	2	1	0	37	0	0	0	0	632
Feydey	6649	38	0	68	18	9	140	3	0	0	0	6925
Filelakeshoe	227	7	0	8	1	3	75	4	1	0	8	334
Filiocht	851	2	0	3	5	0	36	0	0	0	0	897
Finlay McWalter	335	3	0	19	5	0	426	19	0	0	0	807
Fir0002	21	0	0	0	0	0	1	0	0	0	0	22
Firefoxman	270	7	0	11	2	2	6	0	0	0	2	300
Firsfron	1553	10	0	156	6	6	280	31	0	0	1	2043
Fish and karate	9146	208	0	369	21	19	633	374	1	0	11	10782
FisherQueen	6906	18	0	300	7	12	1479	47	87	0	0	8856
Fishhead64	24	1	0	0	0	0	27	0	0	0	0	52
Fl	519	7	0	2149	3	21	129	2	4	0	16	2850
Flcelloguy	855	42	0	775	720	0	268	40	0	0	0	2700
FloNight	468	5	10	52	6	2	144	18	0	0	0	705
Flockmeal	146	1	0	1	0	0	14	0	0	0	0	162
Flowerparty	1957	59	0	19	3	0	29	0	0	0	0	2067
Flucky	0	0	0	1	0	0	0	0	0	0	0	1
Flyguy649	1339	22	0	201	8	21	742	37	1	0	0	2371
FlyingToaster	59	1	0	0	1	0	1	0	2	0	2	66
Formeruser-81	44	0	0	21	3	0	25	20	0	0	0	113
Formeruser-82	199	24	0	45	24	0	121	25	0	0	0	438
Fram	8602	131	0	187	6	33	389	8	5	0	0	9361
Fran Rogers	14857	108	0	309	26	43	3889	822	2369	0	7	22430
FrancisTyers	172	5	0	20	7	0	67	15	0	0	0	286
Francs2000	10097	74	0	122	17	0	574	21	0	0	12	10917
Frank	3844	39	0	44	2	4	203	7	3	0	5	4151
Frazzydee	363	13	0	64	32	0	12	13	0	0	0	497
Freakofnurture	9841	927	0	551	96	5	10422	1134	0	0	0	22976
Fred Bauder	179	47	244	114	31	1	321	177	49	0	30	1193
Fred J	1430	16	0	12	7	0	36	1	0	0	0	1502
Fredrik	209	3	0	1	0	0	40	1	0	0	0	254
Freestylefrappe	14	0	0	4	1	0	48	1	0	0	0	68
FreplySpang	6790	37	0	35	5	0	776	47	0	0	0	7690
Fribbler	467	4	0	9	0	1	2	2	1	0	2	488
Friday	9669	96	0	55	22	3	392	40	0	0	12	10289
Fritzpoll	1109	28	0	42	3	7	67	11	4	0	30	1301
Fropuff	28	1	0	2	0	0	2	0	0	0	0	33
Fuhghettaboutit	6563	140	0	186	8	0	305	9	12	0	2	7225
Func	9	0	0	14	1	0	1215	124	0	0	0	1363
Furrykef	110	11	0	0	1	0	1	0	0	0	0	123
Future Perfect at Sunrise	3681	167	0	452	48	39	1733	285	24	0	8	6437
Fuzheado	886	20	0	62	13	3	574	42	0	0	0	1600
Fvasconcellos	1665	121	0	216	18	49	158	7	2	0	3	2239
Fvw	2867	41	0	28	17	0	2226	3509	31	0	0	8719
Fys	802	7	0	29	13	0	168	40	0	0	0	1059
G-Man	112	33	0	10	5	0	12	1	0	0	0	173
G.A.S	51	2	0	0	0	0	0	0	0	0	0	53
GDonato	3019	33	0	296	19	13	425	38	1	0	10	3854
GRBerry	1667	195	0	53	20	1	113	10	0	0	0	2059
GTBacchus	4079	315	0	19	13	0	176	13	0	0	0	4615
Gabbe	636	0	0	0	1	0	8	3	0	0	0	648
Gadfium	2073	33	0	57	12	3	2307	182	3	0	10	4680
Gadget850	338	26	0	3	1	0	0	0	0	0	0	368
Gaillimh	27	13	0	13	2	0	35	7	0	0	0	97
Gaius Cornelius	9	0	0	1	0	0	62	3	0	0	0	75
Galwhaa	235	6	0	2	0	0	11	3	0	0	0	257
Gamaliel	1551	109	0	176	72	9	1052	165	6	0	0	3140
Ganeshk	809	129	0	11	7	0	20	10	0	0	0	986
Garden	1035	41	0	44	5	11	150	16	5	0	8	1315
Garion96	13117	335	0	65	11	7	213	9	2	0	6	13765
Garzo	351	4	0	40	5	2	444	8	0	0	0	854
Gatoclass	123	2	0	44	26	1	1	0	0	0	0	197
Gator1	172	15	0	55	3	0	183	26	0	0	0	454
Gazimoff	324	3	0	5	2	1	72	2	1	0	2	412
Gdr	337	10	0	47	45	0	5	0	0	0	0	444
Ged UK	2451	18	0	188	5	33	302	0	8	0	0	3005
GeeJo	707	8	0	63	33	0	4	0	0	0	0	815
GeneralPatton	25	0	0	3	3	0	13	3	0	0	0	47
Geni	10139	294	0	181	102	0	449	90	0	0	4	11259
Geniac	185	0	0	50	17	3	459	4	0	0	0	718
Gentgeen	99	6	0	2	0	1	35	4	0	0	0	147
Geogre	5178	12	0	21	2	0	221	16	1	0	0	5451
Geometry guy	233	24	0	1	1	3	0	0	0	0	2	264
Georgewilliamherbert	59	108	0	158	4	17	1070	104	11	0	1	1532
Gerald Farinas	65	0	0	3	4	1	4	1	0	0	0	78
Geschichte	6755	77	0	3	0	0	19	6	0	0	0	6860
Getluv	0	0	0	1	0	0	0	0	0	0	0	1
Gilliam	1023	4	0	128	24	16	6936	13	9	0	0	8153
Gimmetrow	937	69	0	165	3	62	343	28	7	0	10	1624
Ginkgo100	963	17	0	38	13	0	527	14	0	0	2	1574
Gladys j cortez	3	0	0	24	2	2	82	4	5	0	0	122
GlassCobra	2269	66	0	76	8	8	1311	13	6	0	9	3766
Glen	1621	83	0	182	17	1	4516	198	0	0	0	6618
Gnangarra	1592	33	0	189	17	6	233	40	1	0	2	2113
Gnasher29	0	0	0	1	0	0	0	0	0	0	0	1
Goatasaur	16	2	0	1	1	0	2	0	0	0	0	22
Gogo Dodo	28311	103	0	745	5	99	3840	40	91	0	1	33235
Golbez	5523	84	0	222	80	16	1315	163	5	0	0	7408
Goldom	1899	7	0	8	0	0	50	4	0	0	0	1968
GoneAwayNowAndRetired	149	4	0	135	4	41	89	3	12	0	2	439
Gonzo fan2007	3778	80	0	405	38	66	240	21	0	0	9	4637
Good Olfactory	5964	367	0	48	15	3	73	7	4	0	0	6481
Goodnightmush	626	1	0	13	1	4	105	1	0	0	0	751
Goodoldpolonius2	1	0	0	4	2	0	27	0	0	0	0	34
Graeme Bartlett	4900	73	0	43	1	6	327	0	17	0	1	5368
GraemeL	971	6	0	59	28	2	1177	87	3	0	0	2333
Graft	3	1	0	1	1	2	0	0	0	0	0	8
Graham87	4720	8631	0	92	6	20	109	7	4	0	2	13591
GrahamColm	27	0	0	11	2	1	17	4	0	0	0	62
Grandmasterka	3057	35	0	118	12	2	528	30	1	0	3	3786
Grant65	6	5	0	2	1	0	3	0	0	0	0	17
Greeves	323	5	0	6	2	0	26	0	0	0	7	369
GregAsche	239	1	0	13	17	0	152	9	0	0	0	431
GregRobson	1	0	0	0	0	0	0	0	0	0	0	1
Grenavitar	864	32	0	3	2	0	41	7	0	0	1	950
Grendelkhan	38	2	0	0	0	0	4	0	0	0	0	44
Grm wnr	533	6	0	4	2	0	38	5	0	0	0	588
Grossmünster	0	0	0	1	0	0	0	0	0	0	0	1
Ground Zero	61	0	0	29	6	4	30	0	3	0	0	133
Grue	198	103	0	10	18	0	25	7	0	0	0	361
Grunt	86	5	0	4	2	0	10	2	0	0	0	109
Grutness	2439	103	0	87	8	3	24	16	0	0	0	2680
Gryffindor	109	8	0	5	0	0	1	1	0	0	0	124
Gtrmp	403	12	0	3	0	0	1	0	0	0	0	419
Guanaco	513	188	0	40	42	0	387	257	0	0	0	1427
Guettarda	201	73	0	41	27	5	67	18	0	0	0	432
Gurch	36411	1467	0	76	22	0	695	17	0	0	0	38688
Gurubrahma	309	6	0	144	93	0	39	2	0	0	0	593
Gutza	12	1	0	2	1	2	5	3	0	0	0	26
Gwalla	922	10	0	2	1	0	69	8	0	0	0	1012
Gwen Gale	7199	238	0	497	40	34	1037	152	48	0	5	9250
Gwernol	3832	26	0	344	45	11	4359	157	0	0	0	8774
Gyrofrog	153	11	0	12	2	2	259	14	2	0	0	455
H	6668	26	0	96	39	0	1080	129	0	0	0	8038
Hadal	1484	0	0	6	7	0	316	3	0	0	0	1816
Haemo	2305	14	0	69	7	18	226	43	0	0	0	2682
Hajor	163	7	0	13	12	0	16	1	0	0	0	212
Hall Monitor	460	12	0	270	32	1	2964	235	0	0	0	3974
Hamster Sandwich	3	1	0	0	0	0	22	3	1	0	0	30
Happy-melon	2509	52	3	196	52	19	0	0	0	0	3	2834
HappyCamper	4332	105	0	121	87	0	586	458	0	0	0	5689
Happyme22	571	9	0	44	1	7	11	0	0	0	0	643
Harej	2598	74	0	132	45	7	38	20	2	0	9	2925
Harold Oxley	0	0	0	2	0	0	0	0	0	0	0	2
Harro5	4810	33	0	72	4	0	167	10	0	0	0	5096
Harryboyles	2379	2	0	10	1	0	4	1	0	0	0	2397
Hashar	19	0	0	0	0	0	0	0	0	0	0	19
Hatricide	0	0	0	1	0	0	0	0	0	0	0	1
Haukurth	1198	68	0	15	34	0	78	13	0	0	3	1409
Hawstom	3	0	0	5	1	0	6	1	0	0	0	16
Hbdragon88	669	7	0	7	1	2	1	0	0	0	0	687
Hcheney	20	0	0	0	0	0	15	0	0	0	0	35
Hdt83	25	1	0	9	2	0	76	2	0	0	1	116
Heah	782	14	0	17	6	0	92	9	0	0	0	920
Heimstern	446	19	0	97	8	7	928	38	6	0	0	1549
Hemanshu	447	5	0	0	0	0	5	0	0	0	0	457
Hemlock Martinis	816	44	0	28	2	5	84	8	0	0	0	987
Henrik	466	25	0	33	13	4	162	22	1	0	4	730
Henry Flower	125	1	0	18	10	0	213	8	0	0	0	375
Henrygb	1491	36	0	6	3	0	21	0	0	0	0	1557
Hephaestos	1	2	0	3	2	0	0	0	0	0	0	8
Herbythyme	3022	11	0	45	2	6	515	25	7	0	1	3634
HereToHelp	138	3	0	37	11	3	17	3	0	0	0	212
Hermione1980	501	4	0	4	3	1	11	2	0	0	0	526
Hernando Magallanes	0	0	0	4	0	0	0	0	0	0	0	4
Heron	24	2	0	0	0	0	54	4	0	0	0	84
Herostratus	5268	77	0	14	4	0	65	5	0	0	0	5433
Hersfold	3206	62	0	982	19	361	1052	212	126	0	41	6061
Hesperian	2268	201	0	91	16	3	355	55	1	0	0	2990
Hiberniantears	866	5	0	64	3	20	1008	23	8	0	2	1999
Hiding	1826	130	0	33	25	1	50	14	0	0	4	2083
Hit bull, win steak	163	4	0	2	0	0	32	0	1	0	0	202
Hmhur	0	0	0	1	0	0	0	0	0	0	0	1
Hmwith	5442	52	3	37	2	1	69	4	3	0	1	5614
Hoary	432	15	0	75	5	7	233	8	2	0	0	777
Horologium	482	3	0	118	4	30	66	0	6	0	1	710
HorsePunchKid	189	0	0	0	0	0	0	0	0	0	0	189
HowDumbAreYou	0	0	0	1	0	0	0	0	0	0	0	1
Howcheng	18975	178	3	68	100	1	75	11	0	0	1	19412
Hu12	1439	52	0	356	14	3	994	37	1	0	2	2898
Humblefool	596	11	0	3	2	0	4	2	0	0	0	618
Humus sapiens	73	2	0	64	4	0	124	12	0	0	0	279
Huntster	412	25	0	25	4	2	25	0	0	0	0	493
Hurricanehink	214	2	0	0	0	0	7	0	0	0	0	223
Husnock	59	1	0	22	8	0	27	9	0	0	0	126
Husond	1241	11	0	422	39	22	1139	39	0	0	1	2914
Hut 8.5	5734	57	0	627	17	37	1146	17	4	0	19	7658
Hyacinth	424	12	0	0	1	0	6	1	0	0	0	444
IMatthew	0	0	0	1	0	0	0	0	0	0	0	1
Ian Dalziel	0	0	0	1	0	0	0	0	0	0	0	1
Ian13	1926	51	0	30	8	2	65	21	0	0	0	2103
IanManka	1212	236	0	73	11	7	225	26	2	0	0	1792
Ianblair23	130	39	0	1	2	0	0	0	0	0	0	172
Icairns	256	7	0	1	1	0	3767	64	1	0	0	4097
Ice Cold Beer	1457	11	0	10	3	2	319	11	6	0	0	1819
IceKarma	1743	8	0	2	2	0	0	1	0	0	0	1756
Icestorm815	1542	29	0	93	7	24	403	11	19	0	5	2133
Icewedge	635	5	0	4	0	1	136	1	3	0	3	788
Idont Havaname	159	5	0	3	2	0	48	0	0	0	0	217
Ihcoyc	270	4	0	19	0	0	1	0	0	0	0	294
Ike9898	303	3	0	5	1	1	30	3	0	0	0	346
Ikiroid	61	5	0	1	0	0	20	1	0	0	0	88
Ilmari Karonen	1080	641	0	32	2	1	210	32	0	0	1	1999
Ilyanep	153	2	0	6	2	0	32	7	0	15	18	235
Improv	1233	9	0	188	11	0	79	15	0	0	0	1535
Imran	1	0	0	0	0	0	1	0	0	0	0	2
InShaneee	3951	20	0	91	5	0	528	56	0	0	0	4651
Infrogmation	4660	78	0	130	8	3	5883	116	8	2	1	10889
Inter	649	4	0	6	1	0	181	10	0	0	0	851
Interiot	1319	23	0	14	8	0	11	1	0	0	0	1376
Ioeth	2623	53	0	123	30	15	1561	40	5	0	12	4462
Iridescent	3376	81	0	124	10	37	839	44	8	0	8	4527
Irina Spalko	0	0	0	1	0	0	0	0	0	0	0	1
Irishguy	11708	25	0	107	3	0	1413	14	0	0	0	13270
IronGargoyle	3517	242	0	59	21	5	128	2	0	0	0	3974
Ish ishwar	46	3	0	1	0	0	11	1	0	0	0	62
Islander	677	22	0	109	1	6	79	5	1	0	4	904
Isomorphic	213	0	0	1	0	0	14	1	0	0	0	229
Isotope23	2009	23	0	124	33	10	490	59	0	0	0	2748
It Is Me Here	216	3	0	12	2	0	8	3	1	0	3	248
Ixfd64	3570	80	0	65	292	4	1339	3741	11	0	2	9104
Izehar	148	3	0	18	21	0	89	20	0	0	0	299
J Di	1548	57	0	75	32	0	581	44	0	0	0	2337
J Greb	1385	59	0	76	2	16	31	2	1	0	0	1572
J Milburn	7928	125	0	50	7	18	82	0	0	0	7	8217
J-stan	178	7	0	7	3	4	76	6	0	0	24	305
J.J.	1	2	0	0	0	0	1	0	0	0	0	4
J.delanoy	8008	246	0	721	31	220	13966	227	724	0	68	24211
J.smith	1172	48	0	26	7	2	240	42	0	0	0	1537
JCarriker	122	29	0	9	4	0	61	13	0	0	0	238
JDoorjam	1760	44	0	100	18	3	121	21	0	0	0	2067
JForget	5799	95	0	430	506	168	1535	13	12	0	0	8558
JGHowes	247	16	0	27	0	2	65	1	3	0	0	361
JHunterJ	962	83	0	9	1	2	12	2	0	0	0	1071
JIP	6730	66	0	23	4	1	144	3	0	0	0	6971
JLaTondre	13999	69	0	33	4	0	1293	15	0	0	0	15413
JPD	622	5	0	2	2	0	19	1	0	0	0	651
JPG-GR	6417	69	0	13	2	0	15	0	0	0	0	6516
JRM	174	9	0	11	17	0	15	28	0	0	0	254
JWSchmidt	43	2	0	13	5	0	58	1	0	0	1	123
JYolkowski	2375	20	0	11	27	0	139	9	1	0	0	2582
JaGa	0	0	0	1	0	0	0	0	0	0	0	1
Jac16888	14580	59	0	57	3	8	194	12	75	0	1	14989
Jacoplane	324	33	0	92	47	3	159	11	0	0	0	669
Jafeluv	711	51	0	4	1	0	4	0	0	0	0	771
Jake Nelson	21	1	0	0	0	0	1	0	0	0	0	23
Jake Wartenberg	1912	87	0	49	1	4	336	27	24	0	15	2455
James086	3983	26	0	17	1	2	336	12	0	0	1	4378
JamesR	1090	8	0	42	4	10	104	10	1	0	3	1272
JamesTeterenko	222	2	0	27	18	0	160	4	0	0	0	433
Jamesday	6	7	0	2	0	0	6	1	0	0	0	22
JamieS93	5568	50	0	41	7	12	56	1	3	0	11	5749
Jaranda	17921	149	0	323	98	2	1208	229	0	0	0	19930
Jarry1250	606	8	0	11	1	2	29	1	3	0	3	664
Jasonbres	0	0	0	1	0	0	0	0	0	0	0	1
Jauerback	1233	8	0	54	8	6	764	55	6	0	4	2138
Jaxl	1604	10	0	3	1	0	36	0	0	0	0	1654
Jay	18	8	0	0	0	0	0	0	0	0	0	26
Jayjg	527	156	3	423	68	1	1981	228	1	0	0	3388
Jayron32	1425	24	0	301	9	36	1557	212	58	0	16	3638
Jbmurray	87	8	0	7	6	0	18	1	0	0	0	127
Jc37	1453	101	0	40	9	9	60	7	1	0	1	1681
Jclemens	10644	84	0	187	1	1	605	3	25	0	8	11558
Jcw69	67	1	0	0	0	0	108	3	0	0	0	179
Jdavidb	81	0	0	13	2	0	48	2	0	0	0	146
Jdforrester	389	53	0	23	7	0	48	12	0	0	0	532
JeLuF	146	3	0	2	0	0	2	1	0	0	4	158
Jedi6	14	0	0	2	3	0	10	1	0	0	0	30
Jeepday	515	9	0	15	1	0	510	8	4	0	0	1062
Jeffrey O. Gustafson	14386	197	0	469	28	37	727	107	0	0	1	15952
Jehochman	141	22	0	94	11	12	486	84	6	0	1	857
Jengod	125	0	0	7	0	0	0	0	0	0	0	132
Jennavecia	4317	517	0	284	29	58	438	49	1	0	13	5706
JeremyA	1998	16	0	37	16	0	267	14	0	0	0	2348
Jerry	3515	198	0	99	14	1	72	9	0	0	3	3911
Jersey Devil	554	10	0	28	6	2	188	18	0	0	0	806
Jersyko	578	1	0	52	10	5	116	6	0	0	0	768
Jerzy	290	154	0	4	0	0	111	5	3	0	0	567
Jesse Viviano	1699	66	0	11	5	2	321	57	0	0	0	2161
JesseW	29055	126	0	37	8	0	77	21	0	0	1	29325
Jfdwolff	440	39	0	102	16	7	266	19	0	0	0	889
Jiang	371	18	0	17	5	0	89	3	0	0	0	503
Jimbo Wales	299	16	0	42	13	3	79	41	0	0	9	502
Jimfbleak	31056	131	0	765	31	4	1426	234	1	0	0	33648
Jimregan	3	0	0	0	0	0	0	0	0	0	0	3
Jimtinman3909	0	0	0	1	0	0	0	0	0	0	0	1
Jingiby	0	0	0	1	0	0	0	0	0	0	0	1
Jinian	1740	5	0	9	3	0	0	0	0	0	0	1757
Jitse Niesen	627	24	0	14	9	2	35	4	0	0	0	715
Jj137	5098	59	0	286	30	49	875	20	0	0	33	6450
Jkelly	3628	61	0	35	17	0	188	12	0	0	0	3941
Jmabel	167	33	0	7	7	0	127	5	0	0	0	346
Jmlk17	11140	72	0	942	48	79	2032	52	0	0	0	14365
Jnc	1906	158	0	114	34	0	46	20	0	0	0	2278
Jni	19112	26	0	24	4	0	199	2	0	0	0	19367
Jnothman	62	1	0	1	0	0	1	1	0	0	0	66
JoJan	6285	30	0	117	2	6	1267	9	1	0	0	7717
JoanneB	1180	48	0	51	22	0	816	105	0	0	0	2222
JodyB	1848	38	0	21	4	4	305	22	0	0	0	2242
Joe Beaudoin Jr.	544	1	0	17	3	0	68	2	0	0	0	635
Joelr31	661	12	0	9	8	0	83	1	0	0	0	774
Jogers	91	0	0	0	0	0	0	0	0	0	0	91
Johan Elisson	352	14	0	11	4	0	42	5	0	0	0	428
Johann Wolfgang	54	2	0	2	1	0	57	1	0	0	0	117
John	2572	19	0	92	4	6	1205	25	1	0	0	3924
John Carter	327	3	0	21	2	2	41	4	18	0	3	421
John Kenney	190	33	0	4	3	0	8	4	0	0	0	242
John Reaves	11925	176	0	418	161	42	2262	228	1	0	49	15262
John Vandenberg	836	187	105	87	17	23	139	32	0	0	9	1435
JohnOwens	6	0	0	0	1	0	0	0	0	0	0	7
Johnleemk	1751	20	0	6	3	0	240	20	0	0	0	2040
Johntex	131	28	0	27	4	1	180	11	0	0	0	382
Joke137	15	0	0	1	1	0	29	3	0	0	0	49
Jon513	1325	19	0	3	0	0	43	1	0	0	2	1393
JonMoore	39	1	0	2	2	0	0	0	0	0	0	44
Jonathunder	135	13	0	8	1	0	65	3	0	0	0	225
Jondel	243	1	0	31	8	0	71	1	0	0	0	355
Jonny-mt	1027	40	0	67	5	10	217	15	0	0	8	1389
Joolz	244	3	0	0	1	0	0	1	0	0	0	249
Josephjames21	0	0	0	1	0	0	0	0	0	0	0	1
Josh Grosse	38	2	0	0	0	0	0	0	0	0	0	40
Joshbuddy	22	0	0	0	0	0	5	0	0	0	0	27
JoshuaZ	597	51	0	102	13	0	627	71	0	0	0	1461
Josiah Rowe	109	25	0	76	10	0	335	19	0	0	0	574
Jossi	760	34	0	356	95	28	2058	77	2	0	1	3411
Journalist	403	7	0	52	19	5	125	14	0	0	4	629
Joy	281	99	0	14	6	0	4	0	0	0	0	404
Joyous!	8432	13	0	131	50	0	447	18	0	0	0	9091
Jpgordon	963	22	1	198	17	10	2981	287	52	0	1	4532
Jrdioko	429	0	0	0	0	0	18	0	0	0	0	447
Jredmond	551	12	0	37	4	1	201	10	19	0	1	836
Jreferee	1375	49	0	144	6	27	36	4	0	0	0	1641
Jtdirl	112	30	0	118	44	0	432	29	0	0	0	765
Jtkiefer	870	100	0	53	15	0	403	85	0	0	0	1526
Judas Preist is effin awsome	0	0	0	2	0	0	0	0	0	0	0	2
Juliancolton	15400	199	0	595	33	204	2711	47	35	0	366	19590
Jusjih	1404	87	0	9	1	1	5	0	0	0	0	1507
Justinc	520	2	0	0	0	0	0	0	0	0	0	522
Jwrosenzweig	40	0	0	1	0	0	7	0	0	0	1	49
JzG	10196	258	0	645	36	20	1381	90	6	0	0	12632
Jza84	340	0	0	61	1	5	147	6	1	0	6	567
Jéské Couriano	521	118	0	757	61	122	1008	105	57	0	3	2752
K1Bond007	354	8	0	3	3	0	37	4	0	0	0	409
KF	510	16	0	2	0	0	1	0	0	0	0	529
KFP	736	116	0	14	4	1	65	10	0	0	0	946
Kafziel	1984	31	0	207	22	19	1407	58	10	0	8	3746
Kaihsu	335	27	0	11	6	0	128	15	0	0	0	522
Kaiser matias	16	3	0	4	0	0	16	0	0	0	0	39
Kaisershatner	70	0	0	14	3	2	479	16	0	0	0	584
Kakofonous	66	3	0	5	1	0	4	1	0	0	1	81
Kaldari	259	27	0	67	17	12	68	11	3	0	0	464
Kane5187	241	6	0	1	0	0	1	0	0	0	0	249
Kanonkas	607	24	0	80	12	54	1254	66	501	0	17	2615
Karada	624	16	0	48	8	1	561	23	1	0	0	1282
Karanacs	662	3	0	12	0	2	12	0	1	0	5	697
Karl Dickman	2771	41	0	9	8	0	33	10	0	0	0	2872
Karmafist	165	35	0	15	5	0	160	21	0	0	0	401
Katefan0	841	20	0	212	128	0	351	52	0	0	0	1604
Kateshortforbob	364	3	0	7	2	0	26	3	1	0	2	408
Kathryn NicDhàna	59	0	0	10	1	0	6	1	0	0	0	77
Kbdank71	22379	57	0	43	2	0	357	13	7	0	1	22859
Kbh3rd	110	10	0	23	0	1	1140	47	9	0	0	1340
Kbthompson	139	26	0	23	1	1	119	2	0	0	2	313
Kcordina	1220	41	0	9	0	0	168	7	0	0	0	1445
Keegan	3803	134	19	87	20	10	257	34	5	0	16	4385
Keenan Pepper	296	1	0	3	0	0	11	0	0	0	0	311
Keeper76	3067	78	0	67	12	9	89	14	0	0	22	3358
Keilana	1635	51	0	72	12	9	615	19	0	0	11	2424
Keith D	1065	547	0	120	0	9	51	1	0	0	1	1794
Kelly Martin	736	56	0	27	11	0	413	60	0	0	0	1303
Kevin	3259	52	0	154	8	31	590	27	7	0	6	4134
Khaosworks	330	12	0	10	4	0	162	80	0	0	0	598
Khendon	3	0	0	1	2	0	0	0	0	0	0	6
Khoikhoi	1196	298	0	594	223	11	1757	143	3	0	1	4226
Khukri	1055	12	0	60	7	2	444	14	1	0	0	1595
Khym Chanur	0	0	0	6	0	0	0	0	0	0	0	6
Kicking222	529	1	0	0	0	0	0	0	0	0	0	530
KieferSkunk	725	11	0	3	0	3	14	3	0	0	0	759
KillerChihuahua	1213	35	0	104	12	7	397	30	7	0	0	1805
Killiondude	2019	30	0	34	2	11	122	0	8	0	10	2236
Kilo-Lima	1207	2	0	36	9	0	668	69	0	0	0	1991
Kim Bruning	49	5	0	11	3	0	33	14	0	0	0	115
Kim Dent-Brown	284	1	0	17	2	0	3	1	0	0	0	308
Kimchi.sg	43244	715	0	538	118	20	2185	211	21	0	0	47052
KimvdLinde	888	55	0	61	19	1	47	7	1	0	0	1079
King of Hearts	5493	163	0	459	80	35	1733	551	13	0	14	8541
Kingboyk	3142	316	0	103	12	0	214	24	0	0	2	3813
Kingturtle	743	26	0	172	14	28	338	10	7	1481	77	2896
Kinu	6990	39	0	455	20	9	798	62	5	0	0	8378
Kirill Lokshin	1831	50	0	22	2	5	161	15	0	0	1	2087
Kizor	60	252	0	9	8	1	25	3	0	0	0	358
Kjkolb	491	14	0	1	1	0	138	8	0	0	0	653
Kmccoy	198	5	0	23	3	4	44	9	4	0	4	294
KnightLago	1032	50	0	200	16	33	845	91	8	0	1	2276
Knowledge Seeker	115	32	0	19	19	0	110	75	0	0	0	370
KnowledgeOfSelf	1671	27	0	261	27	17	5512	114	0	0	0	7629
Konstable	1080	91	0	97	25	0	435	135	0	0	0	1863
Kosebamse	335	0	0	1	0	0	10	0	0	0	0	346
Kotra	22	1	0	2	0	0	2	0	0	0	0	27
Kpjas	121	0	0	2	0	0	1	0	0	0	0	124
KrakatoaKatie	3346	70	0	99	5	17	318	16	0	0	3	3874
Kralizec!	684	94	0	637	202	78	3323	42	29	0	13	5102
Ktsquare	11	0	0	0	0	0	0	1	0	0	0	12
Kubigula	8086	39	0	112	9	1	556	19	2	0	0	8824
Kukini	920	11	0	50	2	2	3481	4	2	0	0	4472
Kungfuadam	16119	264	0	186	39	0	2569	245	0	0	0	19422
Kurt Shaped Box	2046	18	0	130	6	33	1605	20	12	0	0	3870
Kuru	1818	5	0	260	10	7	3750	60	52	0	7	5969
Kurykh	6191	108	0	184	19	42	600	72	4	0	4	7224
Kusma	11223	101	0	170	36	9	919	31	5	0	8	12502
Kwamikagami	743	31	0	125	9	18	231	16	12	0	0	1185
Kwsn	1720	13	0	47	4	17	220	32	0	0	0	2053
Kyle Barbour	477	115	0	2	0	0	46	11	0	0	0	651
Kylu	1427	44	0	191	12	25	246	26	0	0	35	2006
Kyorosuke	1013	46	0	43	23	0	162	47	0	0	0	1334
Kzollman	125	34	0	1	0	0	2	1	0	0	0	163
L'Aquatique	667	10	0	21	3	13	46	8	0	0	3	771
LAX	219	3	0	3	4	1	95	1	0	0	4	330
La goutte de pluie	591	30	0	32	17	2	184	37	0	0	0	893
Lachatdelarue	237	7	0	0	1	0	6	1	0	0	0	252
Lacrimosus	222	3	0	16	1	0	44	1	0	0	0	287
LadyofShalott	1241	12	0	24	4	1	75	6	1	0	1	1365
Lankiveil	990	26	0	15	0	5	131	3	12	0	1	1183
Lar	928	64	0	110	29	11	542	43	2	0	11	1740
Larry V	263	11	0	1	1	0	2	0	0	0	0	278
Laser brain	165	1	0	2	0	0	5	2	0	0	0	175
Laurascudder	848	4	0	3	2	0	9	1	0	0	0	867
Law	361	20	0	15	2	1	205	6	5	0	1	616
Lazulilasher	211	9	0	16	4	5	59	1	2	0	2	309
LeaveSleaves	0	0	0	6	0	0	0	0	0	0	0	6
Lectonar	15621	67	0	192	147	84	387	9	8	0	0	16515
Leebo	547	11	0	16	0	0	128	7	0	0	0	709
Leinad	3	0	0	0	0	0	0	0	0	0	0	3
Leithp	367	22	0	6	1	0	329	12	0	0	0	737
Lenticel	227	5	0	1	0	0	0	0	0	0	0	233
LessHeard vanU	536	52	0	281	12	25	2683	78	32	0	0	3699
Lethe	35	13	0	3	2	0	34	16	0	0	0	103
Lexi Marie	605	28	0	41	25	0	157	52	0	0	0	908
Lexicon	163	23	0	10	3	1	56	5	0	0	0	261
Lexor	40	0	0	0	0	0	0	0	0	0	0	40
Lid	2421	11	0	17	0	0	49	0	0	0	0	2498
Lifebaka	2782	158	0	44	11	10	155	12	8	0	2	3182
Lightdarkness	1528	18	0	5	3	0	183	19	0	0	0	1756
Ligulem	4947	12	0	749	660	0	150	6	0	0	0	6524
LinguistAtLarge	175	2	0	1	0	0	0	0	0	0	2	180
Linuxbeak	339	5	0	64	17	0	389	34	0	20	15	883
Lipinki	0	0	0	2	0	0	0	0	0	0	0	2
LiquidGhoul	27	1	0	1	0	0	0	0	0	0	0	29
LittleDan	34	1	0	1	2	0	4	0	0	0	0	42
Llywrch	162	15	0	17	6	1	27	8	0	0	0	236
Lommer	737	2	0	1	2	0	1	0	0	0	0	743
Lomn	9	0	0	1	1	0	8	0	0	0	0	19
Longhair	5717	10	0	124	38	3	1680	41	1	0	4	7618
Lord Emsworth	2	0	0	0	0	0	0	0	0	0	0	2
Lord Voldemort	182	1	0	9	26	0	4	4	0	0	0	226
LordAmeth	52	1	0	0	0	0	0	0	0	0	0	53
Loren36	76	1	0	12	4	1	302	20	0	0	0	416
Lostintherush	792	7	0	27	6	2	112	6	0	0	0	952
LouI	35	1	0	0	0	0	0	0	0	0	0	36
Lowellian	256	70	0	5	0	0	0	0	0	0	0	331
Lquilter	22	1	0	0	0	0	6	0	0	0	0	29
Lradrama	181	2	0	0	0	0	201	15	0	0	1	400
Lucky 6.9	27946	129	0	766	50	0	1919	248	0	0	0	31058
Ludraman	16	3	0	2	2	0	4	0	0	0	0	27
Luigi30	3279	15	0	52	2	0	152	5	0	0	0	3505
Luis Hernández García	0	0	0	2	0	0	0	0	0	0	0	2
Luk	21829	215	0	622	26	125	3973	342	127	0	18	27277
Luna Santin	6254	101	11	1818	160	122	12614	1035	107	0	15	22237
Lupin	642	1	0	5	3	0	126	8	0	0	0	785
Lupo	1911	15	0	9	0	0	398	21	0	0	0	2354
Lyrl	257	1	0	0	1	0	5	0	0	0	0	264
M7	0	0	0	0	0	0	0	0	1	0	0	1
MBK004	711	12	0	136	4	20	326	17	11	0	20	1257
MBisanz	44528	518	0	516	19	82	1324	89	18	1621	352	49067
MBoarSidwell	0	0	0	1	0	0	0	0	0	0	0	1
MC MasterChef	103	0	0	0	0	0	35	4	0	0	0	142
MCB	1166	17	0	33	4	3	422	17	1	0	0	1663
MECU	5336	21	0	2	0	1	7	0	0	0	0	5367
MER-C	0	0	0	15	0	0	0	0	0	0	0	15
MGodwin	3	0	0	0	0	0	0	0	0	0	0	3
MJCdetroit	104	6	0	28	3	11	5	0	0	0	0	157
MLauba	172	34	0	3	1	0	1	0	0	0	0	211
MONGO	3035	27	0	116	35	0	396	39	0	0	0	3648
MPF	441	9	0	7	0	0	17	0	0	0	0	474
MPUploadBot	50	7	0	52	0	3	0	0	0	0	0	112
MSGJ	954	95	0	85	26	24	56	1	5	0	22	1268
MZMcBride	805605	575	0	7288	950	421	165	118	187	0	1	815310
MacGyverMagic	5598	108	0	193	106	2	279	33	0	0	0	6319
Mackensen	2479	106	0	68	7	1	1581	237	0	0	0	4479
Mackeriv	96	1	0	3	0	0	14	3	0	0	0	117
Madchester	514	15	0	99	18	4	242	10	0	0	0	902
Madman	873	61	0	24	5	4	140	16	3	0	0	1126
Maedin	121	153	0	2	2	0	4	1	1	0	3	287
Magioladitis	2261	16	0	23	0	4	61	3	2	0	0	2370
Magnus Manske	889	4	0	1	1	0	14	0	0	0	0	909
Mahanga	886	10	0	8	1	0	59	3	0	0	0	967
Mailer diablo	49318	244	18	157	15	1	246	14	2	0	0	50015
Mairi	751	5	0	3	2	0	5	0	0	0	0	766
Majorly	15244	506	0	548	104	7	660	39	0	0	10	17118
Makemi	4809	53	0	79	13	0	378	25	0	0	0	5357
Malcolm	1284	63	0	47	17	2	274	19	0	0	0	1706
Malcolm Farmer	776	3	0	0	0	0	24	1	0	0	0	804
Malcolmxl5	5988	40	0	210	6	13	34	1	1	0	2	6295
Malik Shabazz	2	0	0	0	0	0	0	0	0	0	0	2
Malinaccier	689	4	0	163	13	29	595	14	5	0	261	1773
Mallanox	1860	19	0	2	1	0	5	0	0	0	0	1887
Malo	3612	20	0	112	8	1	2248	246	0	0	0	6247
Mangojuice	4269	82	0	108	12	8	846	342	62	0	31	5760
Manning Bartlett	1374	12	0	8	1	10	31	5	1	0	3	1445
Marasmusine	4349	32	0	40	4	0	249	4	0	0	0	4678
Mardetanha	0	0	0	0	0	0	2	1	0	0	0	3
Marianocecowski	242	8	0	0	3	0	32	0	0	0	0	285
Marine 69-71	236	5	0	66	26	0	118	35	0	0	1	487
Mark	454	84	0	120	26	8	158	37	3	0	0	890
Mark Dingemanse	293	0	0	1	3	0	45	3	0	0	0	345
Mark Richards	0	0	0	0	0	0	0	5	0	0	0	5
Mark83	368	10	0	1	2	0	3	0	0	0	0	384
MarkGallagher	1932	27	0	81	61	0	116	26	0	0	0	2243
MarkSweep	1945	23	0	105	5	0	1133	41	0	0	0	3252
Markles	65	8	0	44	3	9	1	0	0	0	0	130
Marshman	25	0	0	0	0	0	30	2	0	0	0	57
Marskell	40	2	0	32	16	3	25	0	0	0	0	118
Martijn Hoekstra	1099	13	0	4	1	0	106	3	0	0	1	1227
MartinHarper	14	0	0	0	1	0	0	0	0	0	0	15
Martinp23	1387	89	0	228	31	4	359	71	2	0	4	2175
Martyman	131	2	0	2	0	0	35	1	0	0	0	171
Marudubshinki	4852	55	0	28	14	0	448	30	0	0	0	5427
Marumari	0	0	0	0	0	1	8	0	0	0	0	9
Masamage	841	16	0	16	2	3	19	1	0	0	0	898
Masem	91	11	0	9	0	2	12	0	0	0	0	125
MastCell	5572	70	0	497	23	50	962	77	3	0	1	7255
Master Jay	196	8	0	82	7	1	303	36	0	0	0	633
Master Thief Garrett	1144	6	0	7	1	0	12	2	0	0	0	1172
Master of Puppets	2510	66	0	272	32	51	965	33	10	0	7	3946
Materialscientist	2	0	0	2	0	3	0	0	0	0	0	7
Matilda	221	20	0	33	15	1	231	10	0	0	0	531
Matt Britt	5	2	0	2	0	0	1	0	0	0	0	10
Matt Crypto	132	22	0	38	22	0	174	18	0	0	0	406
Mattbr	2550	65	0	4	0	0	9	0	0	0	0	2628
MatthewUND	53	1	0	0	0	0	5	0	0	0	0	59
Matthewedwards	2122	87	0	29	8	1	26	3	0	0	0	2276
Mattinbgn	1116	39	0	43	3	9	81	2	0	0	0	1293
Mattyb420	0	0	0	2	0	0	0	0	0	0	0	2
Maunus	1	0	0	6	0	1	3	0	0	0	0	11
Maury Markowitz	153	19	0	0	0	1	47	5	0	0	0	225
Mav	456	12	0	125	2	1	17	7	0	0	0	620
MaxSem	4846	23	0	167	25	7	343	96	3	0	14	5524
Maxim	106755	924	0	2479	276	563	2481	137	84	0	200	113899
Maxim's JS test account	0	0	0	1	0	0	0	0	0	0	0	1
Maximus Rex	68	0	0	0	0	0	0	0	0	0	0	68
Mazca	968	9	0	22	2	7	267	3	13	0	3	1294
Mbecker	0	0	0	1	3	0	3	1	0	0	0	8
Mdd4696	2234	8	0	31	8	0	89	4	0	0	0	2374
MediaWiki default	1310	0	0	0	0	0	0	0	0	0	0	1310
Meegs	8893	33	0	1	0	0	97	5	0	0	0	9029
Meelar	1264	7	0	2	1	0	121	1	0	0	0	1396
MegaHL90	0	0	0	1	0	0	0	0	0	0	0	1
Mel Etitis	3126	19	0	160	24	0	848	57	0	0	0	4234
Melburnian	123	2	0	5	1	0	30	0	0	0	0	161
Melchoir	1161	9	0	29	1	0	94	2	1	0	0	1297
Melesse	21758	54	0	3	0	0	1	0	0	0	0	21816
Menchi	20	2	0	0	0	0	0	0	0	0	0	22
Meno25	527	32	0	3	1	1	7	3	1	0	15	590
Mentifisto	5022	21	0	33	0	8	6293	14	69	0	61	11521
Mercury	314	93	0	82	34	25	137	62	0	0	0	747
Merkinsmum	0	0	0	3	0	0	0	0	0	0	0	3
Merope	11766	60	0	56	6	0	834	15	0	0	0	12737
Merovingian	2009	100	0	32	14	0	275	21	0	0	27	2478
Merphant	1	2	0	0	0	0	0	0	0	0	0	3
Metalx97856	0	0	0	1	0	0	0	0	0	0	0	1
Metamagician3000	110	4	0	11	4	0	28	5	0	0	0	162
Metropolitan90	2670	23	0	1	0	1	6	2	0	0	0	2703
Mets501	9380	98	0	207	38	0	293	22	0	0	0	10038
Mfield	896	17	0	148	6	32	651	10	24	0	1	1785
Miborovsky	46	3	0	19	13	0	30	5	0	0	0	116
Michael Greiner	815	14	0	10	7	0	12	1	5	0	0	864
Michael Hardy	291	71	0	1	0	0	17	5	1	0	0	386
Michael Snow	875	106	0	22	164	1	54	68	1	0	0	1291
MichaelBillington	507	8	0	6	0	0	4567	70	0	0	2	5160
Michaelas10	363	22	0	80	8	1	61	8	0	0	0	543
Midom	0	0	0	0	0	0	1	0	0	0	0	1
Mifter	1690	6	0	113	4	6	323	1	27	0	16	2186
Mikaey	1078	1085	0	11	1	2	73	0	1	0	2	2253
Mike 7	1263	16	0	39	3	0	285	6	0	0	0	1612
Mike Halterman	149	9	0	13	9	1	64	10	0	0	0	255
Mike Peel	2999	20	0	4	4	0	4	0	1	0	0	3032
Mike Rosoft	14575	405	0	427	46	18	2305	390	11	0	0	18177
Mike Selinker	2018	15	0	11	4	0	17	1	0	0	0	2066
Mike.lifeguard	2	0	0	0	0	0	0	1	0	0	0	3
Mikeblas	128	1	0	0	0	0	0	0	0	0	0	129
MilborneOne	241	0	0	3	2	0	10	0	0	0	0	256
Mindmatrix	2318	26	0	25	2	0	47	1	1	0	1	2421
Mindspillage	2299	75	0	53	27	2	92	46	0	0	0	2594
Minesweeper	13	2	0	0	0	0	1	0	0	0	0	16
Mirv	1146	28	0	38	37	0	40	46	0	0	1	1336
MisfitToys	79	8	0	0	0	0	0	0	0	0	0	87
Misza13	223396	280	0	284	22	2	4609	271	0	0	6	228870
Mitchazenia	115	3	0	2	1	0	13	2	0	0	0	136
Mjroots	15	0	0	10	0	2	29	0	1	0	0	57
Mkmcconn	20	0	0	3	3	0	0	0	0	0	0	26
Mkweise	30	2	0	0	1	0	1	0	0	0	0	34
Mlaffs	90	0	0	1	0	0	0	0	0	0	0	91
Mo0	3125	23	0	14	3	0	229	21	1	0	0	3416
MoRsE	57	3	0	0	0	0	25	1	0	0	0	86
Modemac	14	0	0	3	5	0	6	1	0	0	0	29
Moink	304	3	0	2	0	0	7	7	0	0	0	323
Molikroth	0	0	0	1	0	0	0	0	0	0	0	1
Moncrief	99	1	0	4	3	0	40	1	0	0	0	148
Moni3	41	3	0	61	1	19	27	0	2	0	0	154
Montrealais	22	1	0	0	0	0	0	0	0	0	0	23
Moondyne	1958	55	0	58	14	2	299	38	0	0	0	2424
Moonriddengirl	8424	1226	0	207	21	12	314	19	13	0	0	10236
Moreschi	1042	26	0	194	11	41	841	80	5	0	19	2259
Moriori	3534	3	0	0	0	0	252	5	0	0	0	3794
Morven	814	26	0	7	1	0	224	54	1	0	0	1127
Morwen	615	14	0	6	1	0	84	8	0	0	0	728
Mr. Lefty	1550	10	0	62	6	0	614	31	1	0	0	2274
Mr.Z-man	19445	242	1	480	50	285	1628	182	25	0	26	22364
MrDarcy	222	5	0	36	7	0	143	12	0	0	0	425
Mtmelendez	1041	5	0	11	0	0	2	0	0	0	0	1059
MuZemike	1152	42	0	36	0	7	496	10	41	0	5	1789
Mufka	1806	9	0	47	1	4	571	0	19	0	0	2457
Mulad	41	6	0	0	0	0	0	0	0	0	0	47
Mushroom	21974	182	0	34	9	3	442	90	0	0	0	22734
Musical Linguist	324	149	0	109	24	0	900	71	0	0	0	1577
Mustafaa	131	1	0	0	3	0	10	1	0	0	0	146
MykReeve	2	0	0	0	0	0	0	0	0	0	0	2
Myleslong	22	29	0	6	3	0	28	8	0	0	0	96
Mysekurity	728	14	0	40	21	0	81	2	0	0	0	886
Mysid	2493	2	0	2	1	0	14	5	0	0	0	2517
Mzajac	148	4	0	8	2	1	46	4	0	0	0	213
NCurse	1602	11	0	1	1	0	34	0	0	0	0	1649
NSLE	561	11	0	90	18	0	440	101	0	0	0	1221
Nabla	900	50	0	16	5	1	1	0	0	0	0	973
Nae'blis	844	53	0	28	2	0	15	2	0	0	0	944
Nagy	0	0	0	1	0	0	0	0	0	0	0	1
Nakon	35009	391	0	603	67	30	12813	6151	22	0	91	55177
Nancy	11000	76	0	344	19	11	701	11	7	0	7	12176
Nandesuka	694	29	0	96	16	2	383	27	1	0	0	1248
Nanfoodle	0	0	0	1	0	0	0	0	0	0	0	1
Nanobug	1	0	0	0	0	0	0	0	0	0	0	1
Nat	188	35	0	156	9	31	263	15	0	0	0	697
Natalie Erin	4503	23	0	69	3	0	988	27	0	0	0	5613
Natalya	325	13	0	36	7	3	109	39	0	0	0	532
NawlinWiki	160918	6625	0	8788	25	642	13778	458	336	0	6	191576
Necrothesp	352	11	0	1	0	1	105	8	0	0	0	478
Nehrams2020	4579	20	0	6	2	1	126	2	0	0	0	4736
Netsnipe	1161	60	0	605	91	10	3672	1757	12	0	1	7369
Neutrality	3857	32	0	48	10	0	175	58	0	0	0	4180
Nev1	307	16	0	32	3	21	160	3	3	0	0	545
Newyorkbrad	746	15	0	50	5	2	524	32	0	0	1	1375
Ngb	622	62	0	9	6	0	10	0	0	0	0	709
Nichalp	1191	70	0	50	16	4	72	9	0	979	163	2554
NicholasTurnbull	212	14	0	15	10	0	139	17	0	0	0	407
Nick	2886	130	0	245	23	20	669	67	9	0	2	4051
Nick-D	463	12	0	54	2	8	294	15	17	0	0	865
Nickptar	612	13	0	3	1	0	116	31	0	0	0	776
Nickshanks	54	1	0	3	0	0	0	0	0	0	0	58
Nicman911	0	0	0	2	0	0	0	0	0	0	0	2
Night Gyr	489	37	0	10	3	1	31	2	0	0	0	573
Nightmarishnight	0	0	0	1	0	0	0	0	0	0	0	1
Nightscream	24	8	0	59	5	2	131	2	2	0	0	233
Nightstallion	1769	128	0	71	7	0	29	2	0	0	0	2006
Nihiltres	11882	156	0	116	28	27	267	16	2	0	11	12505
Nihonjoe	5850	297	0	258	34	7	627	27	14	0	3	7117
Nikki311	425	2	0	25	1	2	43	1	0	0	1	500
Nilfanion	569	25	0	4	3	0	3	0	0	0	0	604
Nishkid64	7435	348	1	1518	641	130	7390	306	651	0	24	18444
Niteowlneils	4157	80	0	1	0	0	16	1	0	0	0	4255
Nixdorf	2	0	0	0	0	0	0	0	0	0	0	2
Nixeagle	10319	243	0	93	14	9	3324	84	26	0	2	14114
Nja247	1675	25	0	156	6	33	1217	23	70	0	23	3228
Nlu	1594	90	0	601	226	13	3541	220	0	0	0	6285
Nmajdan	212	5	0	7	7	4	63	2	0	0	0	300
No Guru	927	11	0	33	14	0	442	8	1	0	0	1436
NoSeptember	1593	47	0	24	25	1	122	61	0	0	45	1918
NodpiW	0	0	0	1	0	0	0	0	0	0	0	1
Nohat	265	38	0	39	33	0	62	5	0	0	0	442
Noldoaran	2	0	0	0	0	0	0	0	0	0	0	2
Notheruser	70	0	0	0	0	0	0	0	0	0	0	70
Nousernamesleft	189	7	0	5	2	3	2	1	0	0	3	212
NrDg	1619	123	0	279	19	28	846	27	44	0	4	2989
NuclearWarfare	6605	136	0	139	7	41	978	26	44	0	33	8009
Nufy8	371	1	0	35	2	7	331	15	1	0	0	763
Number 57	6098	68	0	73	2	1	53	4	0	0	0	6299
Nunh-huh	453	29	0	27	3	1	318	12	3	0	1	847
Nv8200p	59584	181	0	25	3	0	107	3	0	0	0	59903
Nyttend	4347	139	0	27	1	0	166	2	1	0	0	4683
Oberiko	294	3	0	8	2	0	162	0	0	0	0	469
Obli	1047	6	0	28	5	0	99	7	0	0	0	1192
Ocatecir	1340	11	0	104	16	1	248	9	0	0	0	1729
Ocee	195	0	0	3	3	10	95	5	0	0	0	311
Od Mishehu	6044	192	0	176	25	26	336	59	107	0	4	6969
OhanaUnited	503	34	0	11	3	1	139	7	0	0	8	706
Ohnoitsjamie	4723	61	0	277	11	19	2479	50	27	0	0	7647
Okiefromokla	195	2	0	21	3	3	208	7	0	0	0	439
OlEnglish	28	3	0	0	1	0	9	0	0	0	0	41
OldakQuill	325	22	0	6	2	0	2	1	0	0	0	358
Oldboy212	0	0	0	1	0	0	0	0	0	0	0	1
Oldelpaso	640	12	0	18	10	0	32	1	0	0	2	715
Oldwindybear	2	0	0	0	0	0	2	1	0	0	0	5
Oleg Alexandrov	689	57	0	14	8	0	35	10	0	0	1	814
Olessi	142	6	0	0	0	0	14	1	0	0	0	163
Oliver Pereira	2	5	0	0	1	0	0	0	0	0	0	8
Olivier	193	6	0	7	1	0	24	0	0	0	0	231
Omegatron	308	90	0	27	12	0	15	0	0	0	0	452
One	974	103	0	117	18	1	143	28	1	0	0	1385
Opabinia regalis	1410	5	0	15	2	0	3	0	0	0	0	1435
Orangemike	21314	136	0	549	24	13	4516	42	40	0	0	26634
Orderinchaos	4309	135	0	77	16	8	216	34	2	0	1	4798
Oren0	179	7	0	26	6	7	36	8	3	0	4	276
Orioane	114	1	0	4	2	0	11	0	0	0	0	132
Orlady	77	8	0	13	3	6	12	0	1	0	0	120
Orphaned talkpage deletion bot	821	58	0	0	0	0	0	0	0	0	0	879
Oscarthecat	3278	21	0	248	5	0	310	7	2	0	0	3871
OverlordQ	481	3	0	11	1	0	348	79	25	0	0	948
Owen	254	24	0	15	33	0	84	23	0	0	0	433
OwenX	2323	22	0	180	20	1	1246	82	2	0	8	3884
Oxymoron83	10845	98	0	408	11	62	5301	34	50	0	0	16809
PDH	9821	82	0	355	197	0	243	21	0	0	0	10719
PFHLai	3426	132	0	851	741	1	58	1	0	0	0	5210
PMDrive1061	21295	274	0	1117	25	32	3480	114	363	0	5	26705
PS2pcGAMER	2303	23	0	25	32	0	87	18	0	0	0	2488
PZFUN	93	3	0	6	2	0	14	6	0	0	0	124
Pablo-flores	920	2	0	16	6	2	180	2	0	0	0	1128
PabsP	25	4	0	45	9	0	65	16	0	0	0	164
Paginazero	3	3	0	0	0	0	0	0	0	0	0	6
Pagrashtak	3190	13	0	3	2	0	10	1	0	0	0	3219
Pakaran	133	9	0	4	5	0	44	6	0	21	23	245
Pamri	707	1	0	0	4	0	0	0	0	0	0	712
Papa November	3142	46	0	23	6	13	232	13	1	0	0	3476
Parsecboy	2650	107	0	34	6	0	389	11	2	0	4	3203
Parthian Scribe	0	0	0	1	0	0	0	0	0	0	0	1
Pascal.Tesson	15895	89	0	84	2	1	793	20	0	0	2	16886
Pastor Theo	474	0	0	8	0	0	59	9	1	0	1	552
Pastordavid	1312	9	0	8	6	0	10	1	0	0	0	1346
Patar knight	242	4	0	3	0	0	3	0	0	0	0	252
Pathoschild	8345	149	1	151	33	0	2425	705	76	0	1	11886
Patrick	134	112	0	9	1	1	3	1	0	0	0	261
Pats1	450	56	0	133	8	16	345	7	4	0	0	1019
Paul A	91	18	0	0	0	0	0	0	0	0	0	109
Paul August	1115	9	0	8	1	3	123	3	0	0	0	1262
Paul Erik	1682	52	0	12	2	0	269	4	4	0	0	2025
Pax:Vobiscum	574	38	0	182	6	13	34	1	0	0	0	848
Paxse	7	0	0	0	0	0	4	1	0	0	0	12
Pb30	858	1	0	0	0	1	278	3	0	0	0	1141
Pcb21	101	43	0	3	6	0	1	1	0	0	0	155
PeaceNT	5087	175	0	105	10	8	298	9	0	0	0	5692
PedanticallySpeaking	41	8	0	2	0	0	0	0	0	0	0	51
Pedro	8829	41	0	90	14	11	765	14	7	0	257	10028
Pedro Paulo Vasconcellos	0	0	0	2	0	0	0	0	0	0	0	2
Pegship	191	2	0	1	0	0	1	0	0	0	0	195
Penader	0	0	0	1	0	0	0	0	0	0	0	1
Pending deletion script	1210	0	0	0	0	0	0	0	0	0	0	1210
Pengo	50	14	0	2	1	0	7	0	0	0	0	74
Penwhale	145	8	0	44	6	14	50	13	1	0	0	281
Pepsidrinka	993	33	0	34	19	0	395	34	0	0	0	1508
Perceval	29	0	0	5	4	0	19	0	0	0	0	57
Peripitus	7641	36	0	80	18	12	141	9	7	0	1	7945
Persian Poet Gal	2289	95	0	998	25	39	3214	141	10	0	1	6812
Peruvianllama	624	7	0	18	4	0	366	6	0	0	0	1025
Peteforsyth	17	5	0	5	2	3	11	2	3	0	0	48
Peter	3642	47	0	74	23	0	652	39	0	0	0	4477
PeterSymonds	5663	163	0	1048	354	354	2256	116	353	0	393	10700
Pgk	3711	73	0	556	54	0	4060	2204	0	0	0	10658
Phaedriel	3551	55	0	199	30	16	308	19	0	0	0	4178
Pharos	401	70	0	593	153	0	40	7	0	0	0	1264
Phil Bordelon	0	0	0	2	1	0	0	0	0	0	0	3
Phil Boswell	532	10	0	79	1	3	19	4	0	0	0	648
Phil Sandifer	676	138	0	80	57	8	280	69	0	0	0	1308
PhilKnight	23036	407	0	814	52	32	4374	185	122	0	25	29047
Philip Baird Shearer	405	75	0	79	15	19	15	2	0	0	0	610
Philippe	4122	51	0	350	33	44	1503	66	2	0	8	6179
Philosopher	1179	20	0	28	2	5	35	2	7	0	25	1303
Phils	15	1	0	0	0	0	26	2	0	0	0	44
Philwelch	933	44	0	28	7	0	72	14	0	0	0	1098
Phuntsok2000	0	0	0	2	0	0	0	0	0	0	0	2
Physchim62	1115	41	0	34	5	0	107	17	0	0	0	1319
Piazzajordan2	0	0	0	1	0	0	0	0	0	0	0	1
Picaroon	4039	61	0	55	12	5	461	27	0	0	1	4661
PierreAbbat	0	0	0	0	0	0	5	0	0	0	0	5
Pigman	1016	8	0	14	0	1	21	4	0	0	0	1064
Pilotguy	7231	64	0	294	29	1	2576	685	0	0	0	10880
PinchasC	119	18	0	48	14	1	188	6	0	0	0	394
Pinkville	0	0	0	6	0	0	1	0	0	0	0	7
Piotrus	619	178	0	19	8	2	80	17	0	0	0	923
Pjacobi	230	6	0	15	3	0	99	2	0	0	0	355
Plange	123	0	0	3	1	0	32	0	0	0	0	159
Plastikspork	2937	93	0	156	13	18	15	0	2	0	0	3234
Please try again.	0	0	0	1	0	0	0	0	0	0	0	1
Poeloq	21	1	0	0	0	0	52	2	0	0	4	80
Polaron	0	0	0	1	0	0	0	0	0	0	0	1
Pollinator	35	0	0	4	0	0	146	1	0	0	0	186
Poor Yorick	93	0	0	6	3	1	0	0	0	0	0	103
Postdlf	5570	83	0	117	4	3	714	9	3	0	0	6503
Pratyeka	1	2	0	0	0	0	0	0	0	0	0	3
Premeditated Chaos	1732	18	0	3	0	0	19	1	0	0	0	1773
PrimeHunter	66	7	0	3	2	0	0	0	0	0	1	79
ProcseeBot	0	0	0	0	0	0	70542	0	0	0	0	70542
Prodego	2074	267	0	144	99	67	1246	223	66	0	40	4226
ProhibitOnions	252	1	0	0	1	0	50	0	0	0	0	304
Prolog	1248	33	0	65	5	4	559	2	3	0	0	1919
Promethean	0	0	0	1	0	0	0	0	0	0	0	1
Proteus	116	0	0	2	0	0	11	10	0	0	0	139
Protonk	2713	1201	0	90	6	13	192	21	26	0	4	4266
ProveIt	4433	7	0	3	0	0	2	0	0	0	0	4445
Pschemp	2135	247	0	169	29	0	3321	319	0	0	0	6220
Psy guy	110	0	0	10	9	0	181	17	0	0	0	327
Qaz	75	0	0	0	0	0	0	0	0	0	0	75
Quadell	95659	301	0	51	16	3	120	11	1	0	0	96162
Quarl	7973	111	0	22	10	0	37	3	0	0	0	8156
Quell	0	0	0	1	0	0	0	0	0	0	0	1
Quercusrobur	15	2	0	3	2	0	8	0	0	0	0	30
Qwghlm	592	31	0	17	1	0	17	0	0	0	0	658
R'n'B	8073	173	0	15	2	0	5	0	0	0	0	8268
R-Con 9	0	0	0	1	0	0	0	0	0	0	0	1
R. Baley	8	3	0	26	1	11	78	6	0	0	1	134
R. fiend	2822	21	0	19	4	0	56	1	0	0	0	2923
R3m0t	1340	15	0	30	0	0	4	4	0	0	0	1393
RG2	3298	61	0	18	1	0	162	8	0	0	0	3548
RHaworth	43976	2898	0	2226	40	2	524	16	4	0	0	49686
RJFJR	33	1	0	0	0	0	1	0	0	0	0	35
RN	706	132	0	17	15	0	28	7	0	0	0	905
Radiant!	2464	50	0	180	45	0	178	23	0	0	0	2940
RadicalBender	510	8	0	3	0	0	13	0	0	0	0	534
RadioKirk	2676	77	0	164	15	0	1678	74	0	0	0	4684
Ragesoss	357	42	0	5	1	2	6	0	0	0	0	413
Ragib	480	16	0	52	8	2	260	12	0	0	0	830
Raith Sienar	0	0	0	8	0	0	0	0	0	0	0	8
Ral315	2267	121	0	353	28	24	347	49	0	0	2	3191
Ram-Man	834	3	0	16	0	1	25	6	0	0	0	885
Rama	756	9	0	18	10	0	316	13	1	0	0	1123
Rama's Arrow	1202	3	0	46	9	0	200	25	0	0	0	1485
Ramallite	2	0	0	0	0	0	6	0	0	0	0	8
Rambo's Revenge	90	8	0	2	0	2	5	0	1	0	0	108
Ran	193	3	0	7	0	2	87	2	0	0	0	294
Random832	609	127	0	30	11	10	33	8	0	0	7	835
RandomXYZb	2778	36	0	242	19	24	1506	49	8	0	7	4669
Raso mk	0	0	0	1	0	0	0	0	0	0	0	1
RasputinAXP	2198	13	0	28	5	0	84	3	0	0	0	2331
Raul654	1162	104	0	1703	505	42	2495	226	5	148	83	6473
Raven4x4x	407	2	0	3	0	0	200	1	0	0	1	614
Raymolayenie	0	0	0	1	0	0	0	0	0	0	0	1
Raymond arritt	874	2	0	32	8	5	344	21	0	0	0	1286
Rbrwr	346	2	0	0	0	0	1	0	0	0	0	349
Rd232	1644	4	0	62	8	15	78	6	2	0	0	1819
Rdsmith4	3198	65	0	139	61	0	597	269	2	872	96	5299
Rebecca	2211	69	0	32	3	2	138	71	0	0	0	2526
Recurring dreams	6	0	0	1	0	0	21	1	0	0	0	29
RedWolf	14622	50	0	0	0	0	3	0	0	0	0	14675
RedWordSmith	240	11	0	13	20	0	20	1	0	0	0	305
RedirectCleanupBot	4377	0	0	0	0	0	0	0	0	0	0	4377
Redux	196	12	0	24	7	0	48	1	0	131	129	548
Redvers	17173	160	0	877	28	19	2082	201	310	0	1	20851
Redwolf24	1943	48	0	50	25	0	208	45	0	0	0	2319
Reedy	1118	30	0	36	13	13	40	11	0	0	10	1271
Refdoc	61	5	0	11	4	0	28	5	0	0	0	114
Reflex Reaction	511	14	0	1	2	0	6	0	0	0	0	534
RegentsPark	322	8	0	111	16	42	91	1	3	0	0	594
Remember the dot	816	11	0	26	2	7	18	1	0	0	13	894
Renata3	4695	32	0	15	2	0	60	4	0	0	0	4808
Renesis	148	0	0	25	1	0	19	6	0	0	0	199
Resolute	1212	18	0	23	2	1	42	2	0	0	0	1300
Retired username	12142	239	0	115	33	8	206	14	0	0	2	12759
RetiredUser2	376	88	0	25	15	0	12	6	0	0	0	522
Rettetast	22047	63	0	19	3	3	403	6	1	0	14	22559
Revolving Bugbear	102	7	0	5	1	0	25	11	0	0	0	151
RexNL	2299	11	0	153	11	9	4191	66	15	0	0	6755
ReyBrujo	951	36	0	101	29	5	138	2	0	0	0	1262
Rfl	364	39	0	0	0	0	0	0	0	0	0	403
Rhobite	719	15	0	67	26	0	617	47	0	0	0	1491
Rholton	277	3	0	8	1	0	22	3	0	0	0	314
Riana	14016	149	0	1042	108	105	2424	192	1	0	16	18053
Rich Farmbrough	2968	224	0	76	32	12	237	28	8	0	3	3588
Richardcavell	433	8	0	29	9	1	73	2	0	0	0	555
Richardshusr	962	38	0	51	24	12	15	3	0	0	0	1105
Rick Block	632	3	0	3	1	0	66	2	0	0	0	707
RickK	2466	14	0	53	5	0	651	26	0	0	0	3215
Ricky81682	4091	22	0	34	60	20	137	16	10	0	0	4390
Rifleman 82	386	40	0	31	9	5	113	7	4	0	3	598
Rigadoun	215	10	0	2	1	0	2	1	0	0	0	231
Risker	521	56	169	120	31	77	195	15	29	0	5	1218
Rjanag	618	25	0	60	4	8	116	16	15	0	1	863
Rjd0060	15135	375	0	644	45	96	1167	131	64	0	29	17686
Rje	1193	8	0	93	171	0	315	5	0	0	0	1785
Rkitko	660	47	0	15	2	2	10	1	0	0	0	737
Rklawton	879	14	0	25	2	2	480	15	10	0	0	1427
Rlandmann	1057	68	0	23	3	0	44	3	0	0	0	1198
Rlevse	1374	59	22	141	17	29	2731	157	10	544	88	5172
Rlquall	4	1	0	0	0	0	1	1	0	0	0	7
Rmhermen	2068	15	0	25	7	3	55	0	0	0	0	2173
Roadrunner	0	0	0	0	0	0	5	0	0	0	0	5
RobH	0	0	0	0	0	0	0	0	0	1	0	1
RobLa	2	1	0	0	0	0	0	0	0	0	0	3
Robchurch	714	11	0	6	4	0	83	12	0	0	0	830
Robdurbar	1591	72	0	147	84	0	112	25	0	0	0	2031
Robert Merkel	0	1	0	0	0	0	5	4	0	0	0	10
RobertG	6046	23	0	39	5	1	386	23	0	0	1	6524
Robin Patterson	0	0	0	0	0	0	1	0	0	0	0	1
Robth	3830	187	0	5	3	0	10	0	0	0	0	4035
RobyWayne	122	0	0	0	0	0	14	0	0	0	0	136
RockMFR	2038	171	0	175	123	24	315	5	1	0	1	2853
Rockero	78	1	0	5	2	0	13	0	0	0	0	99
Rockpocket	458	17	0	28	9	4	140	17	1	0	1	675
Rocky Road	0	0	0	1	0	0	0	0	0	0	0	1
Rodhullandemu	944	56	0	723	27	149	2339	100	74	0	14	4426
Roger Davies	436	22	20	10	3	3	45	16	3	0	3	561
Rogerd	578	11	0	24	5	0	138	1	0	0	0	757
Ronline	62	3	0	6	9	0	11	1	0	0	0	92
Ronnotel	19	2	0	42	9	6	87	24	1	0	1	191
Roozbeh	152	2	0	27	7	0	8	1	0	0	0	197
Rosiestep	11	5	0	2	2	0	0	0	0	0	2	22
Rossami	1006	467	0	36	9	1	230	2	0	0	0	1751
RoyBoy	129	2	0	36	2	1	611	13	0	0	0	794
RoySmith	345	11	0	29	5	0	233	10	1	0	0	634
Royalbroil	907	22	0	67	22	5	47	3	0	0	0	1073
Royalguard11	1825	32	0	267	379	28	179	19	0	0	0	2729
Royboycrashfan	6095	107	0	73	0	0	386	22	0	0	0	6683
Rschen7754	1057	52	0	339	5	9	518	52	9	0	7	2048
Rspeer	116	5	0	15	1	0	105	22	1	0	0	265
Ruhrfisch	270	13	0	44	4	1	49	4	4	0	1	390
Runcorn	72	4	0	5	2	0	143	79	0	0	0	305
Rune.welsh	819	5	0	28	7	0	33	1	0	0	0	893
Runningonbrains	171	5	0	9	2	2	27	2	4	0	0	222
Ruslik0	1994	17	0	169	16	40	180	4	8	0	26	2454
Ruud Koot	1292	80	0	67	16	4	312	61	1	0	1	1834
Rwiggum	0	0	0	1	0	0	0	0	0	0	0	1
RxS	774	1	0	9	3	3	463	10	1	0	0	1264
Ryan Postlethwaite	1344	93	0	267	54	63	1342	148	12	0	57	3380
RyanGerbil10	3623	18	0	46	4	2	190	11	0	0	2	3896
Ryulong	10729	212	0	1213	49	77	6278	615	62	0	2	19237
S@bre	29	2	0	0	0	1	1	0	0	0	0	33
SB Johnny	35	2	0	10	0	4	9	2	0	0	0	62
SCEhardt	5235	50	0	12	0	0	305	3	0	0	0	5605
SCZenz	447	17	0	17	21	5	149	26	0	0	0	682
SD6-Agent	1	0	0	0	0	0	0	0	0	0	0	1
SGGH	1907	32	0	18	5	0	692	26	2	0	2	2684
SQL	2451	46	0	372	10	66	262	124	0	0	34	3365
ST47	37691	4965	0	229	74	89	5847	2327	2	0	3	51227
SWAdair	1600	7	0	49	1	0	38	1	0	0	0	1696
Sabine's Sunbird	33	0	0	7	0	2	0	0	0	0	0	42
Sadalmelik	0	0	0	1	0	0	0	0	0	0	0	1
Sade	148	5	0	3	0	0	1	2	0	0	0	159
Salix alba	111	7	0	7	4	4	6	0	0	0	0	139
Sam	102	21	0	24	4	0	22	0	0	0	2	175
Sam Blacketer	2387	15	0	45	8	2	193	33	1	0	1	2685
Sam Hocevar	6	7	0	0	0	0	1	2	0	0	0	16
Sam Korn	1014	21	6	65	10	13	974	76	4	0	13	2196
Sam Vimes	41	5	0	0	0	0	34	0	0	0	0	80
Samir	2556	97	0	258	132	10	476	58	0	0	7	3594
Samotnik	0	0	0	2	0	0	0	0	0	0	0	2
Samsara	36	21	0	73	4	2	63	33	0	0	0	232
Samuel Blanning	1742	97	0	157	65	0	1197	170	0	0	0	3428
Samulili	2	0	0	0	0	0	1	0	0	0	0	3
Sanchom	233	3	0	4	1	0	58	8	0	0	0	307
Sandahl	7646	90	0	351	8	8	3466	65	9	0	2	11645
Sandstein	6354	74	0	403	23	17	1037	208	31	0	3	8150
Sango123	4193	11	0	41	3	0	1567	66	0	0	0	5881
Sannse	882	30	0	19	10	0	57	35	0	0	0	1033
Sarah	2606	134	0	130	42	4	463	106	3	0	39	3527
Saravask	406	15	0	27	17	10	78	13	0	0	0	566
Sardanaphalus	0	0	0	7	0	0	0	0	0	0	0	7
SarekOfVulcan	833	50	0	54	7	12	133	25	19	0	0	1133
Sasquatch	1915	25	0	83	25	1	677	104	0	0	1	2831
Sassygurl192	0	0	0	2	0	0	0	0	0	0	0	2
Satori Son	1371	49	0	191	11	2	497	14	5	0	1	2141
SatyrTN	2024	17	0	18	8	4	36	7	0	0	0	2114
Savidan	60	4	0	13	5	0	2	0	0	0	0	84
Saxifrage	292	2	0	10	4	0	13	0	0	0	0	321
Scarian	650	23	0	179	3	22	1014	65	4	0	5	1965
Sceptre	1628	92	0	81	8	0	518	89	0	0	0	2416
Schissel	11	0	0	1	0	0	2	2	0	0	0	16
Schneelocke	28	3	0	15	2	0	11	2	0	0	0	61
SchuminWeb	9042	203	0	101	12	6	371	4	7	0	0	9746
Schutz	837	3	0	3	0	0	3	0	0	0	0	846
Scientizzle	2730	54	0	172	16	4	906	30	1	0	3	3916
Scimitar	192	3	0	9	3	0	97	4	0	0	0	308
Scipius	0	0	0	0	0	0	1	0	0	0	0	1
Scjessey	0	0	0	1	0	0	0	0	0	0	0	1
Scm83x	229	5	0	6	1	0	37	2	0	0	0	280
Scorpion0422	0	0	0	1	0	0	0	0	0	0	0	1
Scott Burley	842	1	0	11	1	0	33	3	0	0	0	891
Scott5114	1189	6	0	119	5	0	29	5	0	0	1	1354
ScottDavis	301	36	0	9	5	0	37	4	0	0	0	392
Seabhcan	193	3	0	5	2	0	27	2	0	0	0	232
Sean Whitton	439	16	0	18	7	0	55	3	0	0	2	540
Sean William	868	45	0	109	8	4	414	35	0	0	2	1485
Searchme	147	0	0	0	0	0	11	0	0	0	0	158
Seattle Skier	285	8	0	8	0	0	21	1	0	0	0	323
SebastianHelm	191	16	0	9	2	2	5	5	0	0	0	230
Sebastiankessel	2	2	0	8	4	0	38	1	0	0	0	55
Secret	3915	43	0	95	6	7	182	12	1	0	16	4277
Secretlondon	427	6	0	2	0	0	420	8	0	849	24	1736
Seddon	77	2	0	17	1	2	67	3	8	0	6	183
Seglea	188	3	0	1	0	0	0	0	0	0	0	192
Seicer	1867	43	0	335	37	47	707	48	12	0	0	3096
Selket	1184	8	0	19	3	2	212	16	0	0	0	1444
Sephiroth BCR	909	17	0	36	6	1	321	7	0	0	0	1297
Seraphim	404	35	0	40	9	11	135	22	1	0	3	660
Seraphimblade	2223	14	0	36	9	2	642	45	0	0	2	2973
Seresin	2793	83	0	181	8	29	162	1	3	0	5	3265
Sesel	76	4	0	19	12	0	12	0	0	0	0	123
Seth Ilys	343	2	0	7	2	0	5	3	0	0	0	362
Sethant	1	2	0	0	0	0	0	0	0	0	0	3
Sfoskett	11	1	0	1	0	0	0	0	0	0	0	13
Sgeureka	452	20	0	1	0	0	3	1	1	0	0	478
Shadow1	284	13	0	32	4	0	170	27	0	0	0	530
ShamelessAngel	0	0	0	1	0	0	0	0	0	0	0	1
Shanel	4684	76	0	71	17	0	2595	517	0	0	0	7960
Shanes	2431	21	0	89	162	3	1096	24	0	0	0	3826
Shauri	44	0	0	0	1	0	2	0	0	0	0	47
SheffieldSteel	43	5	0	28	2	10	115	17	17	0	0	237
Sheldon Rampton	2	0	0	0	0	0	1	0	0	0	0	3
Shell Kinney	10818	279	0	56	7	3	665	81	3	0	2	11914
Shereth	771	27	0	12	4	1	425	8	0	0	1	1249
Sherool	42009	70	0	19	6	0	18	1	0	0	0	42123
Shii	399	32	0	23	11	0	62	55	0	0	2	584
Shimeru	789	0	0	6	0	0	2	0	0	0	0	797
Shimgray	1255	138	0	145	4	5	32	18	0	0	9	1606
Shirahadasha	171	2	0	10	4	3	55	8	0	0	0	253
Shizhao	1	1	0	1	0	0	0	0	0	0	0	3
Shoeofdeath	901	3	0	7	1	0	117	0	1	0	0	1030
Shreshth91	2323	19	0	33	12	0	390	48	0	0	0	2825
Shyam	16920	56	0	19	2	0	57	1	0	0	1	17056
Shyamal	70	3	0	18	2	5	25	2	0	0	3	128
Silence	24	0	0	0	1	0	0	0	0	0	0	25
SilkTork	263	19	0	9	2	5	1	0	0	0	1	300
Silsor	523	6	0	35	41	0	139	137	0	0	0	881
SimonP	5280	58	0	12	275	0	45	2	0	0	0	5672
Singularity	7381	115	0	61	15	2	79	7	0	0	1	7661
Sir Nicholas de Mimsy-Porpington	2147	60	0	84	11	4	814	82	0	0	0	3202
SirFozzie	344	18	0	87	8	38	287	32	2	0	0	816
Siroxo	73	4	0	0	0	0	18	0	0	0	0	95
Sitthisoneout1	0	0	0	1	0	0	0	0	0	0	0	1
Sj	115	164	0	10	9	1	57	8	0	0	0	364
Sjakkalle	4645	378	0	40	28	0	814	65	2	0	0	5972
Sjc	19	0	0	0	0	0	3	0	0	0	0	22
Sjorford	428	34	0	4	5	0	3	0	0	0	0	474
Skier Dude	60697	2062	0	348	8	27	656	1418	7	0	3	65226
Skomorokh	1116	54	0	35	1	4	0	0	0	0	6	1216
Sky Harbor	0	0	0	0	0	0	1	0	0	0	0	1
Slakr	3810	61	0	272	24	84	9097	95	20	0	14	13477
Slambo	696	18	0	33	0	0	184	5	0	0	0	936
SlimVirgin	1160	286	0	754	390	16	1125	228	0	0	1	3960
Slowking Man	1350	29	0	130	25	1	859	132	0	0	0	2526
Slp1	475	17	0	24	5	2	106	3	6	0	0	638
Slrubenstein	33	2	0	28	7	2	43	10	4	0	0	129
Slumgum	154	1	0	1	0	0	0	0	0	0	0	156
Smalljim	802	7	0	13	2	0	390	7	3	0	0	1224
Smashville	1392	13	0	54	4	1	381	18	25	0	0	1888
Smith03	116	4	0	5	0	1	6	68	0	0	0	200
Smith609	146	1	0	2	0	0	3	2	2	0	0	156
SmthManly	519	4	0	32	9	1	51	2	0	0	0	618
Smurrayinchester	67	3	0	10	6	0	17	6	0	0	0	109
Sn0wflake	404	3	0	14	2	0	107	2	0	0	0	532
Snowolf	693	15	0	40	6	2	603	30	2	0	3	1394
Snoyes	95	0	0	1	0	0	40	0	0	0	0	136
SoLando	285	14	0	18	7	0	191	6	0	0	0	521
SoWhy	7422	82	0	670	57	136	255	7	12	0	8	8649
Solid Falcon	0	0	0	2	0	0	0	0	0	0	0	2
Solipsist	78	1	0	136	49	0	108	12	0	0	0	384
Someguy1221	1219	12	0	16	3	2	421	2	20	0	4	1699
Somno	865	22	0	14	5	2	15	0	1	0	0	924
SorryGuy	11	2	0	2	2	0	18	2	0	0	0	37
Sortior	1	0	0	0	0	0	0	0	0	0	0	1
Soumyasch	2801	54	0	74	10	3	670	32	0	0	6	3650
SouthernNights	2065	46	0	125	35	10	252	6	4	0	0	2543
Spangineer	262	10	0	16	11	0	94	8	0	0	0	401
Spartaz	3200	173	0	178	28	10	322	76	6	0	9	4002
Spebi	1545	31	0	165	9	26	493	26	0	0	10	2305
Spellcast	8003	423	0	633	7	38	9126	630	122	0	11	18993
Spencer	202	3	0	29	3	4	257	3	0	0	1	502
Spencer195	12	0	0	0	0	0	3	0	0	0	0	15
Spike Wilbury	2571	101	0	21	4	0	144	4	0	0	1	2846
Spinningspark	98	11	0	16	2	4	111	1	7	0	0	250
Splash	8209	317	0	262	758	7	414	136	0	0	1	10104
SpuriousQ	625	1	0	17	1	0	569	5	0	0	0	1218
Srikeit	1840	18	0	86	45	0	387	22	0	0	0	2398
Ssd	1699	2	0	7	1	0	14	0	0	0	0	1723
Staecker	1689	21	0	1	1	0	2	0	0	0	0	1714
Stan Shebs	2652	74	0	1	0	0	25	0	0	1	0	2753
Star Mississippi	2050	56	0	77	4	6	247	8	1	0	0	2449
Starblind	2274	13	0	79	1	1	224	6	1	0	0	2599
Staxringold	322	1	0	0	0	0	39	0	0	0	0	362
Steel	9468	74	0	969	333	26	1197	89	2	0	6	12164
Steinsky	34	0	0	7	2	0	32	1	0	0	0	76
Stemonitis	3606	125	0	9	12	2	37	2	0	0	0	3793
Stephan Schulz	4	0	0	7	1	3	77	3	1	0	1	97
Stephen	6792	83	0	80	2	0	1399	72	9	0	9	8446
Stephen Bain	1746	42	0	85	23	1	96	18	0	0	0	2011
StephenBuxton	391	13	0	29	3	3	244	9	0	0	0	692
Steve	170	2	0	1	1	0	0	1	0	0	0	175
Steve Smith	1290	80	0	99	5	15	296	30	9	0	3	1827
SteveSims	0	0	0	1	0	0	0	0	0	0	0	1
Steven Walling	636	3	0	70	1	8	61	3	0	0	0	782
Stevenfruitsmaak	95	10	0	10	0	0	11	0	0	0	0	126
Stevenj	33	1	0	23	0	0	39	1	0	0	0	97
Stevertigo	136	16	0	46	11	0	22	14	0	0	0	245
Stewartadcock	828	0	0	10	3	0	6	1	0	0	0	848
Stifle	18397	493	0	510	53	47	478	64	4	0	38	20084
Stormie	2414	63	0	46	6	3	373	11	0	0	2	2918
StuffOfInterest	173	5	0	29	2	0	104	2	0	0	0	315
Stuffdoing	0	0	0	1	0	0	0	0	0	0	0	1
Stwalkerster	2540	63	0	80	1	7	360	44	3	0	32	3130
Sub619	0	0	0	1	0	0	0	0	0	0	0	1
Sue Anne	499	9	0	0	0	0	1	0	0	0	0	509
Sugarfish	2	2	0	1	1	0	0	0	0	0	0	6
Sundar	39	13	0	0	0	1	6	3	0	0	0	62
Superm401	255	24	0	21	22	23	47	12	0	0	0	404
Sverdrup	501	4	0	1	2	0	2	2	0	0	0	512
Swatjester	946	30	0	181	16	30	375	49	0	0	5	1632
Syrthiss	3029	42	0	179	24	6	1785	84	37	0	2	5188
TFOWR	0	0	0	2	0	0	0	0	0	0	0	2
TKD	2746	150	0	75	17	19	315	30	3	0	3	3358
TPK	62	0	0	0	0	0	0	0	0	0	0	62
TSO1D	89	1	0	34	8	2	21	2	0	0	0	157
TShilo12	59	4	0	7	2	0	5	2	0	0	0	79
TUF-KAT	542	39	0	0	0	0	12	1	0	0	0	594
Ta bu shi da yu	1396	57	0	88	47	0	171	56	0	0	0	1815
Tabercil	365	15	0	50	6	1	176	4	1	0	0	618
Tadakuni	9	0	0	0	0	0	0	0	0	0	0	9
Talrias	255	8	0	23	14	0	82	17	0	0	0	399
Tango	341	2	0	4	2	0	75	4	0	0	0	428
Tangotango	1509	28	0	23	1	1	621	17	0	0	0	2200
Tanner-Christopher	9	0	0	12	0	4	1	1	0	0	0	27
Tannin	57	2	0	1	0	0	22	1	0	0	0	83
Tanthalas39	2150	23	0	971	38	143	2917	57	24	0	3	6326
Tariqabjotu	303	26	0	820	90	40	440	73	2	0	0	1794
Tassedethe	1675	77	0	2	2	0	0	0	0	0	0	1756
Taw	87	17	0	0	2	0	0	0	0	0	0	106
Tawker	4359	51	0	281	18	12	1753	349	0	0	9	6832
Taxman	246	18	1	15	10	0	175	12	0	33	337	847
Tbo 157	30	2	0	3	1	0	24	6	0	0	0	66
Tcncv	155	0	0	17	2	5	55	2	3	0	0	239
TeaDrinker	1724	19	0	18	1	2	248	4	1	0	1	2018
Tedder	1177	6	0	459	48	115	171	6	16	0	1	1999
TenOfAllTrades	402	14	0	64	5	9	566	41	7	0	3	1111
TerriersFan	1398	56	0	152	12	9	245	10	2	0	0	1884
Terrillja	0	0	0	1	0	0	0	0	0	0	0	1
TexasAndroid	18740	470	0	349	41	11	634	37	0	0	1	20283
Texture	450	10	0	1	1	0	34	1	0	0	0	497
Tfinc	0	0	0	0	0	0	0	0	0	0	2	2
ThaddeusB	1447	235	0	4	0	3	20	5	1	0	1	1716
Thatcher	2738	118	8	243	59	27	3018	330	24	0	31	6596
Thatcher131	0	1	0	0	0	0	0	0	0	0	0	1
Thatislifeandlove	0	0	0	2	0	0	0	0	0	0	0	2
The Anome	3167	81	0	330	33	23	4031	182	56	0	2	7905
The Cunctator	7	50	0	5	17	0	11	6	0	0	0	96
The Earwig	194	5	0	1	0	0	0	0	0	0	4	204
The Epopt	3283	41	0	27	2	0	44	12	0	0	0	3409
The JPS	7594	40	0	201	23	11	394	13	0	0	0	8276
The Land	454	6	0	12	5	0	96	13	0	0	0	586
The Placebo Effect	366	12	0	38	8	6	27	4	0	0	2	463
The Rambling Man	3127	8	0	73	3	4	725	6	0	237	24	4207
The Random Editor	88	0	0	21	0	0	39	1	0	0	0	149
The Singing Badger	25	0	0	0	0	0	2	0	0	0	0	27
The Tom	141	12	0	41	12	0	4	0	0	0	0	210
The Transhumanist	0	0	0	3	0	0	0	0	0	0	0	3
The ed17	38	1	0	18	1	10	3	0	2	0	2	75
The undertow	809	10	0	38	9	4	112	7	0	0	4	993
The wub	6376	26	0	26	5	0	171	8	0	0	2	6614
The-G-Unit-Boss	1409	5	0	102	3	12	24	0	0	0	0	1555
TheCoffee	29295	42	0	18	13	0	26	1	1	0	0	29396
TheCustomOfLife	43	0	0	6	1	0	3	0	0	0	0	53
TheDJ	157	10	0	3	0	1	0	0	0	0	0	171
TheParanoidOne	12440	29	0	0	0	0	0	0	0	0	0	12469
TheProject	2162	13	0	21	8	0	67	3	0	0	0	2274
Thedemonhog	26	0	0	0	0	1	0	0	0	0	2	29
Thehelpfulone	629	20	0	222	8	42	133	7	15	0	7	1083
TheoClarke	269	17	0	0	1	0	17	2	0	0	0	306
Therequiembellishere	0	0	0	1	0	0	0	0	0	0	0	1
Theresa knott	1748	51	0	238	58	15	1483	231	0	0	0	3824
Thespian	2	1	0	4	0	0	2	1	0	0	0	10
Thingg	3529	42	0	59	3	10	440	7	8	0	5	4103
Thogo	0	0	2	0	0	0	0	0	0	0	0	2
Thorpe	319	4	0	10	2	1	22	4	0	0	0	362
Thryduulf	785	51	0	74	41	1	56	18	1	0	0	1027
Thue	8061	32	0	27	8	0	370	37	1	0	0	8536
Thunderboltz	607	28	0	13	6	0	79	0	0	0	0	733
Thunderbrand	3589	9	0	3	2	0	39	2	0	0	0	3644
TigerShark	1142	55	0	40	11	3	1019	43	0	0	0	2313
Tijuana Brass	2988	48	0	33	4	0	99	10	0	0	0	3182
Tikiwont	6073	645	0	72	15	0	430	8	10	0	0	7253
Tillwe	45	0	0	0	0	0	3	0	0	0	0	48
Tim Ivorson	8	4	0	1	0	0	0	0	0	0	0	13
Tim Starling	42	11	1	7	3	0	15	23	0	5	0	107
Tim!	850	27	0	4	3	0	46	2	0	0	0	932
TimVickers	1280	41	0	193	14	77	845	28	7	0	5	2490
Timc	35	1	0	0	1	0	2	0	0	0	0	39
Timichal	1	17	0	0	0	0	0	0	0	0	0	18
Timrollpickering	345	2	0	22	3	7	6	0	0	0	0	385
Timwi	336	17	0	3	6	0	0	0	0	0	0	362
Tinselfairy1	0	0	0	2	0	0	0	0	0	0	0	2
Tinucherian	1	1	0	31	0	2	0	0	0	0	0	35
Tiptoety	5988	146	0	1139	1038	242	4226	216	318	0	213	13526
Titoxd	2934	419	0	106	42	3	1562	366	0	0	5	5437
Tivedshambo	1976	24	0	31	2	2	632	15	14	0	21	2717
Tizio	1866	51	0	20	31	0	21	1	0	0	0	1990
Tkinias	3	0	0	0	0	0	0	0	0	0	0	3
Tnxman307	5598	26	0	109	1	3	2142	9	32	0	4	7924
Toby Bartels	20	146	0	1	3	0	0	1	0	0	0	171
Toddst1	5568	82	0	621	40	49	5659	228	127	0	19	12393
Tom	1374	30	0	33	11	5	82	1	0	0	0	1536
Tom harrison	3130	160	0	361	113	28	1808	102	4	0	0	5706
Tom-	37	3	0	8	3	0	4	0	0	0	0	55
TomStar81	283	4	0	44	6	3	39	2	0	0	0	381
TomTheHand	97	54	0	0	2	0	61	8	0	0	0	222
Tompagenet	5	0	0	0	0	0	0	0	0	0	0	5
Tone	16461	164	0	45	3	5	132	0	0	0	0	16810
Tony Fox	1364	7	0	66	2	8	507	10	6	0	0	1970
Tony Sidaway	1039	403	0	359	596	0	357	124	0	0	0	2878
Tonywalton	3142	10	0	33	4	6	332	23	15	0	2	3567
Toon05	1064	63	0	50	9	4	148	6	16	0	5	1365
Topbanana	388	4	0	1	0	1	2	0	0	0	0	396
Tra	115	11	0	37	5	0	5	0	0	0	0	173
TravisTX	889	14	0	64	3	11	225	42	35	0	5	1288
Trebor	294	3	0	75	26	0	83	7	0	0	0	488
Tregoweth	4330	57	0	140	18	0	890	40	0	0	0	5475
Trevor MacInnis	2184	217	0	134	7	18	470	11	2	0	1	3044
Trevor Parscal	1	0	0	0	0	0	0	0	0	0	0	1
Trialsanderrors	660	290	0	52	60	0	20	2	0	0	0	1084
Triddle	5	0	0	3	2	0	4	0	0	0	0	14
Trilobite	514	1	0	3	3	0	63	6	0	0	0	590
Tristanb	5	7	0	0	0	0	0	0	0	0	0	12
Troy 07	0	0	0	1	0	0	0	0	0	0	0	1
Trusilver	754	11	0	54	1	4	1100	33	4	0	1	1962
Trödel	177	23	0	6	2	0	58	12	1	0	0	279
Turnstep	786	8	0	2	0	0	1	0	0	0	0	797
TwinsMetsFan	343	18	0	0	1	0	13	0	0	0	0	375
Typesships	0	0	0	1	0	0	0	0	0	0	0	1
Tyrenius	2523	58	0	57	11	7	254	31	0	0	6	2947
Tznkai	215	4	0	77	7	16	118	20	5	0	2	464
UberScienceNerd	165	2	0	0	0	0	69	0	0	0	0	236
Ugen64	1036	29	0	33	6	1	174	22	0	0	0	1301
UkPaolo	1439	57	0	15	5	0	131	3	0	0	0	1650
Ultraexactzz	2793	65	0	71	4	4	422	53	0	0	2	3414
Uncle G	1887	218	0	31	0	5	161	1	1	0	0	2304
UninvitedCompany	1546	40	0	57	27	0	119	33	0	8	42	1872
UpstateNYer	373	1	0	1	0	4	4	1	0	0	57	441
Urhixidur	386	21	0	2	0	0	8	0	0	0	0	417
Useight	1548	18	0	33	3	4	333	8	0	0	6	1953
User2004	117	2	0	16	6	0	124	27	0	0	0	292
Utcursch	6549	155	0	77	4	9	2200	18	1	0	0	9013
UtherSRG	5414	90	0	53	8	2	708	19	0	0	0	6294
Vague Rant	26	4	0	0	2	0	4	1	0	0	0	37
Valley2city	381	6	0	18	5	4	123	0	7	0	7	551
VampWillow	388	1	0	30	8	0	12	3	0	0	0	442
Vancouverguy	935	0	0	0	0	0	0	0	0	0	0	935
Vanished user	166	16	0	29	8	2	105	14	0	0	0	340
Vaoverland	43	2	0	0	0	0	17	0	0	0	0	62
Vary	647	55	0	33	4	3	201	9	1	0	0	953
Vassyana	588	14	30	27	4	2	117	30	0	0	0	812
VegaDark	11661	283	0	167	149	104	801	334	1	0	0	13500
Vegaswikian	9623	44	0	66	5	4	28	1	0	0	0	9771
Veinor	2203	18	0	34	4	1	357	24	2	0	0	2643
Verrai	748	5	0	14	6	0	69	2	1	0	0	845
Versageek	3154	26	0	104	1	15	604	13	17	0	10	3944
Viajero	52	4	0	10	9	0	15	4	0	0	0	94
Vianello	741	6	0	14	1	2	61	2	3	0	0	830
Vicky Lee	0	0	0	1	0	0	0	0	0	0	0	1
Victuallers	70	4	0	212	2	12	7	0	0	0	0	307
Violetriga	1640	119	0	79	33	0	131	43	0	0	0	2045
Viridae	974	95	0	85	34	26	526	84	11	0	18	1853
VirtualSteve	1811	40	0	396	22	37	1469	36	46	0	8	3865
Vishal	1	0	0	5	3	0	0	0	0	0	0	9
Visorstuff	6	1	0	4	1	0	0	0	0	0	0	12
Visviva	51	0	0	3	1	0	3	1	0	0	0	59
Voice of All	5632	83	1	488	2115	6	1046	107	0	0	6	9484
Vsmith	1242	3	0	131	11	23	4513	24	9	0	3	5959
Vulcan Hephaestus	0	0	0	4	0	0	0	0	0	0	0	4
WAvegetarian	270	20	0	8	3	0	69	6	0	0	0	376
WJBscribe	9254	210	0	394	496	40	2631	162	0	2558	288	16033
WODUP	2286	35	0	86	3	10	665	57	6	0	10	3158
Wafulz	5363	94	0	156	11	9	1297	44	0	0	0	6974
Waggers	871	2	0	46	1	2	1088	8	0	0	0	2018
Walter	0	0	0	0	0	0	1	0	0	0	0	1
Walton One	842	19	0	3	3	0	25	2	0	0	0	894
Waltpohl	29	0	0	2	0	0	0	0	0	0	0	31
Wangi	821	44	0	23	21	2	387	22	0	0	0	1320
Wapcaplet	2	0	0	0	0	0	0	0	0	0	0	2
Warofdreams	999	25	0	5	1	1	27	1	0	257	143	1459
Wassupwestcoast	224	22	0	14	5	2	14	2	0	0	0	283
Water Bottle	282	22	0	2	0	0	30	3	0	0	0	339
Wayward	1420	1	0	2	2	0	695	30	0	0	0	2150
Wee Jas	0	0	0	1	0	0	0	0	0	0	0	1
Wehwalt	343	6	0	22	13	12	54	9	8	0	4	471
Werdna	362	9	0	35	1	4	74	24	4	0	7	520
Werdna648	0	0	0	1	0	0	0	0	0	0	0	1
WereSpielChequers	2924	14	0	16	0	0	83	0	1	0	0	3038
Wernher	49	0	0	0	0	0	1	0	0	0	0	50
Wesley	0	1	0	0	0	0	2	0	0	0	0	3
Wgfinley	159	5	0	9	1	0	19	10	0	0	0	203
Where	412	4	0	0	0	0	81	11	0	0	0	508
WhisperToMe	395	164	0	52	10	2	29	4	0	0	0	656
Who	1298	5	0	15	9	0	456	98	0	0	0	1881
Whouk	511	6	0	1	1	0	13	0	0	0	0	532
Wickethewok	2732	44	0	18	0	0	62	2	0	0	0	2858
Wiglaf	48	3	0	4	1	0	26	6	0	0	0	88
Wiki alf	1888	18	0	59	27	0	1503	32	5	0	0	3532
WikiLeon	528	18	0	110	20	2	537	61	10	0	5	1291
Wikiacc	779	31	0	7	5	0	31	8	0	0	0	861
Wikibofh	246	7	0	42	48	0	784	37	0	0	0	1164
Wile E. Heresiarch	619	1	0	1	0	0	25	0	0	0	0	646
Wilfried Derksen	75	7	0	13	5	0	2	0	0	0	0	102
Will Beback	880	104	0	420	120	28	1559	107	19	0	2	3239
William M. Connolley	510	18	0	173	29	25	2029	223	27	0	0	3034
William Pietri	450	4	0	1	0	0	10	0	0	0	0	465
WilliamH	287	4	0	24	2	1	121	2	3	0	16	460
Willking1979	1526	5	0	35	1	9	773	12	20	0	3	2384
WilyD	1568	51	0	25	2	8	175	15	1	0	1	1846
Wimt	622	30	0	59	8	2	917	21	0	0	12	1671
Winhunter	7289	71	0	292	52	5	1376	252	1	0	3	9341
Wissel Wall	0	0	0	1	0	0	0	0	0	0	0	1
Wizardman	13021	104	46	513	14	23	313	12	4	0	6	14056
Wknight94	15613	367	0	754	191	91	8007	202	44	0	5	25274
Wneedham02	0	0	0	1	0	0	0	0	0	0	0	1
Woggly	167	7	0	12	0	0	75	14	0	0	0	275
Woody	4817	61	0	166	12	22	191	34	11	0	7	5321
Woohookitty	7702	155	0	503	474	5	1257	171	0	0	2	10269
Woooooooooop	0	0	0	1	0	0	0	0	0	0	0	1
Worldtraveller	215	0	0	4	4	0	19	2	0	0	0	244
Wouterstomp	18	0	0	0	0	0	0	0	0	0	0	18
Wpedzich	4	0	0	0	0	0	0	0	0	0	0	4
Wrp103	1	0	0	0	0	0	111	0	0	0	0	112
Wtmitchell	28	0	0	3	1	0	22	0	4	0	0	58
Wwoods	141	13	0	83	4	9	55	0	0	0	0	305
Wwwwolf	2622	26	0	39	5	0	5	1	0	0	0	2698
X!	1871	40	0	55	15	11	207	33	9	0	18	2259
XDanielx	65	4	0	0	0	0	0	0	0	0	0	69
XJamRastafire	7	0	0	5	3	0	0	0	0	0	0	15
Xaosflux	7808	308	0	612	287	251	852	83	31	0	12	10244
Xavexgoem	381	24	0	47	10	9	109	9	4	0	3	596
Xdamr	911	8	0	2	0	0	13	0	1	0	0	935
Xeno	8814	561	0	275	193	426	994	257	67	0	59	11646
Xezbeth	8055	87	0	56	10	0	388	6	2	0	0	8604
Xiner	210	4	0	10	1	0	72	4	0	0	0	301
Xnuala	62	0	0	0	0	0	3	1	0	0	0	66
Xoloz	7424	810	0	211	56	1	70	6	0	0	0	8578
Xy7	2053	45	0	149	42	9	2330	203	0	0	0	4831
Xymmax	794	57	0	146	14	38	81	4	4	0	4	1142
Y	2363	49	0	51	10	8	91	5	0	0	0	2577
Y0u	345	0	0	0	0	0	13	2	0	0	0	360
Yamamoto Ichiro	1123	19	0	218	21	17	1563	35	9	0	67	3072
Yamla	3561	27	0	1223	59	15	4159	980	0	0	0	10024
Yandman	304	3	0	16	1	2	134	8	0	0	0	468
Yanksox	2711	57	0	113	30	0	228	20	0	0	0	3159
Yann	2	0	0	0	0	0	0	0	0	0	0	2
Yannismarou	294	2	0	18	6	1	47	1	0	0	1	370
YellowMonkey	8818	222	1	632	95	66	1985	159	16	0	5	11999
Yelyos	43	0	0	1	1	0	8	1	0	0	0	54
Yet Another Redirect Cleanup Bot	1023	0	0	0	0	0	0	0	0	0	0	1023
Ynhockey	189	3	0	5	1	0	4	0	0	0	0	202
Yomangani	1125	9	0	36	8	0	31	2	0	0	0	1211
Yonatan	255	54	0	10	9	6	85	9	0	0	2	430
Youngamerican	1267	52	0	56	23	3	33	2	0	0	0	1436
Zanimum	1370	59	0	56	17	0	119	12	0	0	0	1633
Zedla	873	6	0	32	2	2	122	9	0	0	0	1046
Zemaiteska	0	0	0	1	0	0	0	0	0	0	0	1
Zero0000	105	3	0	11	3	0	28	2	0	0	0	152
ZimZalaBim	2604	19	0	58	8	0	139	2	0	0	0	2830
Zippy	13	8	0	5	2	4	35	6	0	0	0	73
Zocky	262	18	0	21	8	0	21	8	0	0	0	338
Zoe	5859	83	0	244	12	0	1240	99	0	0	0	7537
Zoicon5	33	0	0	0	0	0	0	0	0	0	0	33
Zoney	20	11	0	3	2	0	1	1	0	0	0	38
Zscout370	10508	254	0	307	61	25	593	92	0	0	3	11843
Zsinj	2377	11	0	38	2	0	441	39	0	0	0	2908
Zzuuzz	5071	188	0	993	1213	559	8211	718	200	0	16	17169
Zzyzx11	9230	301	0	1206	562	12	374	53	5	0	2	11745
^demon	28641	182	0	40	7	3	75	12	1	0	1	28962
Ævar Arnfjörð Bjarmason	213	3	0	1	0	0	7	2	0	0	0	226
Ø	0	0	0	2	0	0	0	0	0	0	0	2
èªç±åå¤	0	0	0	1	0	0	0	0	0	0	0	1
ï¾	0	0	0	2	0	0	0	0	0	0	0	2
Totals	6068153	120737	1085	186801	40198	17070	937457	77536	13286	14748	9328	7486399
